5.762757586431319190e+00 3.270370686402883198e+00 3.065572177221520533e+00 3.270370686402883198e+00 5.528349146510632695e-01 -1.076481310437731986e+00 3.065572177221520533e+00 -1.076481310437731986e+00 -1.010771706085179744e+00
-4.810537494446255558e+00 -2.087324135341080300e+00 -1.274653420336285148e+00 -2.087324135341080300e+00 -5.337263805110548986e+00 -8.891449917001584824e-01 -1.274653420336285148e+00 -8.891449917001584824e-01 -6.190250635398403922e+00
-1.391609604739754369e+00 -3.450610069628005094e-01 -2.481418892760323125e-01 -3.450610069628005094e-01 -7.655851720201138022e+00 5.077975831407360863e-01 -2.481418892760323125e-01 5.077975831407360863e-01 1.163583086297546254e+00
-9.614765698541187788e+00 2.586207192201642524e+00 2.076348429060750789e+00 2.586207192201642524e+00 -9.530967783295041684e+00 -1.331420073505470425e+00 2.076348429060750789e+00 -1.331420073505470425e+00 -2.552394467948299051e-01
-1.369973299792427390e+01 -7.758563089226316656e+00 1.424624593748269330e+00 -7.758563089226316656e+00 -5.467331355777303337e+00 -2.806189710416314931e+00 1.424624593748269330e+00 -2.806189710416314931e+00 -3.828714062292994491e+00
-1.091164254021781055e+01 -1.633798592335752031e-01 -1.023404452425162425e+00 -1.633798592335752031e-01 -5.326856054981762290e-01 -1.622943778700373318e+00 -1.023404452425162425e+00 -1.622943778700373318e+00 -1.414938574521351633e+00
-4.840199719889040963e+00 -1.241291384759962479e+00 -3.636222277127709734e+00 -1.241291384759962479e+00 -6.444203265719339768e+00 2.371181257791138641e+00 -3.636222277127709734e+00 2.371181257791138641e+00 -3.906883435184564490e+00
7.898555469251967942e+00 -7.090489673003971483e+00 -1.066639347887995637e+00 -7.090489673003971483e+00 8.108982389063967844e+00 4.284454873307982581e+00 -1.066639347887995637e+00 4.284454873307982581e+00 2.754532135175988827e+00
-1.299110933490243092e+00 4.606477953300319506e+00 8.069556052371238408e+00 4.606477953300319506e+00 -8.870835192352542364e+00 2.463820950189921977e+00 8.069556052371238408e+00 2.463820950189921977e+00 1.186635427616900174e+01
-4.222371819611762334e+00 -2.367252802580734006e+00 -3.186941643528714785e+00 -2.367252802580734006e+00 -8.669700196596245689e+00 7.378549594607262119e-01 -3.186941643528714785e+00 7.378549594607262119e-01 -5.159751871791083744e+00
4.058644703954455424e-01 -1.415895393393069135e+00 -1.871295623655089724e+00 -1.415895393393069135e+00 3.618733025477111287e+00 9.270418989739200866e-01 -1.871295623655089724e+00 9.270418989739200866e-01 9.167398997717436382e-01
-2.323575799697866984e+00 -1.152481969503127868e+00 -1.502395903614928141e+00 -1.152481969503127868e+00 6.999626757252146447e-01 -5.439571157556167158e+00 -1.502395903614928141e+00 -5.439571157556167158e+00 -7.210937516032415173e-01
-3.751435965395035321e+00 6.520771878859293880e-01 -2.597890003232065315e+00 6.520771878859293880e-01 9.122626842321988061e-01 3.477626282109104849e+00 -2.597890003232065315e+00 3.477626282109104849e+00 1.830859006235402209e+00
-6.994113862126043912e+00 -2.850121067797449115e+00 3.687553759947124199e+00 -2.850121067797449115e+00 -6.953910025255577665e+00 -2.304329917996746691e+00 3.687553759947124199e+00 -2.304329917996746691e+00 5.538257637505452635e-01
3.057971936241347333e+00 -3.966949533659921978e-01 -3.172494401959666810e+00 -3.966949533659921978e-01 -7.334983876050179319e+00 1.376891680849426036e+00 -3.172494401959666810e+00 1.376891680849426036e+00 4.194196089340412215e+00
2.215923709387759566e-01 -1.332429439692657924e+00 -2.664469658268023178e+00 -1.332429439692657924e+00 2.448715604088640418e+00 -2.091682654678550080e+00 -2.664469658268023178e+00 -2.091682654678550080e+00 -1.675433688186987347e+00
-6.282409019303332620e+00 1.337114380043049389e+00 -3.843154829442846587e+00 1.337114380043049389e+00 -3.989295786340285033e-01 2.029552916610471325e+00 -3.843154829442846587e+00 2.029552916610471325e+00 -2.272560243642879119e+00
-5.475462145364031308e+00 -2.629799089969920844e-01 -2.511934839559198718e+00 -2.629799089969920844e-01 -2.969120740771954647e+00 7.815970869838125834e-01 -2.511934839559198718e+00 7.815970869838125834e-01 -3.911387337134867970e+00
-9.364152533392298139e+00 -2.982222390697496284e+00 1.760864750735429363e+00 -2.982222390697496284e+00 -4.319966579588209399e+00 -1.792365084944207210e+00 1.760864750735429363e+00 -1.792365084944207210e+00 -6.512631848356518205e-01
-9.436764280518293191e+00 2.583200708144499091e-01 -1.216390397097666609e+00 2.583200708144499091e-01 -2.558315315109651156e+00 6.986297205598610560e-01 -1.216390397097666609e+00 6.986297205598610560e-01 -1.106906781635241671e-01
-9.588953728701740786e+00 -1.635023341607043879e+00 -1.364726989692411907e+00 -1.635023341607043879e+00 -1.000820414271972325e+00 -5.389751789703926654e+00 -1.364726989692411907e+00 -5.389751789703926654e+00 -8.671737653748831098e-01
-4.934368189202610999e+00 -1.609710567867995934e+00 1.934271732732040228e+00 -1.609710567867995934e+00 -7.948675700561790514e+00 -1.216773801971118063e+00 1.934271732732040228e+00 -1.216773801971118063e+00 -2.008788618072223642e-01
-4.023076202892100106e+00 6.474069398059677516e-01 -1.563380072669908749e-01 6.474069398059677516e-01 -4.283267222572442634e+00 -1.114187007019086240e+00 -1.563380072669908749e-01 -1.114187007019086240e+00 3.247587762497945008e+00
-1.424669853798226304e+00 -6.231572963455359743e-02 -1.139710575445660456e+00 -6.231572963455359743e-02 2.871340441708665203e+00 3.685764089482959083e+00 -1.139710575445660456e+00 3.685764089482959083e+00 4.178245629783543968e+00
-1.422343660533336340e+01 -7.533722409523151420e+00 3.942135213665304061e+00 -7.533722409523151420e+00 -4.833221809857135121e+00 -2.425068972611920337e+00 3.942135213665304061e+00 -2.425068972611920337e+00 -1.953667806101295201e-01
-3.191395395005567348e+00 2.175739230489825982e+00 6.266741208858775281e+00 2.175739230489825982e+00 -9.675074813664904738e+00 3.045755787551242211e+00 6.266741208858775281e+00 3.045755787551242211e+00 1.042065071510351792e+01
-2.251718246021257031e+00 -1.363555250780401407e+00 -2.727281877312754954e+00 -1.363555250780401407e+00 -7.011145227354409926e+00 2.368820929480013882e-01 -2.727281877312754954e+00 2.368820929480013882e-01 -3.787155215259328855e+00
-5.921886668528991926e+00 2.784527364772954261e+00 1.123772057589970563e+00 2.784527364772954261e+00 -7.404513704181308498e+00 -1.231262873016301995e+00 1.123772057589970563e+00 -1.231262873016301995e+00 -2.324790923902227302e+00
