-9.532156673457743423e+00 -7.693747717874825920e-01 -4.586869193271376766e+00 -7.693747717874825920e-01 -1.992129598574224891e+00 -1.010763559695484481e+00 -4.586869193271376766e+00 -1.010763559695484481e+00 5.570905542119732878e+00
-1.081902197086951567e+01 -9.356463372816682389e-01 2.061845806862375730e-01 -9.356463372816682389e-01 -1.098393112569123531e+01 -9.737826368929891618e-01 2.061845806862375730e-01 -9.737826368929891618e-01 7.718020347670266013e+00
1.563064421839711893e-01 -2.911913776580067614e-02 -2.532237233516549391e-01 -2.911913776580067614e-02 1.206411371814058997e+00 -5.769238567783493643e+00 -2.532237233516549391e-01 -5.769238567783493643e+00 6.120871675092023345e+00
-3.600820826555540588e+00 -8.311629375572854528e+00 -1.783190545986105491e+00 -8.311629375572854528e+00 6.243857864871866781e+00 3.809249473669985786e+00 -1.783190545986105491e+00 3.809249473669985786e+00 6.658997647970627654e+00
-1.486967814748707539e+01 -2.688067945617058641e+00 5.045433057202388660e+00 -2.688067945617058641e+00 -1.785617105660744741e+01 1.242887587802054217e+00 5.045433057202388660e+00 1.242887587802054217e+00 -1.281183120057996661e+01
-5.483637700358657163e+00 8.486018132143453574e-01 -8.863100921392630394e-01 8.486018132143453574e-01 -9.605850127222224089e+00 3.504010138663821827e+00 -8.863100921392630394e-01 3.504010138663821827e+00 1.098260188102512558e+01
9.945438792763873215e-01 -1.507959667329665576e+00 -1.125568943969590618e+00 -1.507959667329665576e+00 -1.363716588375579519e+00 -7.036331474415483678e-01 -1.125568943969590618e+00 -7.036331474415483678e-01 1.416243211740570196e+01
-5.208702408532346340e+00 2.340318006503302239e+00 -4.247144596284591955e+00 2.340318006503302239e+00 -4.954734800941039019e+00 -5.563379363450821735e+00 -4.247144596284591955e+00 -5.563379363450821735e+00 5.062932472283748098e+00
-1.700488868280648092e+01 -3.640454569915017036e-01 -1.019896614924702849e+00 -3.640454569915017036e-01 -7.103592266677330791e+00 5.526728412698836301e+00 -1.019896614924702849e+00 5.526728412698836301e+00 1.114299608593396052e+01
1.894085001872963359e+00 -7.966603844882825802e-01 3.328559761612370327e+00 -7.966603844882825802e-01 3.267795665214088263e+00 -2.197386710955258504e+00 3.328559761612370327e+00 -2.197386710955258504e+00 9.293162561854014569e+00
-6.857756668806083589e+00 6.720235024477538843e+00 3.289835983841945311e+00 6.720235024477538843e+00 -3.416490359070031957e+00 -1.408358946136166168e+01 3.289835983841945311e+00 -1.408358946136166168e+01 3.497932626191138983e+00
-1.190570063584145544e+01 -3.167891972563968928e+00 -1.004586531578442576e+00 -3.167891972563968928e+00 -7.365385203282896143e+00 -1.097954478570633796e+01 -1.004586531578442576e+00 -1.097954478570633796e+01 1.160383066606637747e+01
-5.912174208404680442e+00 3.761490505107289550e+00 2.015216255485961394e+00 3.761490505107289550e+00 -8.205156372407847343e+00 8.117254604148892438e-01 2.015216255485961394e+00 8.117254604148892438e-01 -1.693968558428521565e+00
-8.566532680026993418e+00 3.435598907505726718e+00 -1.981176559067202025e-01 3.435598907505726718e+00 -4.201360425360642026e+00 -4.297887013037653858e+00 -1.981176559067202025e-01 -4.297887013037653858e+00 -5.920154687793499626e+00
-3.048674584155211864e+00 3.493308842148861615e+00 5.936962642943798274e-01 3.493308842148861615e+00 9.471531673327149292e+00 3.196296544796494388e+00 5.936962642943798274e-01 3.196296544796494388e+00 7.469632039206967056e-01
-7.101668313247229136e+00 4.549947435005546326e-01 -2.318623527608877077e-01 4.549947435005546326e-01 5.385179894860625538e+00 1.551140331745867407e+00 -2.318623527608877077e-01 1.551140331745867407e+00 1.330758927091537913e+01
-1.097262132470582863e+01 1.988130602690352022e+00 -9.495948326752481350e-01 1.988130602690352022e+00 -1.101835593780331912e+01 2.183320594568674444e+00 -9.495948326752481350e-01 2.183320594568674444e+00 6.387066874288045426e-01
-2.479793993575620803e+00 -1.375527626761668509e+00 -3.013637553531428814e+00 -1.375527626761668509e+00 2.593704636947158360e+00 -1.655609013856876421e+00 -3.013637553531428814e+00 -1.655609013856876421e+00 1.684686635333192939e+01
2.392508435750468898e+00 -3.198927753949821540e+00 1.163614996961122472e+00 -3.198927753949821540e+00 -4.527640169321161423e+00 2.397523970534391591e+00 1.163614996961122472e+00 2.397523970534391591e+00 6.415448124461986090e+00
-1.362430298842498466e+01 3.539300670406279714e+00 5.788848162544232956e+00 3.539300670406279714e+00 -2.210383994561792242e+00 2.850181409530744503e+00 5.788848162544232956e+00 2.850181409530744503e+00 2.766064096320131949e+00
-4.485831479281247702e+00 1.402088494691575482e+00 -2.586624233459164035e+00 1.402088494691575482e+00 -1.630721455785811003e+01 7.243665427095891118e+00 -2.586624233459164035e+00 7.243665427095891118e+00 3.947146133186212769e+00
-2.744003408793687537e+00 -2.017611689791475094e+00 -2.526205552852194280e+00 -2.017611689791475094e+00 1.477165538456341798e+00 1.008714675555417273e+00 -2.526205552852194280e+00 1.008714675555417273e+00 5.245707201434792744e+00
-3.339569988394440969e+00 7.757034599618077841e+00 2.958670086617454231e+00 7.757034599618077841e+00 1.316461543126824729e+00 3.662748718351634403e-01 2.958670086617454231e+00 3.662748718351634403e-01 5.828190145098607999e+00
-1.524920987973186426e+00 -2.540753372879418936e+00 1.190493651829693578e+00 -2.540753372879418936e+00 -3.143043036838821802e+00 6.289368823396390695e-01 1.190493651829693578e+00 6.289368823396390695e-01 4.667210332274540185e+00
-1.093915820793619176e+01 1.470052088782354049e+00 8.312241606939840821e-01 1.470052088782354049e+00 -1.258321103572322919e+01 2.202444884167416461e+00 8.312241606939840821e-01 2.202444884167416461e+00 1.062272133390000839e+01
-6.846149806812228178e+00 3.110443863197863923e+00 4.810285441256979766e+00 3.110443863197863923e+00 -2.879081696687821434e+00 3.658168717763093269e+00 4.810285441256979766e+00 3.658168717763093269e+00 7.498580309788548171e+00
2.237347058494990826e+00 3.678563193442881296e+00 4.183264119564171324e+00 3.678563193442881296e+00 1.615718575877152574e+01 -1.918696509471369938e+00 4.183264119564171324e+00 -1.918696509471369938e+00 1.118402754439894053e+01
1.379741574584499642e+00 5.309672075524224377e-01 -2.307306130519347409e+00 5.309672075524224377e-01 8.850612341946874073e-01 4.003023137984274005e-01 -2.307306130519347409e+00 4.003023137984274005e-01 8.572304057462471150e+00
-6.623557323484816628e+00 2.039659303941365298e+00 3.071922791033769862e-01 2.039659303941365298e+00 -4.130857550385877985e+00 -9.315053474446407522e-01 3.071922791033769862e-01 -9.315053474446407522e-01 7.708455832762274973e+00
-1.149495204847636920e+01 3.513363076979902022e+00 2.473535663059061029e+00 3.513363076979902022e+00 -2.567452656727227112e+00 -1.813572082414048214e+00 2.473535663059061029e+00 -1.813572082414048214e+00 -1.274906399449621697e+00
-3.710877156845581837e+00 -2.571439213533357915e+00 -2.352549401328710044e+00 -2.571439213533357915e+00 -5.960160774605570033e+00 5.509463933901220800e-02 -2.352549401328710044e+00 5.509463933901220800e-02 1.084446243229033513e+01
2.631428661563492977e+00 5.786602431991041406e+00 6.504828744967142029e+00 5.786602431991041406e+00 2.948324771128861599e+00 3.023375436091091939e-01 6.504828744967142029e+00 3.023375436091091939e-01 7.146484266324542034e+00
-1.464897049223389125e+01 -3.068291758452002860e+00 2.058150931484966861e+00 -3.068291758452002860e+00 -5.897188758359674488e+00 2.403804369415111442e+00 2.058150931484966861e+00 2.403804369415111442e+00 -2.010928712621225856e+00
-2.085694581054228891e+01 -1.398162721100772776e+00 2.536356311102783145e+00 -1.398162721100772776e+00 -1.122575091123667868e+01 6.704996280232115025e-01 2.536356311102783145e+00 6.704996280232115025e-01 -4.103396309204229375e+00
-7.167771728703340450e+00 5.559159085414212553e-01 3.187841100837011110e-01 5.559159085414212553e-01 1.564423985544998397e+00 2.890355793662774175e+00 3.187841100837011110e-01 2.890355793662774175e+00 3.016190848341713249e+00
-1.626138786291171456e+01 -2.672114720951279221e+00 4.318392218855409581e+00 -2.672114720951279221e+00 -1.654340734419060510e+01 1.448411022617865251e+00 4.318392218855409581e+00 1.448411022617865251e+00 1.184303528367172298e+01
-9.038416183154664552e+00 3.108561510595464927e+00 1.839259831527919387e+00 3.108561510595464927e+00 -9.133084510868400230e+00 -3.639850932987361287e-01 1.839259831527919387e+00 -3.639850932987361287e-01 -1.322360560352701597e+01
2.550984024538663353e-01 -2.426339040571130756e-01 -5.829022131889514569e+00 -2.426339040571130756e-01 5.051039651748308934e+00 -8.979437685472736741e-02 -5.829022131889514569e+00 -8.979437685472736741e-02 2.150924701105293835e+01
-1.806868497643339211e+01 -4.166698911896556723e+00 -8.599632426886909542e-01 -4.166698911896556723e+00 -9.343229182106730590e+00 7.287265024066501340e+00 -8.599632426886909542e-01 7.287265024066501340e+00 -1.200254708883546767e-01
5.354838581966727240e+00 -5.239963270086380298e+00 -9.926461270636082190e-01 -5.239963270086380298e+00 5.073674198168902194e+00 8.046633700820428337e-02 -9.926461270636082190e-01 8.046633700820428337e-02 4.911422942033844663e+00
3.129297970710141819e+00 -4.211275498180978794e+00 -4.372673099300802946e+00 -4.211275498180978794e+00 -9.580820765502321423e-01 2.009126516724172973e+00 -4.372673099300802946e+00 2.009126516724172973e+00 1.958290518640684752e+01
-7.955792815144279828e+00 6.837345142159781952e-01 1.496897611972557662e+00 6.837345142159781952e-01 -1.015213252450380388e+01 3.932993401651438958e+00 1.496897611972557662e+00 3.932993401651438958e+00 -1.255976686287513022e+00
-5.866342740386035537e+00 2.750585946747525323e+00 -7.250794400339261037e-01 2.750585946747525323e+00 -3.184266607322321363e+00 1.419685109486479579e-01 -7.250794400339261037e-01 1.419685109486479579e-01 -4.281038541308011425e+00
-5.921404625967076063e-01 -2.113733565237624124e+00 -1.614440824718007761e+00 -2.113733565237624124e+00 -6.958530252611519806e+00 2.427081464629772256e+00 -1.614440824718007761e+00 2.427081464629772256e+00 1.102782982262845657e+01
-8.681098489047512246e+00 -6.509706161321136442e+00 -1.972903446086018142e-01 -6.509706161321136442e+00 2.327703855030638813e+00 -6.730181229255644659e+00 -1.972903446086018142e-01 -6.730181229255644659e+00 -3.479029676916404856e+00
-6.816884125460608956e+00 2.573915784578459043e+00 3.468974189308605682e-01 2.573915784578459043e+00 -1.505143986179212634e+00 2.802142616194596147e+00 3.468974189308605682e-01 2.802142616194596147e+00 5.595481605614971876e+00
1.246955295190888791e+01 3.596188595391634379e+00 4.589737570982719284e+00 3.596188595391634379e+00 6.233425079394228518e+00 2.665237643182355676e+00 4.589737570982719284e+00 2.665237643182355676e+00 2.840123929721771745e+00
1.024221138584789692e+00 -2.650015165207320056e+00 -8.348667291026898862e-01 -2.650015165207320056e+00 6.826738601614039670e-01 -2.422692879870785188e+00 -8.348667291026898862e-01 -2.422692879870785188e+00 1.215763170830801698e+01
-1.439071752966057893e+01 1.583489889996336553e+00 -2.912554694437105685e+00 1.583489889996336553e+00 -2.248735247966709760e+00 -6.563142978137054939e+00 -2.912554694437105685e+00 -6.563142978137054939e+00 -2.144376729293885564e+00
-1.130446372274066213e+01 3.781009857266321994e+00 -1.695409638144508513e+00 3.781009857266321994e+00 2.555685407568878187e+00 -6.606282842114533649e-01 -1.695409638144508513e+00 -6.606282842114533649e-01 6.970940923975936343e+00
-1.515531315803296053e+01 -2.471198641067112067e+00 -1.268372880161808602e+00 -2.471198641067112067e+00 -9.727202293610647033e+00 3.893667863893498282e+00 -1.268372880161808602e+00 3.893667863893498282e+00 -4.316534334359430680e+00
-7.785166676549880371e+00 -5.182114170395069053e+00 -1.110277469642900083e+00 -5.182114170395069053e+00 -5.247232169877422692e-01 -3.359773742031968435e+00 -1.110277469642900083e+00 -3.359773742031968435e+00 5.391477251133742765e-01
-1.710480105624840874e+01 3.180525434138273266e-01 1.172251643498589901e+00 3.180525434138273266e-01 -5.975768901948696588e+00 -3.887808385260723032e+00 1.172251643498589901e+00 -3.887808385260723032e+00 -8.408914992164856272e+00
-1.090643308141453005e+01 4.409553626470720467e+00 -1.227806329547241448e+00 4.409553626470720467e+00 -3.199919817040604908e+00 3.858679656964997928e+00 -1.227806329547241448e+00 3.858679656964997928e+00 3.268180495372525196e-01
-6.560776779176539009e+00 -1.588062788775655765e+00 8.495916120656591630e+00 -1.588062788775655765e+00 -1.077675647819542060e-01 -1.439166678289542256e+00 8.495916120656591630e+00 -1.439166678289542256e+00 9.864471917804099377e+00
2.690786814155652795e+00 -8.369597156074205513e-01 1.458902246833511551e+00 -8.369597156074205513e-01 -3.056916345771053756e+00 -2.990722905640560647e+00 1.458902246833511551e+00 -2.990722905640560647e+00 1.772799990158709349e+01
-1.686447131224489482e+01 2.762682516296453450e+00 -3.745425432990746373e+00 2.762682516296453450e+00 -1.190946583133079351e+01 2.490251824540139935e+00 -3.745425432990746373e+00 2.490251824540139935e+00 -9.654179748676719797e+00
-2.437546343758587142e+00 1.607528619146944671e+00 -1.561675500112256865e+00 1.607528619146944671e+00 -1.082477393775441721e+00 -1.912182069535680373e+00 -1.561675500112256865e+00 -1.912182069535680373e+00 1.854637998850390712e+00
-1.299353946160346140e+01 2.370393109103881901e+00 7.736866342291878196e-01 2.370393109103881901e+00 3.029205524397188487e+00 -3.737890819708514112e+00 7.736866342291878196e-01 -3.737890819708514112e+00 -5.334004826824819467e+00
-1.371820433189949950e+00 -3.853538090519114334e+00 -1.517490987283005577e+00 -3.853538090519114334e+00 3.954349979580445762e+00 -2.117217261813606921e+00 -1.517490987283005577e+00 -2.117217261813606921e+00 8.230006432132826788e+00
-7.715670429627782823e-02 1.547697883591879486e-01 -8.630369576900623896e-01 1.547697883591879486e-01 -6.754694374018422209e+00 -8.546795032136078607e-01 -8.630369576900623896e-01 -8.546795032136078607e-01 9.892014327514443650e+00
-8.025873920973845443e+00 3.672653216983984947e+00 7.854179956597234780e-01 3.672653216983984947e+00 2.923326548500885913e+00 -1.084862486736555942e+00 7.854179956597234780e-01 -1.084862486736555942e+00 2.039597527781244324e+01
1.624933793919520530e+00 -2.672571606214424467e-01 -3.538232433296674806e+00 -2.672571606214424467e-01 -6.348118851797769358e-01 -8.360160426843699089e-01 -3.538232433296674806e+00 -8.360160426843699089e-01 1.273668475039250403e+01
-3.750524627386354837e+00 1.122887078865805410e+00 -1.017532779047304742e-01 1.122887078865805410e+00 -5.254855839306321386e+00 4.910765847443804510e+00 -1.017532779047304742e-01 4.910765847443804510e+00 4.169391820711849661e+00
-1.378188395125891752e+01 2.452216103446322126e+00 -7.670550904573606665e+00 2.452216103446322126e+00 -5.691653677623024876e+00 -9.102143933095067085e-01 -7.670550904573606665e+00 -9.102143933095067085e-01 -4.443888332000582309e-01
-1.521954924520865404e+01 4.896211486448998063e-01 -1.574583742661171737e+00 4.896211486448998063e-01 -8.945748394856623875e+00 3.411351674841101911e+00 -1.574583742661171737e+00 3.411351674841101911e+00 1.513102370010405595e+00
-4.123341525053807466e+00 6.158823000789346302e-01 -1.489637310588528329e+00 6.158823000789346302e-01 -8.163261869177969032e+00 -3.435620758648392670e+00 -1.489637310588528329e+00 -3.435620758648392670e+00 6.956107624394232580e+00
3.312008541913280091e+00 6.547251330642239742e-01 -5.339770133244374772e-01 6.547251330642239742e-01 -2.288553067267390106e-01 2.471877451096105460e+00 -5.339770133244374772e-01 2.471877451096105460e+00 7.318269678605703987e+00
-8.983531821036558895e+00 -5.419234084483076863e+00 3.154173149276602750e+00 -5.419234084483076863e+00 -1.020711577189642583e+01 3.339151370342491543e+00 3.154173149276602750e+00 3.339151370342491543e+00 5.317069199130869173e+00
-2.766122642122278652e+00 1.231947764235161058e+00 -2.268337156714598901e+00 1.231947764235161058e+00 1.466207431905423464e+00 -9.052284115199118020e+00 -2.268337156714598901e+00 -9.052284115199118020e+00 1.124271460252522559e+01
-3.785032740882908975e+00 4.094765479670445796e-01 -3.057794293269745278e+00 4.094765479670445796e-01 -2.080117420867160227e+00 4.587916859279185799e-01 -3.057794293269745278e+00 4.587916859279185799e-01 7.324139797021002707e+00
2.434938118869510171e-01 -1.536416733971010862e+00 -1.242490977440215527e+00 -1.536416733971010862e+00 -1.047261246261780743e+00 -6.039192104646093906e-01 -1.242490977440215527e+00 -6.039192104646093906e-01 7.363745880313391723e+00
-2.174571980734526289e+00 -2.802623734023896862e+00 3.099930634114805295e-01 -2.802623734023896862e+00 1.206052204664956884e+00 -2.591893669267189892e+00 3.099930634114805295e-01 -2.591893669267189892e+00 8.863370550332531295e+00
-9.621397092992927114e+00 -3.387541808708867119e-01 7.231239867466568327e+00 -3.387541808708867119e-01 -6.509060624730831357e+00 8.610368714213900709e-01 7.231239867466568327e+00 8.610368714213900709e-01 1.096264029483666747e+01
-1.575070302109914611e+00 -1.058578850391793669e+00 1.336793464333843939e+00 -1.058578850391793669e+00 -6.375162429658339569e+00 -2.268596168752205766e-01 1.336793464333843939e+00 -2.268596168752205766e-01 7.414107034648719008e+00
-8.434815894639276834e+00 2.804188915157843631e+00 -4.272789571666200992e+00 2.804188915157843631e+00 4.821123441428475154e+00 -2.414783570650811839e+00 -4.272789571666200992e+00 -2.414783570650811839e+00 9.246400201589546342e+00
-4.736445491169300581e+00 2.480053658668638139e+00 -3.687643982453204572e+00 2.480053658668638139e+00 2.620892734900857612e-01 -1.950132349584907221e+00 -3.687643982453204572e+00 -1.950132349584907221e+00 4.337753510677158530e+00
-5.835316621225869582e+00 -5.035050262408816479e+00 -6.113664420719125303e+00 -5.035050262408816479e+00 2.123711314626842428e-01 -7.905509205470693246e+00 -6.113664420719125303e+00 -7.905509205470693246e+00 -1.513853082860403543e-01
-2.136967073100417114e+00 1.959158979764635600e+00 -6.914948662847840488e+00 1.959158979764635600e+00 4.699051485959286900e+00 3.806858268828375302e-01 -6.914948662847840488e+00 3.806858268828375302e-01 1.004077767325803094e+01
-6.615317003417770181e+00 -2.633617603212920599e+00 -4.086977593259336849e+00 -2.633617603212920599e+00 3.404297231825500702e+00 2.542670686162372018e+00 -4.086977593259336849e+00 2.542670686162372018e+00 -5.071510092157049066e+00
1.822023048526010935e+00 -2.171297646498417500e+00 6.732731000964927714e-01 -2.171297646498417500e+00 -2.860195478494310106e-01 3.881527979647424687e+00 6.732731000964927714e-01 3.881527979647424687e+00 9.532593302809326374e+00
-1.410774129639082908e+01 -2.543422490484875453e+00 7.221491470991682482e-02 -2.543422490484875453e+00 1.251427907034496689e+00 -3.095504352823529537e+00 7.221491470991682482e-02 -3.095504352823529537e+00 -6.187343594090135568e+00
-5.169489696283262603e+00 -1.810055555399978866e+00 -1.495310695966552528e+00 -1.810055555399978866e+00 1.644533872490894888e+00 1.705721789304881941e+00 -1.495310695966552528e+00 1.705721789304881941e+00 5.857683194676124749e+00
-9.753655373318867561e+00 1.213050344370728784e+00 -2.828336423450888759e+00 1.213050344370728784e+00 -7.064296310037421200e+00 -4.390771024723572502e+00 -2.828336423450888759e+00 -4.390771024723572502e+00 -1.840112486268915992e+00
-1.396303397402277291e+01 -2.151151683165121398e+00 1.816350336255717179e+00 -2.151151683165121398e+00 3.569024070465007803e+00 -2.765278055688621173e+00 1.816350336255717179e+00 -2.765278055688621173e+00 9.985423805063346592e+00
2.053408020773090037e+00 -7.221839938907487211e-01 6.645887392641982139e+00 -7.221839938907487211e-01 3.502889676655041473e+00 -2.350757550233736115e+00 6.645887392641982139e+00 -2.350757550233736115e+00 8.624260712672574769e+00
-1.211871458550333713e+01 4.124280663668349334e+00 1.771815466980348974e+00 4.124280663668349334e+00 2.232794717925419281e+00 3.021223379894006467e+00 1.771815466980348974e+00 3.021223379894006467e+00 -3.679443285097678373e+00
-3.400743815980298734e+00 5.564567874481447518e-01 1.393683175018663345e+00 5.564567874481447518e-01 2.571571909589172034e-01 -1.615480372910556905e+00 1.393683175018663345e+00 -1.615480372910556905e+00 7.325474425775081455e-01
-4.956254803733048497e+00 -5.021571906898382176e-01 -4.626700895591435714e-01 -5.021571906898382176e-01 -6.601080896599403225e+00 7.542198455038702676e+00 -4.626700895591435714e-01 7.542198455038702676e+00 9.446434597310402026e+00
-4.892472418491390584e+00 3.956403859972819625e-01 -2.666838786507081505e+00 3.956403859972819625e-01 -4.488104212941867566e+00 2.542853907974885974e+00 -2.666838786507081505e+00 2.542853907974885974e+00 1.429045371539125320e+01
-5.069318878340988377e+00 3.463541380415210202e+00 -4.230235597159094141e+00 3.463541380415210202e+00 -8.910717393237947093e+00 -4.291861123575874792e+00 -4.230235597159094141e+00 -4.291861123575874792e+00 1.380407805240332308e+01
-2.757130037507639297e+00 1.583320035123873648e+00 -2.071998353430518858e+00 1.583320035123873648e+00 -4.907822785858365400e+00 3.786608935691456068e+00 -2.071998353430518858e+00 3.786608935691456068e+00 8.380967332816657844e+00
-1.140288153230040358e+01 -3.070082600521146343e+00 5.055815881173687520e-01 -3.070082600521146343e+00 -6.548041340026783397e-01 2.434699172751257468e+00 5.055815881173687520e-01 2.434699172751257468e+00 -1.131505461924582789e+00
3.172629232824745849e+00 6.944451250954032373e-01 1.358840305967829454e-01 6.944451250954032373e-01 -5.899573028156572807e-01 3.693727620310871540e+00 1.358840305967829454e-01 3.693727620310871540e+00 5.273754130769505721e+00
-8.613057475521626927e+00 -2.100110334107850196e+00 1.159235438787745487e+00 -2.100110334107850196e+00 -1.007908801433888968e+01 6.305990033387502081e+00 1.159235438787745487e+00 6.305990033387502081e+00 2.796091879754222909e+00
-9.802383343300760998e+00 5.763082356736621392e+00 2.975641506590689822e+00 5.763082356736621392e+00 -6.458869391169954177e+00 2.281551196431110373e+00 2.975641506590689822e+00 2.281551196431110373e+00 -4.851896175750256113e+00
-1.197932106886203307e+01 3.667711671944345220e+00 2.560369451262554108e+00 3.667711671944345220e+00 -1.171750240442261948e+00 1.639153969747220829e+00 2.560369451262554108e+00 1.639153969747220829e+00 -3.095810001759840002e+00
-2.757395115507111694e+00 4.771872247628411223e+00 3.333609323999587315e-01 4.771872247628411223e+00 -8.012695490544853527e+00 3.052267568000383680e+00 3.333609323999587315e-01 3.052267568000383680e+00 2.536772505704377068e+00
-5.253537654850863881e+00 4.218964510083333508e+00 2.184332657503271324e+00 4.218964510083333508e+00 -2.542022741281288578e+00 5.871418654857400998e-01 2.184332657503271324e+00 5.871418654857400998e-01 6.134287047287235728e-01
-6.386044612162935508e+00 -3.206231355534606475e+00 -4.003972086583314827e+00 -3.206231355534606475e+00 -5.587074053057983214e+00 -5.440672304683420890e+00 -4.003972086583314827e+00 -5.440672304683420890e+00 -5.358685701292460468e-01
