-2.035657540348853711e+00 2.138631448591343354e+00 -1.384915896268330116e+00 2.138631448591343354e+00 8.792021188151206701e-01 -5.221877545588266223e+00 -1.384915896268330116e+00 -5.221877545588266223e+00 -1.750648850781383326e+00
-6.473747727088752235e-01 -4.097939941048904244e-01 -2.567768813598459765e+00 -4.097939941048904244e-01 -1.241545712465391471e+00 -2.593102874436693295e+00 -2.567768813598459765e+00 -2.593102874436693295e+00 -5.709499716481930554e-01
-4.538430729954152087e-01 -2.120091182937037022e+00 -2.698066624095418753e+00 -2.120091182937037022e+00 -2.621000582257562606e+00 2.826674307529629004e+00 -2.698066624095418753e+00 2.826674307529629004e+00 4.993100504171963827e+00
4.062160275473755355e+00 -4.948473644715829511e-01 -1.352993445632769021e+00 -4.948473644715829511e-01 7.057462277551174168e-01 -1.874058625352273522e+00 -1.352993445632769021e+00 -1.874058625352273522e+00 5.022420188372392680e+00
-3.468893555114802574e-01 -4.027291351607360959e+00 -2.560251416753737352e+00 -4.027291351607360959e+00 -3.217269578337891844e-01 -3.869688161851930763e-01 -2.560251416753737352e+00 -3.869688161851930763e-01 -8.813017051854661332e+00
-1.328194149543040758e+01 3.491959446644226500e-02 1.763992674163860741e+00 3.491959446644226500e-02 -1.068621854543119376e+01 -3.900541395382976617e+00 1.763992674163860741e+00 -3.900541395382976617e+00 -2.146746604412199666e+00
9.360687765556358286e+00 2.424061012077736166e+00 1.031012170640858594e+00 2.424061012077736166e+00 -2.646411972149745329e-01 2.975002456095330761e+00 1.031012170640858594e+00 2.975002456095330761e+00 4.754401711941809161e+00
-6.034676041984131656e-01 -8.421346190588887559e-01 -5.297320400885983105e-01 -8.421346190588887559e-01 4.955450864711053782e+00 -6.310854203638944782e+00 -5.297320400885983105e-01 -6.310854203638944782e+00 7.337587635284326559e+00
-4.166516325270611887e+00 -2.392610682431276725e+00 2.193032852739949412e+00 -2.392610682431276725e+00 6.105331388909907453e+00 1.064627341398169280e+00 2.193032852739949412e+00 1.064627341398169280e+00 -1.840110343263801518e+00
-1.029253299112918540e+01 1.058889978869624660e+00 -7.422868386509912098e-01 1.058889978869624660e+00 -1.284193857120903282e+00 -1.152724343103219917e+00 -7.422868386509912098e-01 -1.152724343103219917e+00 6.454103516979067479e+00
8.229900673052261695e+00 1.454137446375339815e+00 2.616979811672526801e-01 1.454137446375339815e+00 1.416554755202377169e+00 5.884058352071765974e-01 2.616979811672526801e-01 5.884058352071765974e-01 -9.082459346392887101e-01
-1.438508700965257736e+00 -1.829498916938819386e+00 -2.101812768578322554e+00 -1.829498916938819386e+00 -1.362826193809105746e+00 -1.297365653083634829e+00 -2.101812768578322554e+00 -1.297365653083634829e+00 4.292992826733025957e+00
3.048139593653003132e+00 3.228791094460741196e+00 2.183828968963090311e+00 3.228791094460741196e+00 -7.923135263558116037e+00 9.686991870368579782e-01 2.183828968963090311e+00 9.686991870368579782e-01 -4.999990409135226521e+00
-2.880976394877015068e+00 -2.869773896016060366e+00 9.941250645291488386e-01 -2.869773896016060366e+00 -4.591050872163218721e-01 6.807314089383669220e-01 9.941250645291488386e-01 6.807314089383669220e-01 -5.928221872566269646e+00
-3.680450748522424043e+00 -2.489571222393797967e-01 -4.208767590878342846e-01 -2.489571222393797967e-01 -8.457519016496712894e+00 1.362070492859678073e+00 -4.208767590878342846e-01 1.362070492859678073e+00 -3.210140698597607312e+00
-3.509007716995638848e+00 1.042447897604757978e+00 5.215621392497642450e-01 1.042447897604757978e+00 -6.413234288224194835e+00 -2.054233194646578831e+00 5.215621392497642450e-01 -2.054233194646578831e+00 -3.872280622562049857e+00
-6.955017177725492772e+00 5.366256984126913654e-01 6.401805315619337300e+00 5.366256984126913654e-01 -2.844252362604623219e+00 -4.719619553794442091e+00 6.401805315619337300e+00 -4.719619553794442091e+00 6.487204550190822872e+00
5.555486024538190293e+00 -5.361707174530370601e+00 2.691000391377637690e+00 -5.361707174530370601e+00 1.506121003145757253e+00 4.587802892311644065e+00 2.691000391377637690e+00 4.587802892311644065e+00 -1.354548870418795303e+01
-5.761495351760131278e+00 1.025852069949382939e+00 5.839083370156405994e-01 1.025852069949382939e+00 -1.025589931966201362e+01 1.173421280604211470e+00 5.839083370156405994e-01 1.173421280604211470e+00 -1.434932062476287351e+00
-2.965057806419542974e+00 -5.214834078368879133e+00 3.648909402572621197e+00 -5.214834078368879133e+00 -6.552938658445108810e-01 -6.626622141825530221e+00 3.648909402572621197e+00 -6.626622141825530221e+00 2.132970537541179823e+00
-9.490499013143638862e+00 -2.257603788298064629e+00 -6.463781384520964624e-01 -2.257603788298064629e+00 1.746806791772176126e+00 -3.007484866264261925e+00 -6.463781384520964624e-01 -3.007484866264261925e+00 -2.540132674035103566e+00
9.809749714160600931e+00 -5.736935194903210800e+00 2.918977198467588519e+00 -5.736935194903210800e+00 2.043090893114155548e+01 -2.745414005714680972e+00 2.918977198467588519e+00 -2.745414005714680972e+00 6.096076038337597147e+00
5.183112815974976861e+00 -3.907568645849465172e-01 -2.704017157630617785e+00 -3.907568645849465172e-01 -3.623447983146677931e+00 1.536585636303023916e+00 -2.704017157630617785e+00 1.536585636303023916e+00 -7.091628852602201327e+00
2.872813793871987986e+00 9.009612190017975974e-01 6.709104994388651377e+00 9.009612190017975974e-01 -2.520036124348290496e+00 5.462547075727303136e-01 6.709104994388651377e+00 5.462547075727303136e-01 4.215997507030914804e+00
-1.687968203605131112e+00 -4.119734259079780969e+00 2.081374706117449680e+00 -4.119734259079780969e+00 -6.141385157274205753e+00 -1.077883375661811582e+00 2.081374706117449680e+00 -1.077883375661811582e+00 -4.967759788647226338e-01
1.063925384771102678e+01 1.780606524612407426e+00 3.401125771329142289e+00 1.780606524612407426e+00 1.738916720025664109e+00 2.990153100138130959e+00 3.401125771329142289e+00 2.990153100138130959e+00 -2.765043872543926806e+00
-9.012135559109015759e+00 -2.172846314799266043e+00 1.350645216239193092e+00 -2.172846314799266043e+00 -3.279796654159331304e+00 -2.620101166902183198e+00 1.350645216239193092e+00 -2.620101166902183198e+00 -6.383617201060639346e+00
-1.266951875225296620e+00 7.795176073261939065e-02 1.099161496126067394e+00 7.795176073261939065e-02 5.250196929628384801e+00 -7.983786729447026054e-02 1.099161496126067394e+00 -7.983786729447026054e-02 -8.677537661642853450e+00
-3.684754155103954432e+00 3.692280205257353565e+00 2.271625735991796013e-01 3.692280205257353565e+00 -7.317275970380405781e+00 1.330698772895966053e+00 2.271625735991796013e-01 1.330698772895966053e+00 2.884952270606235381e+00
-2.334501789907582059e-01 5.594130166833836126e-01 -8.760187231525643492e-01 5.594130166833836126e-01 5.567919954374004554e+00 -1.191369412933928951e+00 -8.760187231525643492e-01 -1.191369412933928951e+00 6.828315285137814827e-01
-5.306687493304395709e+00 -2.417372888301521971e+00 -1.009804520870158484e+00 -2.417372888301521971e+00 -8.817187381382751710e+00 2.942601927155017449e+00 -1.009804520870158484e+00 2.942601927155017449e+00 4.365831546881679515e+00
2.757038992137657463e+00 -2.265613551676134652e+00 -4.408128363704950203e+00 -2.265613551676134652e+00 -4.098506361308550394e-01 1.324497044112974864e+00 -4.408128363704950203e+00 1.324497044112974864e+00 -9.803474197730045248e+00
-9.573534042142725631e-02 2.516478486592934161e+00 5.204932939292198135e+00 2.516478486592934161e+00 -3.413562744728516063e-01 3.413796587768138657e-01 5.204932939292198135e+00 3.413796587768138657e-01 -4.846365817103134965e+00
2.287591606108330566e+00 -4.604096266231812784e+00 -5.102741589238279474e+00 -4.604096266231812784e+00 8.867135936890317538e+00 2.122243330813269768e+00 -5.102741589238279474e+00 2.122243330813269768e+00 3.199764905484785427e+00
1.619174685912317946e-01 2.603862953498541799e+00 5.636180984602003896e+00 2.603862953498541799e+00 6.095320193954449906e-01 -4.527792783622836548e-01 5.636180984602003896e+00 -4.527792783622836548e-01 -9.711658083921065554e+00
4.730323643389250599e+00 7.959160286229229886e-01 3.010142970321396216e+00 7.959160286229229886e-01 1.345655634351465579e+01 -1.347036918960630159e+00 3.010142970321396216e+00 -1.347036918960630159e+00 1.772813888613477440e+00
-5.523252061677405012e-01 -3.438254389951076462e+00 -3.629991220410319297e+00 -3.438254389951076462e+00 3.982513220557486466e+00 -1.118071455764702460e+00 -3.629991220410319297e+00 -1.118071455764702460e+00 -1.242732859669399126e+01
4.099122019537539408e-01 4.084542784424669115e+00 1.413840025444850435e+00 4.084542784424669115e+00 9.068658247689350915e+00 -2.555487283816291644e+00 1.413840025444850435e+00 -2.555487283816291644e+00 2.575380247893340968e+00
5.292184237462801200e+00 1.265549695871994285e+00 -2.127333157010176112e+00 1.265549695871994285e+00 -7.286101934897438737e-01 1.342712043846276959e-01 -2.127333157010176112e+00 1.342712043846276959e-01 -1.961754609515664605e+00
-3.863113486601564617e+00 2.293917000977440779e+00 2.944116382188772363e+00 2.293917000977440779e+00 -5.517065046374035830e+00 1.338443319666041242e+00 2.944116382188772363e+00 1.338443319666041242e+00 -6.099313513522202967e+00
3.314819230911491665e+00 6.371093677274773270e+00 3.865299297645547583e+00 6.371093677274773270e+00 7.989121325349452185e+00 -2.440388114221468729e+00 3.865299297645547583e+00 -2.440388114221468729e+00 -2.300048043789402641e+00
3.012553599222786982e+00 -5.426632722919813467e+00 7.384204234414870172e+00 -5.426632722919813467e+00 -1.832287325814185408e+00 -8.864514296137945282e-01 7.384204234414870172e+00 -8.864514296137945282e-01 -3.060779037398590585e+00
-3.705733022462955883e+00 -2.323293317394902413e+00 -3.378243972370292614e+00 -2.323293317394902413e+00 4.033506880039694487e+00 1.844547759300750878e+00 -3.378243972370292614e+00 1.844547759300750878e+00 2.515506723870354122e+00
3.166744576137372036e+00 3.272957930965251006e+00 -1.203002040621662161e+00 3.272957930965251006e+00 9.892940805862262543e-01 -7.207992405431417060e-01 -1.203002040621662161e+00 -7.207992405431417060e-01 2.353626258835788132e+00
-1.085246130626746242e+00 3.959341682022588849e+00 5.884481365603698499e+00 3.959341682022588849e+00 -6.693559504491166656e+00 5.034243533897435618e-01 5.884481365603698499e+00 5.034243533897435618e-01 -9.475760731550206817e-01
-6.894212733643383828e+00 -7.613818348661020030e-01 1.078567443127981917e+00 -7.613818348661020030e-01 4.349128747398179229e+00 2.449242640383201053e+00 1.078567443127981917e+00 2.449242640383201053e+00 4.493663558070862152e+00
-8.283943653885275094e-01 -4.673052867996363879e+00 -4.392376082219093369e+00 -4.673052867996363879e+00 -7.049116609279405310e+00 -5.121980199525435484e-01 -4.392376082219093369e+00 -5.121980199525435484e-01 -8.593934680406977833e+00
2.182294903460105129e+00 2.288568615356142644e+00 2.565639909009022723e+00 2.288568615356142644e+00 6.900736358393567471e+00 -4.548749778747518846e+00 2.565639909009022723e+00 -4.548749778747518846e+00 -1.045002207070615796e+01
-6.346315083632846354e-01 -1.357935470944600764e+00 -2.592223498786216052e+00 -1.357935470944600764e+00 9.094914914203381384e-01 -4.016146558104968456e+00 -2.592223498786216052e+00 -4.016146558104968456e+00 4.039614947275692813e+00
7.522979115065999700e-01 4.196111454193473200e+00 3.624358335355313709e+00 4.196111454193473200e+00 7.106949861647173794e-01 -6.229122269101949882e-02 3.624358335355313709e+00 -6.229122269101949882e-02 5.757692303697529823e+00
8.211921064422817551e+00 -2.760049580443868056e+00 -1.861971258308869004e+00 -2.760049580443868056e+00 -3.317266014822107589e+00 3.925667869590348413e+00 -1.861971258308869004e+00 3.925667869590348413e+00 9.265365444880258039e+00
3.476299972262172577e+00 -3.473917137129898691e+00 -1.783097041186920473e+00 -3.473917137129898691e+00 -5.706923236729362081e+00 -5.627627778716455254e-01 -1.783097041186920473e+00 -5.627627778716455254e-01 -2.059017766277948080e+00
-1.393996507627991432e+00 1.285452018916568850e-01 4.859073335465313725e+00 1.285452018916568850e-01 -1.686904148314226637e+00 7.396669212204265431e-01 4.859073335465313725e+00 7.396669212204265431e-01 -7.603182686719804018e+00
4.435694859199871942e+00 -2.649504121580172011e+00 -4.799373183650952335e+00 -2.649504121580172011e+00 2.450203646317057782e+00 -1.541042336137180835e-01 -4.799373183650952335e+00 -1.541042336137180835e-01 2.269073670241232410e+00
5.956901274756254416e-02 -9.075419590757029253e-02 -3.830126522336521622e-01 -9.075419590757029253e-02 -6.183746515192242166e-01 4.985443374975734310e-01 -3.830126522336521622e-01 4.985443374975734310e-01 9.032095208783056606e+00
-5.697052287092098766e+00 1.561633551972212208e+00 -3.680020555124220216e+00 1.561633551972212208e+00 1.323590729572662883e-02 -2.800705460149691017e+00 -3.680020555124220216e+00 -2.800705460149691017e+00 -5.296578034650609723e+00
5.184480708412524841e+00 1.239898786377416462e+00 -1.195143414265347648e+00 1.239898786377416462e+00 -6.001632045808886318e+00 -1.817887189888757637e+00 -1.195143414265347648e+00 -1.817887189888757637e+00 -6.815223468200714230e+00
-1.229127175732179111e+00 3.997941301424186911e+00 3.592065409295265077e+00 3.997941301424186911e+00 -3.707873942856049432e+00 -5.212798543934238360e+00 3.592065409295265077e+00 -5.212798543934238360e+00 -3.968228764555924215e+00
2.076615609584505862e+00 1.393714900359968700e+00 4.938080770611523285e+00 1.393714900359968700e+00 -3.483863095241362728e+00 2.008134668615700225e+00 4.938080770611523285e+00 2.008134668615700225e+00 -1.904832567868036231e+00
3.564995085098271455e-02 4.820776079130204561e-01 -2.665093933048496844e+00 4.820776079130204561e-01 -1.651089987663442393e+00 5.382851870744668865e+00 -2.665093933048496844e+00 5.382851870744668865e+00 -3.304375583887878776e+00
-8.302469646668546588e+00 -4.534254321904438001e+00 4.307615224650011676e+00 -4.534254321904438001e+00 -6.126568156536209564e+00 1.347948636604895611e+00 4.307615224650011676e+00 1.347948636604895611e+00 -3.278662371829964339e+00
-1.070719462556002988e+01 -2.628865256984544096e+00 -2.045249722403951864e+00 -2.628865256984544096e+00 -9.079554671105608321e+00 -2.016571895754441179e+00 -2.045249722403951864e+00 -2.016571895754441179e+00 -5.786384244186833392e+00
-7.999469658159576113e+00 -2.663522526541339808e+00 -1.582800671385030000e+00 -2.663522526541339808e+00 2.972215191053765082e+00 -2.322672888495388666e+00 -1.582800671385030000e+00 -2.322672888495388666e+00 -4.700781447871294816e+00
-4.136253141870649408e+00 1.874856317482003654e+00 -1.254512521470114272e+00 1.874856317482003654e+00 2.246675346384209959e+00 -6.189673302844532543e+00 -1.254512521470114272e+00 -6.189673302844532543e+00 1.742023984474733389e+00
1.122858185953860222e+00 2.060367442140138117e+00 -2.676117933310210861e-01 2.060367442140138117e+00 -8.111073494824442065e+00 2.685512046667465569e+00 -2.676117933310210861e-01 2.685512046667465569e+00 -7.169934506067766833e+00
-1.290976192452384597e+00 -3.575207130451432680e-01 -3.748503126572553246e+00 -3.575207130451432680e-01 -3.218175523766507506e+00 2.884797421387199190e+00 -3.748503126572553246e+00 2.884797421387199190e+00 -6.205292392083869402e+00
2.909633039385798092e+00 6.720271127072016681e-02 8.110009793201892192e-01 6.720271127072016681e-02 -7.400225593534854873e+00 6.731630943278547052e-01 8.110009793201892192e-01 6.731630943278547052e-01 -1.274751174024921774e-01
-4.113938245840369490e+00 5.010451329378912355e+00 -2.563017378272249847e+00 5.010451329378912355e+00 -3.781437760931027015e+00 6.186812841052791168e-01 -2.563017378272249847e+00 6.186812841052791168e-01 -5.847736734149914462e+00
2.677037033609419581e+00 -3.503970306850922589e-01 -2.205487867043364858e+00 -3.503970306850922589e-01 4.652409380718134813e+00 -1.517956046739058262e+00 -2.205487867043364858e+00 -1.517956046739058262e+00 4.756022223921151593e+00
1.716186819590320267e+00 2.241745062464875815e+00 2.361771223723760471e+00 2.241745062464875815e+00 -1.011151194062638314e+00 -2.017970371993002221e+00 2.361771223723760471e+00 -2.017970371993002221e+00 1.006539876890256657e+01
4.809258850596784818e+00 -7.663793801619895874e+00 -8.913240151242758369e-01 -7.663793801619895874e+00 7.753060675149997749e+00 -5.477608935094856690e+00 -8.913240151242758369e-01 -5.477608935094856690e+00 3.126828708491446118e+00
-6.259224970633963991e+00 -1.473533935840801341e-02 -4.346424512900106230e+00 -1.473533935840801341e-02 -1.150265620208842421e+01 -2.593234021433101777e+00 -4.346424512900106230e+00 -2.593234021433101777e+00 -7.039955731873012823e+00
-1.544450862424970694e+01 -2.209299725136926185e+00 -5.409387815458469584e-01 -2.209299725136926185e+00 -9.734486540767271379e+00 2.319007575053674053e+00 -5.409387815458469584e-01 2.319007575053674053e+00 -4.168366097761551536e+00
-1.248089468632196608e+00 -3.275655288775594087e+00 -7.115043083449549277e-01 -3.275655288775594087e+00 -5.252260738789227723e+00 1.823417449374536980e+00 -7.115043083449549277e-01 1.823417449374536980e+00 -5.629984575981520578e+00
-2.678014240529559054e+00 6.059702475809892741e-01 1.958318753526274270e+00 6.059702475809892741e-01 -1.319906277978503351e+00 -3.094425171146028664e+00 1.958318753526274270e+00 -3.094425171146028664e+00 -3.842393009959927053e+00
6.185659640216517374e+00 4.418995963065510679e+00 -1.900422873946117974e+00 4.418995963065510679e+00 -2.250872987116419477e+00 7.968349999372263959e-01 -1.900422873946117974e+00 7.968349999372263959e-01 -5.477229417251465726e+00
-9.121989655136404807e+00 8.707482384669509301e-01 2.122892641106362444e+00 8.707482384669509301e-01 -2.066601090872934421e+00 1.200471144307840410e+00 2.122892641106362444e+00 1.200471144307840410e+00 1.056578872248140932e+01
6.609889852721336112e+00 2.816383098397845064e+00 -6.668013413116209431e-01 2.816383098397845064e+00 -7.159327378596026747e+00 2.838004207524157163e+00 -6.668013413116209431e-01 2.838004207524157163e+00 -2.283109925536635387e+00
4.709910010069758179e+00 8.121593891721992087e-01 2.920516780541517310e+00 8.121593891721992087e-01 4.727494615558536672e+00 -4.245994916098420613e-01 2.920516780541517310e+00 -4.245994916098420613e-01 5.199116589167416258e+00
-5.713140381837268578e+00 -3.888740032251271628e-01 3.982633151742247524e-01 -3.888740032251271628e-01 -4.216788259158179564e+00 -7.086298004199811373e-01 3.982633151742247524e-01 -7.086298004199811373e-01 -1.282209266050616314e+01
1.808895435604007673e+01 -8.787178291408910269e+00 2.257461274235230686e+00 -8.787178291408910269e+00 1.141807161751012600e+01 -1.379109554949110139e+00 2.257461274235230686e+00 -1.379109554949110139e+00 8.790765511286371847e+00
7.605635525020132404e-01 2.106208659477088185e-01 -2.454192551504373210e+00 2.106208659477088185e-01 1.211994397218651009e+01 -6.267781156837630263e+00 -2.454192551504373210e+00 -6.267781156837630263e+00 -4.548868867374034064e-01
-1.447993830895179412e+00 -3.614560646720864856e+00 3.737310418505030984e+00 -3.614560646720864856e+00 9.202009331360662125e-01 2.227314837617023535e+00 3.737310418505030984e+00 2.227314837617023535e+00 6.981292127257861857e+00
-1.320647554368969523e+00 -1.579928057164303512e+00 -3.016857519148125721e+00 -1.579928057164303512e+00 7.521754392373733999e-01 -1.940983851739763288e+00 -3.016857519148125721e+00 -1.940983851739763288e+00 -2.874148517505664469e+00
-4.169282802237174401e+00 -3.298517567300967901e+00 -1.115573145745572869e+00 -3.298517567300967901e+00 -7.097338984755188207e+00 -1.017217254543564264e+00 -1.115573145745572869e+00 -1.017217254543564264e+00 -7.976221915640750559e+00
-9.702864865902787628e+00 -7.558443252290788714e-03 -1.455526843010795712e+00 -7.558443252290788714e-03 -7.748543170249073242e+00 -6.023587856260593787e-01 -1.455526843010795712e+00 -6.023587856260593787e-01 -1.485330042162862263e+01
4.652673398123902793e+00 -2.135024413395321119e+00 2.095009378575334313e+00 -2.135024413395321119e+00 -3.395772860969138662e+00 5.437356105175725762e-01 2.095009378575334313e+00 5.437356105175725762e-01 2.740019404491856214e+00
4.230747670340707423e+00 3.010648463058492319e-01 -3.859211463425688660e+00 3.010648463058492319e-01 -6.678081348819383756e+00 -1.634276926386810880e+00 -3.859211463425688660e+00 -1.634276926386810880e+00 -3.627605280467073978e+00
-9.100938673888463448e-01 -1.589936151384854002e+00 -3.434012161001485652e-01 -1.589936151384854002e+00 1.587240728646031940e+00 -2.819768184037344749e+00 -3.434012161001485652e-01 -2.819768184037344749e+00 3.541000827448630872e+00
-6.914558940095800743e+00 1.332287431714747061e+00 4.013870731659632263e+00 1.332287431714747061e+00 -5.357641464218338534e+00 5.527541390881035577e-02 4.013870731659632263e+00 5.527541390881035577e-02 -2.639451133300914076e+00
-4.164827100409417504e+00 -3.079899834797054758e+00 -3.029328263124671849e+00 -3.079899834797054758e+00 4.161941635359041491e+00 -2.080655694522703492e+00 -3.029328263124671849e+00 -2.080655694522703492e+00 -3.909827923246962822e+00
