-4.541571526372925049e+00 3.404293727921456458e+00 -1.180556898800226850e+00 3.404293727921456458e+00 -1.191711378750094141e+00 -5.028817249413619628e-01 -1.180556898800226850e+00 -5.028817249413619628e-01 -1.393090963391443449e+00
-3.326416999249860451e-01 6.357146127755741283e+00 -2.461225188722925505e+00 6.357146127755741283e+00 -5.828609782530470795e+00 2.175267658286045958e+00 -2.461225188722925505e+00 2.175267658286045958e+00 -3.206962762656231813e+00
-3.400375783408330133e+00 3.260211073901133183e+00 -1.267575871068352455e+00 3.260211073901133183e+00 -4.180552800276750247e+00 3.400441226570062980e+00 -1.267575871068352455e+00 3.400441226570062980e+00 -2.421244283409259790e+00
-8.729775265389113414e+00 5.851200761502024505e+00 3.785791490203272325e+00 5.851200761502024505e+00 -5.144693815329044462e+00 -2.415474549343620048e+00 3.785791490203272325e+00 -2.415474549343620048e+00 7.916522284313391999e-01
