-1.716420230642890510e-01 1.748603573864804028e+00 -7.982782876357110702e+00 1.748603573864804028e+00 -1.266572652002472132e+01 -3.812056141302108792e+00 -7.982782876357110702e+00 -3.812056141302108792e+00 -3.188236661498379920e+00
-6.851862313959621531e+00 -4.092988032542239640e-01 1.027397475269857807e+00 -4.092988032542239640e-01 -1.158624356038331982e+01 6.522471722430888130e-01 1.027397475269857807e+00 6.522471722430888130e-01 -2.710121617945871364e+00
-4.359697287293449186e+00 -1.038990431852068630e+00 1.598297403886535628e+00 -1.038990431852068630e+00 -7.283913599138414519e+00 5.329664906772809685e-01 1.598297403886535628e+00 5.329664906772809685e-01 -2.057854585703870753e-01
-4.176988262981536693e+00 -1.055234905376761567e+00 6.876875628868844181e+00 -1.055234905376761567e+00 4.550866478502654466e+00 5.446823806187047090e+00 6.876875628868844181e+00 5.446823806187047090e+00 8.407576397824692904e+00
2.605802721466624838e+00 -2.033227696407484686e+00 2.645076580607347294e-01 -2.033227696407484686e+00 -2.661004950445088113e+00 -2.487013956502127865e+00 2.645076580607347294e-01 -2.487013956502127865e+00 -2.039357247456998756e+00
-1.369952446971028159e+01 2.979444843958889422e+00 2.157846965809675055e+00 2.979444843958889422e+00 -3.442670754349399953e+00 -3.059627631055885644e+00 2.157846965809675055e+00 -3.059627631055885644e+00 -7.989410945885393467e+00
3.568880725439978363e+00 -3.626740713950190376e+00 1.569114320906860760e+00 -3.626740713950190376e+00 -3.238585184154327834e+00 6.519331342747711755e-01 1.569114320906860760e+00 6.519331342747711755e-01 3.471910484230150029e+00
-1.440871728014404596e+01 3.906286671767723373e+00 1.038373474179112632e+00 3.906286671767723373e+00 -5.907203183025111493e+00 -5.759776680431148987e-01 1.038373474179112632e+00 -5.759776680431148987e-01 -9.642549850262644995e+00
-9.591879865460764876e+00 9.809640713606324169e+00 2.720780680263371054e-01 9.809640713606324169e+00 -3.648575242753219428e+00 -2.310181078661920351e-01 2.720780680263371054e-01 -2.310181078661920351e-01 -4.923615500161980130e+00
-6.505128515938287670e+00 -1.295962127390096752e+00 -2.821888595515626541e+00 -1.295962127390096752e+00 1.393150815684339250e+01 1.982108614978502326e+00 -2.821888595515626541e+00 1.982108614978502326e+00 2.539082772498830742e+00
-7.984267787576687425e+00 4.630476451252955705e+00 1.542688235372722039e+00 4.630476451252955705e+00 -3.750090533664695247e+00 -2.718444908391953518e+00 1.542688235372722039e+00 -2.718444908391953518e+00 -8.741914429689821020e+00
-1.035016716810443960e+01 -3.411241717025471853e+00 9.394676661178167354e-01 -3.411241717025471853e+00 -1.587699269228165955e+00 4.712677308626695982e+00 9.394676661178167354e-01 4.712677308626695982e+00 -2.080732370802122755e-01
-4.456046188483255399e+00 9.837677846169439633e+00 -9.428420835344436535e-01 9.837677846169439633e+00 2.537658663445979457e+00 3.412360372181953792e-03 -9.428420835344436535e-01 3.412360372181953792e-03 5.059820309069121613e+00
-6.875613076416894343e-01 -2.549949250698075431e+00 -4.518046018666647679e-01 -2.549949250698075431e+00 2.545772950143285751e+00 -1.341719776606932646e+00 -4.518046018666647679e-01 -1.341719776606932646e+00 -1.525121410209589135e+00
1.155829111041236423e+01 2.476328448790000802e+00 1.575844305218361052e+00 2.476328448790000802e+00 2.451634808498770468e+00 -4.092209328997364004e+00 1.575844305218361052e+00 -4.092209328997364004e+00 8.068957771536377166e+00
-8.483583608454919656e+00 -2.020285306394227653e+00 -1.398873390859595167e-01 -2.020285306394227653e+00 -9.433141089054634776e+00 -4.770950165335644755e+00 -1.398873390859595167e-01 -4.770950165335644755e+00 -5.166353414840975766e+00
-8.533716458691221973e+00 -2.134412489066990770e-01 3.430454202259348939e+00 -2.134412489066990770e-01 -1.077714955750560222e+01 -6.783453786122199958e+00 3.430454202259348939e+00 -6.783453786122199958e+00 7.436002738766022802e+00
1.888576647696378341e-01 -4.177624870881597730e+00 -3.155971703008804585e+00 -4.177624870881597730e+00 -4.215083185843523372e-01 -2.441272167298408124e+00 -3.155971703008804585e+00 -2.441272167298408124e+00 -1.228146923253344180e+00
-1.469021576466933432e+01 -2.343994461062477441e+00 -7.407364395923184297e+00 -2.343994461062477441e+00 -7.910424730799332949e+00 9.539529157165130835e-01 -7.407364395923184297e+00 9.539529157165130835e-01 -1.268040242538904794e+00
-1.003407896903589958e+01 1.294092250780243036e+00 2.067241002528632077e+00 1.294092250780243036e+00 -1.551654971130512273e+01 -1.166595114012994205e+00 2.067241002528632077e+00 -1.166595114012994205e+00 -1.467202616237399582e+01
1.676796105330793907e+01 -4.930900174332092156e+00 -1.708459173673837928e+00 -4.930900174332092156e+00 7.390889192287093401e+00 -3.657369459090583419e+00 -1.708459173673837928e+00 -3.657369459090583419e+00 5.560352855584409504e+00
-4.480514254134925212e-01 -1.464841120578675326e+00 2.263190409445103413e+00 -1.464841120578675326e+00 -5.538833520062977911e+00 8.296284313939413790e-01 2.263190409445103413e+00 8.296284313939413790e-01 2.371836388883314495e+00
4.442218703719831296e+00 1.231963141835930742e+01 2.266283932529932210e-01 1.231963141835930742e+01 -8.277320767427546189e-01 -1.110700200624371359e+00 2.266283932529932210e-01 -1.110700200624371359e+00 -7.698380185269929621e-01
9.838414269297949488e+00 5.449206502860636014e+00 6.042962266537487359e+00 5.449206502860636014e+00 9.638718740306920552e+00 -2.225320476346064780e+00 6.042962266537487359e+00 -2.225320476346064780e+00 8.480755922531628244e+00
-1.052969134262619910e+01 5.951454824418778600e+00 1.479589608919131383e+00 5.951454824418778600e+00 -1.197289548069204557e+01 -5.866303406298305489e-01 1.479589608919131383e+00 -5.866303406298305489e-01 -1.286007896164523956e+01
-1.283184984109257132e-01 -6.564959956901237348e+00 3.835141632750710183e+00 -6.564959956901237348e+00 2.949363534555613953e+00 1.905301306640227343e+00 3.835141632750710183e+00 1.905301306640227343e+00 1.222248903803836484e+01
