-6.310298241344665549e+00 2.510399936017200240e+00 -9.741034321342376678e-01 2.510399936017200240e+00 -1.223637818088366380e+01 -2.803900742832218906e+00 -9.741034321342376678e-01 -2.803900742832218906e+00 -7.763055147161542990e+00
1.285623014214348103e+00 -2.027650654720411616e+00 1.298361424926356644e+00 -2.027650654720411616e+00 2.453974393430157441e+00 2.614513149045047058e+00 1.298361424926356644e+00 2.614513149045047058e+00 -2.126053790575565539e-01
-2.720113171511016503e+00 3.744508817225805419e+00 2.392086915787878798e+00 3.744508817225805419e+00 -1.881701087471849831e+00 5.922349475991645074e-01 2.392086915787878798e+00 5.922349475991645074e-01 -1.041821729804065733e+01
-1.504677854238403789e+01 3.312808064822805765e+00 -4.397323986629606551e+00 3.312808064822805765e+00 -9.089364534043355093e+00 -2.180534285208522771e+00 -4.397323986629606551e+00 -2.180534285208522771e+00 -1.853041010153141244e+01
-4.733138662768939575e+00 9.116963567734901464e-01 5.078696459374967276e-01 9.116963567734901464e-01 2.668521448807472218e+00 -4.718648707727345348e-01 5.078696459374967276e-01 -4.718648707727345348e-01 -3.742848115462795278e+00
9.391107129864691982e-01 3.645406322769265461e+00 2.680224949202850038e+00 3.645406322769265461e+00 -8.946624140456142626e+00 -2.053962163175730993e+00 2.680224949202850038e+00 -2.053962163175730993e+00 5.838924165097338026e+00
1.209996676803583471e+00 4.982892631266786054e+00 -4.482142882822952146e+00 4.982892631266786054e+00 -1.648583714498023767e+00 -1.482087838674006619e+00 -4.482142882822952146e+00 -1.482087838674006619e+00 -6.133712749517100882e+00
-7.894087985779829175e+00 -3.090584557326059745e+00 -1.876456643809793157e+00 -3.090584557326059745e+00 -4.389642777070370983e+00 1.615072550159414311e+00 -1.876456643809793157e+00 1.615072550159414311e+00 7.124308525882668830e-01
-1.238465678274405057e+01 7.844597715039383079e-01 -2.090122906710831785e+00 7.844597715039383079e-01 -1.186417387564096160e+01 1.202536037776095051e-01 -2.090122906710831785e+00 1.202536037776095051e-01 -5.840843458762470242e+00
-4.301557306895430699e+00 3.003219709910322166e+00 9.078156824741436814e-01 3.003219709910322166e+00 -6.117283175122924632e+00 5.112893732506715416e+00 9.078156824741436814e-01 5.112893732506715416e+00 -3.625205928820143697e+00
-2.783976134767697896e+00 1.136513936340436182e+00 -1.637767675948205714e-01 1.136513936340436182e+00 -5.857288554952229553e+00 5.428772348230411993e+00 -1.637767675948205714e-01 5.428772348230411993e+00 1.029668166160993215e+00
-6.210963533594088481e+00 -6.128835142688939364e+00 1.227303163044659806e+00 -6.128835142688939364e+00 -9.129992407518510156e-01 6.971858452698589392e-01 1.227303163044659806e+00 6.971858452698589392e-01 -3.192633968847986559e+00
5.208587559906387554e+00 4.380603246063737188e+00 -2.297276104860654922e+00 4.380603246063737188e+00 -8.910084700200044949e-01 2.226811211302009319e+00 -2.297276104860654922e+00 2.226811211302009319e+00 1.110591928093282021e+01
8.802266065754377422e+00 3.888155143080194609e+00 6.290948329352109153e-03 3.888155143080194609e+00 3.065444802696141391e+00 -4.055878351735610621e-01 6.290948329352109153e-03 -4.055878351735610621e-01 4.408292875758665352e-01
-7.014226518781537578e+00 1.559246528224115802e-01 2.184855784982349558e+00 1.559246528224115802e-01 -7.695614999523858746e-01 -3.444029267274875683e-01 2.184855784982349558e+00 -3.444029267274875683e-01 -2.487500574244281726e+00
-4.119853784467986557e+00 -3.534810508206867485e+00 -2.404715592890922515e+00 -3.534810508206867485e+00 -6.293957166628782574e+00 -3.587089760827895102e+00 -2.404715592890922515e+00 -3.587089760827895102e+00 -2.709118509947634923e+00
8.663454958093740998e+00 -3.732599603758023576e+00 2.191760484716198221e+00 -3.732599603758023576e+00 1.242356592848852692e+01 1.832670296270010324e+00 2.191760484716198221e+00 1.832670296270010324e+00 8.746005264994680672e+00
-1.557341178211599342e+01 1.170459576383979128e+00 4.054053289501571733e+00 1.170459576383979128e+00 -4.333666429939786902e+00 -3.645114856025024164e+00 4.054053289501571733e+00 -3.645114856025024164e+00 -1.419038018961520642e+01
2.480588475394231551e+00 -4.923243420124585157e+00 2.644074077051557836e+00 -4.923243420124585157e+00 -2.676136217392547367e-01 -1.014306598758134337e+00 2.644074077051557836e+00 -1.014306598758134337e+00 1.950849894573119192e+00
-1.657892363860602902e+00 4.842257393809207500e+00 -2.228449675295899546e+00 4.842257393809207500e+00 -8.782599136908103787e+00 -7.731375549029884109e-01 -2.228449675295899546e+00 -7.731375549029884109e-01 2.678067557625189110e+00
-6.473958314548750259e+00 4.195234084949812647e+00 4.989460489950868549e+00 4.195234084949812647e+00 -1.090213603325209446e+00 -8.058647209355964680e-01 4.989460489950868549e+00 -8.058647209355964680e-01 -5.989404606803185871e+00
-4.714956819828371337e+00 3.107161908157878738e+00 -1.694892903615421442e-01 3.107161908157878738e+00 2.719811661912782785e+00 9.501722126135973001e-01 -1.694892903615421442e-01 9.501722126135973001e-01 2.871199028293759614e+00
-1.040173183446127325e+01 -9.172159928353541547e-01 5.153442299440825769e-01 -9.172159928353541547e-01 -8.922544239847200132e+00 -1.423776789137273457e+00 5.153442299440825769e-01 -1.423776789137273457e+00 -4.707376413223895995e+00
4.268723320628492468e-02 2.816097973519475772e+00 4.827161820053721186e+00 2.816097973519475772e+00 -1.262026107708053502e+01 2.227848030856359074e+00 4.827161820053721186e+00 2.227848030856359074e+00 -4.070619200974989305e+00
-2.597610952327157552e+00 7.245818478348542424e-01 1.539798319439750873e+00 7.245818478348542424e-01 -1.217249247634325116e+01 2.121134706571102146e+00 1.539798319439750873e+00 2.121134706571102146e+00 -5.044588606078471038e+00
-6.312705375836675792e+00 -2.213308635808517444e+00 -2.664507951263371144e+00 -2.213308635808517444e+00 2.263954353362980676e+00 2.863884284290005411e+00 -2.664507951263371144e+00 2.863884284290005411e+00 -2.408856158444722784e+00
3.242069386375677986e+00 2.165070235241064456e-01 -3.813997395689831538e-01 2.165070235241064456e-01 -3.368270023989318851e+00 2.932010497936557769e+00 -3.813997395689831538e-01 2.932010497936557769e+00 -1.621739745523309573e+00
-6.827384992243581419e-01 5.573732100450101257e+00 -3.725313739478563146e+00 5.573732100450101257e+00 -6.691618206188786999e+00 3.497199890125132438e+00 -3.725313739478563146e+00 3.497199890125132438e+00 -2.852396396568273595e-01
-2.942864140719047228e+00 3.199223122759402571e+00 1.029528600409709060e+00 3.199223122759402571e+00 -5.307805412528265876e+00 -1.476816374950388200e-01 1.029528600409709060e+00 -1.476816374950388200e-01 1.734099024305495007e+00
2.993321894833830044e+00 -5.277765171578590930e+00 -8.763388488119241426e-01 -5.277765171578590930e+00 1.002469970043385850e+01 -2.317641720055702681e+00 -8.763388488119241426e-01 -2.317641720055702681e+00 -3.735193926322088132e+00
-8.015078331215770291e+00 -2.523802263447669225e-01 4.358001280347423290e+00 -2.523802263447669225e-01 4.166709965819428874e+00 -9.650582998670780288e-01 4.358001280347423290e+00 -9.650582998670780288e-01 6.024028205705072025e+00
9.391323955951699887e+00 6.931840285076727781e+00 1.854766120318404043e-01 6.931840285076727781e+00 6.875697499030199111e+00 5.795444330252936815e+00 1.854766120318404043e-01 5.795444330252936815e+00 1.162897780136145442e+01
8.267513470011117249e+00 2.928006858073242569e+00 2.483887468078311400e+00 2.928006858073242569e+00 -9.968293138833342892e-01 -2.212279682274660431e+00 2.483887468078311400e+00 -2.212279682274660431e+00 -3.050614856064551628e+00
2.528129079528615097e+00 -1.401126983635130330e+00 1.556654985545924186e+00 -1.401126983635130330e+00 -2.902928044970872978e+00 -1.707997782597234115e+00 1.556654985545924186e+00 -1.707997782597234115e+00 1.178008526299126224e+00
-2.463542209907646274e+00 -7.710037979981250178e-01 9.455982126377534547e-01 -7.710037979981250178e-01 -3.304102977358574389e+00 1.543705434712356661e+00 9.455982126377534547e-01 1.543705434712356661e+00 -2.794283368521514266e+00
-1.163350167462503215e+01 -9.665987421940401836e-01 -7.606248686054031261e-01 -9.665987421940401836e-01 2.766280260434318183e+00 -4.695675353117465534e+00 -7.606248686054031261e-01 -4.695675353117465534e+00 -2.526099514263147494e+00
-4.255354925724660120e+00 6.859196610270730243e-01 -2.338531525733384075e+00 6.859196610270730243e-01 -5.352041016008294960e+00 -7.977046049726882471e-01 -2.338531525733384075e+00 -7.977046049726882471e-01 -2.461800054796461801e+00
-8.002920959687831015e+00 -6.705901811779524380e+00 -3.158986840191882361e+00 -6.705901811779524380e+00 -4.912240039067229169e+00 4.079591971223530678e+00 -3.158986840191882361e+00 4.079591971223530678e+00 -1.424581999325457460e+01
3.383960470845632784e+00 -9.143612445316522397e+00 -1.368873004852980468e+00 -9.143612445316522397e+00 -1.678209575883763849e+00 1.727420014504648771e+00 -1.368873004852980468e+00 1.727420014504648771e+00 -1.923066231358242506e+00
-2.435099003166360798e-01 -8.007698767120531969e+00 -2.196115072201159535e+00 -8.007698767120531969e+00 -2.614018221154244870e+00 2.403839535269038929e+00 -2.196115072201159535e+00 2.403839535269038929e+00 1.061578860588486828e+00
-2.937235595179862102e+00 4.911506032273290856e+00 -2.205059807561368324e+00 4.911506032273290856e+00 -1.521333331197879613e+00 -1.893539783390827846e+00 -2.205059807561368324e+00 -1.893539783390827846e+00 -1.021963035579750745e+01
-2.845820950204818622e+00 -1.899817590176146709e+00 -3.900966710246260849e+00 -1.899817590176146709e+00 5.831657166648470003e+00 -5.706879040954731863e+00 -3.900966710246260849e+00 -5.706879040954731863e+00 6.063864475542885657e+00
-6.806658934545780859e+00 -1.249617372367209045e+00 -3.124349868131001351e+00 -1.249617372367209045e+00 -6.621663208847485826e+00 4.111967621171379594e-01 -3.124349868131001351e+00 4.111967621171379594e-01 -2.108355189614778524e+00
-7.999127165990559618e+00 3.725643478426533317e+00 6.578873649366404619e-01 3.725643478426533317e+00 -7.269670820666741307e+00 -3.129902519101311231e+00 6.578873649366404619e-01 -3.129902519101311231e+00 -3.558219762778159351e-02
-4.344468061885442545e+00 -3.718663523195547271e-01 -3.746034418939260480e+00 -3.718663523195547271e-01 -1.280997096706142280e+01 -1.003895506294677276e+00 -3.746034418939260480e+00 -1.003895506294677276e+00 7.666288419819733413e-01
-1.085866529626416366e+01 -4.301659522540629332e+00 -8.039182444846663111e-01 -4.301659522540629332e+00 -3.662252840400263665e+00 -1.679183322708911685e+00 -8.039182444846663111e-01 -1.679183322708911685e+00 -3.207793374026822963e+00
6.543896395837766278e+00 6.758858819432204124e-01 4.258189339736336620e+00 6.758858819432204124e-01 -1.622067052939702547e+00 6.703732677007473439e-01 4.258189339736336620e+00 6.703732677007473439e-01 -1.638516300081082067e+00
2.261705490357655834e-01 -1.952018618352382884e+00 -9.251844249790904806e-01 -1.952018618352382884e+00 2.818807705567428989e+00 5.407583522369018292e-01 -9.251844249790904806e-01 5.407583522369018292e-01 -3.226721119783126479e+00
1.873653241908248335e+00 1.788542734576114901e+00 5.279777041486326539e+00 1.788542734576114901e+00 -3.841184493644391296e+00 4.044188746257432854e+00 5.279777041486326539e+00 4.044188746257432854e+00 6.437865058582151745e-01
1.137646163154995804e+01 1.599837841269910577e+00 -4.268897516923556706e-02 1.599837841269910577e+00 -1.141112543291926268e-01 6.056036551109913901e+00 -4.268897516923556706e-02 6.056036551109913901e+00 9.473063636830241219e-01
5.376926404625284484e+00 6.437428222909113096e+00 2.166588267817306068e+00 6.437428222909113096e+00 -1.599972233931972632e+00 -2.835267417866765616e+00 2.166588267817306068e+00 -2.835267417866765616e+00 -1.881143868677333630e+00
-8.704534382287627992e+00 2.303785116647251385e+00 -1.568657977732772046e+00 2.303785116647251385e+00 4.641963184754768212e-01 -7.579077828966234165e-01 -1.568657977732772046e+00 -7.579077828966234165e-01 3.615344436289641639e+00
-5.079354929601942459e+00 -4.967715160963132037e-01 2.500395419062785063e+00 -4.967715160963132037e-01 -6.232474253944262799e+00 1.890209816652809405e+00 2.500395419062785063e+00 1.890209816652809405e+00 -6.641248597254860719e+00
-1.063509182391958419e+01 1.262056514586955280e-02 -2.379466892283700563e+00 1.262056514586955280e-02 -6.669535585893066276e+00 -2.815746156500955610e+00 -2.379466892283700563e+00 -2.815746156500955610e+00 -5.942739931820550936e+00
-1.072900388934384530e+01 -9.713871998350201986e-01 1.343948863197123700e+00 -9.713871998350201986e-01 -1.348300223202023851e+01 -2.810221953754655111e+00 1.343948863197123700e+00 -2.810221953754655111e+00 -8.291172420351573535e+00
-2.484832818072657101e+00 -2.594435478405356488e+00 -2.097995821029702945e+00 -2.594435478405356488e+00 -1.381018170776284082e+00 -1.977885849149786823e+00 -2.097995821029702945e+00 -1.977885849149786823e+00 2.365192747955483288e+00
1.704658372584806347e-01 6.557565687984533653e+00 1.387346060705379358e+00 6.557565687984533653e+00 5.196926052828411136e-01 -1.461668765986534169e+00 1.387346060705379358e+00 -1.461668765986534169e+00 1.413908127197613274e+00
7.158506408528458209e+00 -1.200318838854944614e+00 -1.094553401446361374e+00 -1.200318838854944614e+00 7.608726168359292164e-01 3.347438733037169545e+00 -1.094553401446361374e+00 3.347438733037169545e+00 -7.142903119528616784e+00
-1.202541205677860381e+00 -1.487066966315367278e+00 -8.956615784421485538e-01 -1.487066966315367278e+00 -5.649281971567771343e+00 7.298541348237490567e-01 -8.956615784421485538e-01 7.298541348237490567e-01 -9.414538216177726682e+00
1.066353635773307573e+01 6.090852198436454756e+00 -1.218491659668653471e+00 6.090852198436454756e+00 1.580213108053020044e+01 1.079921395980859788e+00 -1.218491659668653471e+00 1.079921395980859788e+00 3.850166241531811195e+00
-1.714448317901396734e+01 1.146496093463021504e+00 1.947939854524716408e+00 1.146496093463021504e+00 3.915592990600724188e-01 -5.231329703339193671e+00 1.947939854524716408e+00 -5.231329703339193671e+00 -5.319779822234729671e+00
-2.218344152297393901e+00 -1.553357731050251100e+00 2.474066517810058041e+00 -1.553357731050251100e+00 -9.903252928673198952e+00 2.755105668185761747e+00 2.474066517810058041e+00 2.755105668185761747e+00 7.782141132540401962e+00
-3.779363747482295643e+00 -2.975471012174938923e-01 -3.365582330919768772e+00 -2.975471012174938923e-01 -6.011869852940339598e+00 2.126901682160240892e+00 -3.365582330919768772e+00 2.126901682160240892e+00 -2.625027737926111993e+00
-1.562808530314231392e+00 6.998561302333767387e+00 1.601244453167941728e+00 6.998561302333767387e+00 1.051355982030084313e+01 -2.830135816343724464e+00 1.601244453167941728e+00 -2.830135816343724464e+00 -1.673590595125539426e+00
-6.294459560434887635e+00 2.352409135850243693e+00 1.504204132508466074e+00 2.352409135850243693e+00 -1.582528303508147438e+00 9.813109909124624330e-01 1.504204132508466074e+00 9.813109909124624330e-01 -1.099917431675786261e+00
-5.222895325344766526e+00 -1.867258633735170426e+00 -2.580079795434469414e+00 -1.867258633735170426e+00 -4.637938062330301925e+00 -5.466456142735773849e-01 -2.580079795434469414e+00 -5.466456142735773849e-01 -4.302621010069920260e+00
-3.190509992845922405e+00 1.093312711769973467e+00 1.339540573484267583e+00 1.093312711769973467e+00 -5.975580356394969428e+00 -1.022028809166360297e+00 1.339540573484267583e+00 -1.022028809166360297e+00 1.216003912507029217e+00
-2.845000144133675857e+00 -2.678397867605775140e+00 -4.617433712372271959e-01 -2.678397867605775140e+00 -1.761709047737364475e+00 9.934865303684564664e-01 -4.617433712372271959e-01 9.934865303684564664e-01 8.438913309740872504e-02
2.302472316121134011e+00 4.466399741885216518e-02 -4.983190555436601166e+00 4.466399741885216518e-02 5.847684654704031537e+00 -1.600125760102868000e+00 -4.983190555436601166e+00 -1.600125760102868000e+00 6.803612212731928288e+00
-9.523123171129387998e+00 3.301559045999554964e+00 -9.713755338050974464e-01 3.301559045999554964e+00 -4.618659868630030196e+00 1.306094767638548149e+00 -9.713755338050974464e-01 1.306094767638548149e+00 -9.036056965565569143e+00
-8.121444320943600914e+00 -3.360264261427504451e+00 5.683396393557267778e+00 -3.360264261427504451e+00 4.230183362105784717e+00 -3.401902377325877413e+00 5.683396393557267778e+00 -3.401902377325877413e+00 -2.491898989844404166e+00
1.056573506666638096e+01 5.433183650043077462e-01 -3.578160455972317688e+00 5.433183650043077462e-01 5.859446356398728462e+00 1.519109566182854643e+00 -3.578160455972317688e+00 1.519109566182854643e+00 8.197733995853415223e+00
-8.028895961267327408e+00 -2.729343496405649994e+00 5.656801402619725527e-01 -2.729343496405649994e+00 -9.085279550690271932e+00 2.268870649096601966e+00 5.656801402619725527e-01 2.268870649096601966e+00 -1.171858090486318282e+01
-3.487046778910530165e+00 2.699887593353160753e+00 2.212146376202769105e+00 2.699887593353160753e+00 -8.555872701775950162e+00 -1.624113584003156419e+00 2.212146376202769105e+00 -1.624113584003156419e+00 -6.579462241133795963e+00
1.238059916970108532e+00 -7.241011565469269051e+00 -9.643236258719706244e-01 -7.241011565469269051e+00 -6.418529071425922439e+00 -2.764879822425448275e+00 -9.643236258719706244e-01 -2.764879822425448275e+00 1.098556549542488936e+00
-7.109644228272965272e+00 3.474197266121916261e+00 -7.866996551152831696e-01 3.474197266121916261e+00 -6.033928768425483646e+00 7.745478998683799077e-01 -7.866996551152831696e-01 7.745478998683799077e-01 -1.519919539799267660e+01
7.566237295703719390e+00 1.232283667246953707e+00 1.440985160904018292e+00 1.232283667246953707e+00 2.840039961626049436e+00 -1.853932609294852485e+00 1.440985160904018292e+00 -1.853932609294852485e+00 1.936889758828228336e+00
1.493681450550439216e+00 -4.214090082640620238e+00 1.841025357388220707e+00 -4.214090082640620238e+00 4.523093019655211933e+00 -2.183589091364929402e+00 1.841025357388220707e+00 -2.183589091364929402e+00 3.672337158385671430e+00
-3.299527029465466388e+00 4.169916351152736844e+00 8.291521354400818167e-01 4.169916351152736844e+00 9.239295102999653508e+00 6.967755913707578408e+00 8.291521354400818167e-01 6.967755913707578408e+00 1.819396735062958959e+00
4.939035822391273367e-01 -1.120031932166759336e+00 -6.442872180235198476e-01 -1.120031932166759336e+00 1.377789425134644752e+00 -1.319750097939818234e+00 -6.442872180235198476e-01 -1.319750097939818234e+00 -3.875023116801878054e+00
-8.100776261891179386e-01 -3.417591930548619650e-01 -1.201017076344424561e+00 -3.417591930548619650e-01 -6.598824772557053464e+00 -4.839355059118020108e+00 -1.201017076344424561e+00 -4.839355059118020108e+00 4.669355411379812359e+00
-6.062472063644219311e+00 -4.243337046920641065e+00 3.937159247590366729e+00 -4.243337046920641065e+00 2.757331143545850960e+00 3.574096150916875825e+00 3.937159247590366729e+00 3.574096150916875825e+00 -1.651454641315934113e+00
-5.081995858680308231e+00 -2.720611731644698938e+00 -5.035668924393602586e-01 -2.720611731644698938e+00 -3.187784491205450266e+00 1.059986743950217525e+00 -5.035668924393602586e-01 1.059986743950217525e+00 -1.614594294853281653e+00
-3.117396233635390423e+00 5.232370356685307478e+00 3.559855491972475416e+00 5.232370356685307478e+00 1.279346888528403614e+00 4.307081442180091257e-01 3.559855491972475416e+00 4.307081442180091257e-01 4.762371075599020287e+00
2.784051289510651728e+00 8.882235219983756203e-01 1.220840982175054545e+00 8.882235219983756203e-01 -4.296477584562474306e+00 4.580707291658256075e+00 1.220840982175054545e+00 4.580707291658256075e+00 -1.337939951278724848e+01
-4.795517252169706701e+00 -3.067490669995868391e+00 2.463202849426734176e+00 -3.067490669995868391e+00 -1.019863911138522816e+00 -5.133647337117437814e+00 2.463202849426734176e+00 -5.133647337117437814e+00 -2.451296928027786315e+00
7.289379002379581252e-01 -1.784444250261432163e+00 2.244526759455674814e+00 -1.784444250261432163e+00 4.749244765241781963e+00 -8.209041007627130071e+00 2.244526759455674814e+00 -8.209041007627130071e+00 3.571208520315757529e+00
-5.210969948247796246e+00 4.508344209148153148e+00 7.986508381233509146e-02 4.508344209148153148e+00 -7.285885200150127972e+00 -8.862610069463177087e-01 7.986508381233509146e-02 -8.862610069463177087e-01 -3.173475318788725019e+00
-1.450327061637501080e-01 -1.701535533690598845e+00 -3.088793370996007148e+00 -1.701535533690598845e+00 -5.763969594824673415e+00 2.599567060739422342e+00 -3.088793370996007148e+00 2.599567060739422342e+00 6.619906772682289997e+00
-6.850151592438963988e+00 -8.569076022140855731e-01 3.430438181304062528e+00 -8.569076022140855731e-01 -5.951710438224994348e+00 -5.875225489307587257e-01 3.430438181304062528e+00 -5.875225489307587257e-01 -7.916736890120510850e+00
1.005134027779901462e+00 3.268633524447043470e+00 -2.950203228514482134e+00 3.268633524447043470e+00 -7.562144138614995903e+00 -5.189056862795035086e-01 -2.950203228514482134e+00 -5.189056862795035086e-01 -9.038414513369655637e-03
6.063985533697509034e+00 -3.124660975967678223e+00 1.070713594775135169e+00 -3.124660975967678223e+00 2.131822092401023383e+00 -1.114348607097454869e+00 1.070713594775135169e+00 -1.114348607097454869e+00 2.096795704590782350e+00
-1.041399688224399078e+01 3.434657864672020278e+00 1.476086949771520329e+00 3.434657864672020278e+00 -1.511820035929587469e+00 -5.049805505381180559e+00 1.476086949771520329e+00 -5.049805505381180559e+00 -1.288964612675664645e+00
2.848246390087465940e+00 -2.315067195462294780e+00 -7.270374518064845581e+00 -2.315067195462294780e+00 -5.457490675391630575e+00 4.026513491260465649e+00 -7.270374518064845581e+00 4.026513491260465649e+00 -3.212790604020655749e+00
-6.102615489651048719e+00 1.406670800967183999e+00 -2.764448154238975608e+00 1.406670800967183999e+00 -6.062066283285356683e+00 1.201220153101482113e+00 -2.764448154238975608e+00 1.201220153101482113e+00 -2.245362217018074702e+00
2.414824859823060943e-01 -2.031718992182865779e+00 -1.717797277483454899e+00 -2.031718992182865779e+00 -3.704358989616853393e+00 5.772863096610937328e-01 -1.717797277483454899e+00 5.772863096610937328e-01 -4.559499119252447663e+00
1.012717955113859869e+00 -4.161105414163582594e+00 2.667000939086673572e+00 -4.161105414163582594e+00 -9.861573762667089627e-01 -7.368403182344057667e-01 2.667000939086673572e+00 -7.368403182344057667e-01 -2.246897920768696988e+00
-4.919849409074579683e+00 -5.197724776341717812e-01 -5.822141383811584525e+00 -5.197724776341717812e-01 -9.992906155851231986e+00 1.741536670780663210e+00 -5.822141383811584525e+00 1.741536670780663210e+00 -4.745532960294167601e+00
-4.570934579004463316e+00 -6.840163044117860691e-01 2.800650303662013840e+00 -6.840163044117860691e-01 -5.837058047414785955e-01 1.103768880116558382e+00 2.800650303662013840e+00 1.103768880116558382e+00 -3.002381937624041708e+00
-1.147099599454534768e+00 1.101211010920149391e+00 2.086701152510028398e-02 1.101211010920149391e+00 8.053996695059016941e-01 2.575412004176118153e+00 2.086701152510028398e-02 2.575412004176118153e+00 3.440116264611179364e+00
