1.638412927902273220e+00 -2.446534639293274527e+00 -4.062850145003774394e+00 -2.446534639293274527e+00 4.343012460432640331e+00 -2.326917024057993666e-01 -4.062850145003774394e+00 -2.326917024057993666e-01 -3.768919990231790695e+00
-3.573017817078722125e+00 -5.533022541291982677e+00 -1.607610646302004787e+00 -5.533022541291982677e+00 2.104859628326481324e+00 -6.277332338284596247e+00 -1.607610646302004787e+00 -6.277332338284596247e+00 1.493928147760815284e+00
-1.013214098423221898e+01 -3.113575912866223039e+00 8.576406301865613369e-02 -3.113575912866223039e+00 -6.746375942770254097e-01 -3.497065445350409529e+00 8.576406301865613369e-02 -3.497065445350409529e+00 -4.695549118813622691e+00
6.580464935269713322e+00 -4.450622094074571322e+00 -3.100781171032888306e+00 -4.450622094074571322e+00 1.471175173069335873e+00 2.380149075959520077e-01 -3.100781171032888306e+00 2.380149075959520077e-01 -1.379772774091903464e+00
-5.839388457079798478e+00 4.749360581791519209e+00 -3.372129786110749983e+00 4.749360581791519209e+00 -2.283538893604321274e+00 -3.815739619645551972e+00 -3.372129786110749983e+00 -3.815739619645551972e+00 5.152796045637978217e+00
3.322441719980847585e-01 -4.124541219165658745e+00 -2.489463930830595473e+00 -4.124541219165658745e+00 -5.582855690591057574e+00 1.542067321173515637e+00 -2.489463930830595473e+00 1.542067321173515637e+00 -3.569666204297326395e+00
-2.599880473879106813e+00 7.307128285608427420e-01 -3.075822081926955498e+00 7.307128285608427420e-01 -5.149680142202241129e+00 -1.826804960252909615e-01 -3.075822081926955498e+00 -1.826804960252909615e-01 6.892382309066269919e+00
3.729642357786908224e+00 -7.010352678456285958e+00 -3.866979503849112376e+00 -7.010352678456285958e+00 -7.512327501216383929e+00 -2.172293797308987973e+00 -3.866979503849112376e+00 -2.172293797308987973e+00 -7.390673696087423750e+00
-5.546462607982416415e+00 4.386978423121693282e+00 1.461072399036553726e+00 4.386978423121693282e+00 -1.110501980052646109e+00 -2.004440157797796385e+00 1.461072399036553726e+00 -2.004440157797796385e+00 -4.238522142293550843e+00
3.117604287070392388e-01 1.099907299877851408e+00 -1.645839307483518255e+00 1.099907299877851408e+00 2.405451183938682735e+00 5.146208918532211296e-01 -1.645839307483518255e+00 5.146208918532211296e-01 5.684464170899201640e-01
-8.215743408614306631e+00 8.557366652767434800e+00 -5.048334765546066194e+00 8.557366652767434800e+00 6.034249605406183825e+00 -5.738378707554990577e+00 -5.048334765546066194e+00 -5.738378707554990577e+00 9.758210504940538488e-02
3.083991582152124433e+00 -6.843899227715582789e+00 1.127598488498794183e+00 -6.843899227715582789e+00 -3.099650414992564773e+00 -1.804419033229431868e+00 1.127598488498794183e+00 -1.804419033229431868e+00 -9.967935307027804726e+00
3.632391271939998667e+00 -6.505107194714113028e+00 -3.902925091716262340e+00 -6.505107194714113028e+00 6.944678108571753050e+00 3.885837637537945977e+00 -3.902925091716262340e+00 3.885837637537945977e+00 2.996731500920011282e+00
-5.086497090291411283e+00 -4.398669605724570886e+00 -3.770093311483710963e+00 -4.398669605724570886e+00 2.057168509878904317e+00 1.056158710160392117e-01 -3.770093311483710963e+00 1.056158710160392117e-01 -2.879978838632078375e+00
2.871983325046989055e+00 2.789375858143519515e+00 1.031377037764805937e+00 2.789375858143519515e+00 -4.944467788805083863e+00 -4.402023853326809899e+00 1.031377037764805937e+00 -4.402023853326809899e+00 -5.656197792025269955e+00
-3.204344202339388215e+00 -6.352232975658066161e-02 2.197846017288938913e+00 -6.352232975658066161e-02 -5.037749550352973671e+00 -1.857537850056117379e-01 2.197846017288938913e+00 -1.857537850056117379e-01 -1.263798522943587917e-02
-8.165475760369851344e+00 2.033236656028117650e+00 -1.520912316124845676e+00 2.033236656028117650e+00 -2.930247019164736511e+00 1.758726677141648320e+00 -1.520912316124845676e+00 1.758726677141648320e+00 -2.523110413054183709e+00
-1.300559825440612727e+01 -2.637813330941192635e+00 -1.233184101185871712e-01 -2.637813330941192635e+00 -1.389913754103207211e+01 -9.685628206470910939e-01 -1.233184101185871712e-01 -9.685628206470910939e-01 -9.969209261661456267e+00
1.800383958795207517e+00 4.092052711488884498e+00 -3.015803418725861551e+00 4.092052711488884498e+00 -1.336849337917290548e+00 -5.264954942041621067e+00 -3.015803418725861551e+00 -5.264954942041621067e+00 5.075049225024599764e+00
6.300618801044903350e+00 -1.380012615688445443e+01 6.110229094041060849e-01 -1.380012615688445443e+01 4.064291669704038767e+00 -2.624211303568097176e+00 6.110229094041060849e-01 -2.624211303568097176e+00 5.373307402532431887e+00
-7.818934387783437856e+00 4.297388965808600858e+00 -5.800820447951999803e-01 4.297388965808600858e+00 -1.569251831069969016e+00 1.941881798432401718e+00 -5.800820447951999803e-01 1.941881798432401718e+00 -2.370522589166918603e+00
-9.104108789341731622e+00 2.173492730647817783e+00 -6.680113794458372167e-01 2.173492730647817783e+00 1.366493256601182482e+00 -5.051796997454533589e+00 -6.680113794458372167e-01 -5.051796997454533589e+00 -6.838499489625754713e+00
-6.415587087737903538e+00 5.308043107633012347e+00 -2.794889753485243933e+00 5.308043107633012347e+00 -2.294626191945828619e+00 1.237448026305262516e+00 -2.794889753485243933e+00 1.237448026305262516e+00 3.997419068233736827e-01
2.134095422547221510e+00 -3.972770872067346914e+00 -5.090853961511390580e+00 -3.972770872067346914e+00 -4.579637040989500640e+00 -5.425947712386942179e+00 -5.090853961511390580e+00 -5.425947712386942179e+00 2.297797963393294118e+00
-4.441537671411823318e+00 -1.231243320466875346e+00 2.855482954123904182e+00 -1.231243320466875346e+00 -3.397263219404432988e+00 3.765102211916623531e+00 2.855482954123904182e+00 3.765102211916623531e+00 -5.734014079818425813e+00
-1.024798851124693044e+01 3.650160295774766417e-01 -2.626683695124196305e+00 3.650160295774766417e-01 5.978214153426394256e-02 3.283552668404364994e+00 -2.626683695124196305e+00 3.283552668404364994e+00 -2.135384103108059151e+00
1.027060153591211211e+01 -8.813448668340594372e-01 2.672817167025611784e+00 -8.813448668340594372e-01 -2.678382691812154714e+00 5.436010697676125769e-01 2.672817167025611784e+00 5.436010697676125769e-01 -6.494437731176907036e+00
-1.155743607020331432e+01 1.882824853463259673e+00 1.853069531536636561e+00 1.882824853463259673e+00 -7.672835902837517708e+00 3.460974412457010096e+00 1.853069531536636561e+00 3.460974412457010096e+00 -7.238176833635918683e+00
2.988917326628917515e+00 -1.361665817136686885e+00 -4.145195595262698873e+00 -1.361665817136686885e+00 -2.366845844877566662e+00 9.182271532870683872e-01 -4.145195595262698873e+00 9.182271532870683872e-01 2.469185688836312842e+00
-2.665701251033925079e+00 -3.407084450733571135e+00 -1.132209225989987411e+00 -3.407084450733571135e+00 -3.565043385910926954e+00 7.784308095822299656e+00 -1.132209225989987411e+00 7.784308095822299656e+00 -6.785948213526800110e+00
4.074698251179037500e-01 3.580790903482627741e+00 -2.830576981054421903e+00 3.580790903482627741e+00 6.444566669147226534e+00 4.634969952703494656e+00 -2.830576981054421903e+00 4.634969952703494656e+00 4.346903927028129999e+00
1.825094541169033358e+00 1.299806328065572725e+00 -1.398609806822379120e+00 1.299806328065572725e+00 -6.906074140840058995e+00 2.811135596568252293e+00 -1.398609806822379120e+00 2.811135596568252293e+00 -4.172419793424202439e+00
-6.267789928107908359e+00 1.035440862036228538e+00 -2.307182038084730991e+00 1.035440862036228538e+00 -6.123773288439570806e+00 -2.566733629655648108e-01 -2.307182038084730991e+00 -2.566733629655648108e-01 -5.589294502878543014e+00
-2.785914607316720137e-01 5.836091027593477421e+00 3.971795884210280181e-01 5.836091027593477421e+00 5.247898164010793565e+00 2.603002430524570698e+00 3.971795884210280181e-01 2.603002430524570698e+00 6.854737745113252068e+00
-3.093710105143425704e+00 2.276325318707693057e+00 -4.627156691648845133e+00 2.276325318707693057e+00 3.365766638825287149e+00 1.627381798056360074e+00 -4.627156691648845133e+00 1.627381798056360074e+00 -7.369201811130816626e-01
-6.948225249801229353e+00 -1.979991519351683715e+00 5.418975734430460378e-02 -1.979991519351683715e+00 -5.154634790780809439e+00 -1.421584546019490025e+00 5.418975734430460378e-02 -1.421584546019490025e+00 -2.762806559767362113e+00
1.534660602301580190e-01 2.016604068801330474e+00 1.746477730787890259e+00 2.016604068801330474e+00 3.829571400730863662e+00 2.638852015163152043e+00 1.746477730787890259e+00 2.638852015163152043e+00 -2.931055842826285840e+00
-2.840371391307573434e-01 -1.042780562280895884e+00 4.291620457893596807e-01 -1.042780562280895884e+00 -1.310075104476320540e+01 5.680452901741122496e+00 4.291620457893596807e-01 5.680452901741122496e+00 -1.086927442934093335e+01
3.042472468279882047e-01 -3.775987949807078636e-01 -4.915911671431731356e-01 -3.775987949807078636e-01 -8.737334516975014509e+00 -2.169141148420468568e+00 -4.915911671431731356e-01 -2.169141148420468568e+00 -7.774588882818361135e+00
4.536992824057284324e+00 3.265055568721846768e+00 -4.329832663580829966e+00 3.265055568721846768e+00 -9.312835087273855450e+00 -2.168335894256610441e+00 -4.329832663580829966e+00 -2.168335894256610441e+00 2.665085668342019876e+00
-4.531385488201741252e-01 6.671334171787449918e+00 8.937577412410840916e-01 6.671334171787449918e+00 2.138110735518582217e+00 -3.030927305285679552e+00 8.937577412410840916e-01 -3.030927305285679552e+00 -1.667720336000698911e+00
1.752228497989946288e+00 5.960721373796964428e+00 -2.675141896660940155e+00 5.960721373796964428e+00 6.529095970210962996e+00 -1.104047427606986487e+00 -2.675141896660940155e+00 -1.104047427606986487e+00 4.673144056349070041e+00
-8.928386537085012620e+00 4.396585858743916331e-02 -3.555703448186275928e+00 4.396585858743916331e-02 -8.371945407591379507e+00 3.811060493325001186e+00 -3.555703448186275928e+00 3.811060493325001186e+00 -3.450640889714940318e+00
7.135432950204277924e-01 2.685305036305086102e+00 -1.185686910952206269e-01 2.685305036305086102e+00 -2.609395558213189581e+00 2.378557386914827987e+00 -1.185686910952206269e-01 2.378557386914827987e+00 -7.775052939496940319e+00
-3.139692236998872676e+00 -4.939769243450615299e+00 2.013248862175133880e+00 -4.939769243450615299e+00 -1.892948717861707708e+00 -4.507311454081080804e+00 2.013248862175133880e+00 -4.507311454081080804e+00 -9.014604037551288584e+00
7.938713573270274715e+00 4.745984305940009307e+00 9.261973410265542661e-01 4.745984305940009307e+00 -6.749565108702648253e+00 2.984433915716750541e+00 9.261973410265542661e-01 2.984433915716750541e+00 5.042023970811806977e-02
7.231234667405340710e-01 1.524726415157051651e+00 2.901432409079991004e+00 1.524726415157051651e+00 -2.849289820393959172e+00 4.245512396373197217e-01 2.901432409079991004e+00 4.245512396373197217e-01 6.189805977792976144e+00
-9.035091159532337102e+00 -2.886999465426186018e-01 -2.356836469252941713e-01 -2.886999465426186018e-01 4.440182640131913772e+00 3.426124819272464983e-02 -2.356836469252941713e-01 3.426124819272464983e-02 -2.520340187065923221e+00
7.010646610714608151e+00 -5.914682962008425804e+00 2.638427579132293310e+00 -5.914682962008425804e+00 1.339161570949931601e+00 1.113459402846038948e+00 2.638427579132293310e+00 1.113459402846038948e+00 -4.580201832998948563e-01
-3.059225625004510007e+00 6.399561901426854327e+00 2.569805076413921530e+00 6.399561901426854327e+00 1.916965535799098452e+00 1.492115610662604563e+00 2.569805076413921530e+00 1.492115610662604563e+00 -1.943991612461725360e+00
1.141383603712725403e+00 -1.891988691714133308e+00 -2.946245275420938253e-02 -1.891988691714133308e+00 -1.234902339163378571e+01 1.738783937392244683e+00 -2.946245275420938253e-02 1.738783937392244683e+00 -5.180767716461371464e+00
-2.602402075190287878e+00 -1.893874869760102886e+00 -2.442144143530150302e+00 -1.893874869760102886e+00 -5.896589836929965855e+00 -2.987505137018235946e+00 -2.442144143530150302e+00 -2.987505137018235946e+00 -5.027082786294475802e+00
-5.953075862853459022e+00 2.492231037960335627e+00 -3.143626289905957716e+00 2.492231037960335627e+00 -6.508800248100667041e+00 -2.355599944683056890e+00 -3.143626289905957716e+00 -2.355599944683056890e+00 -5.671063413136645970e+00
-8.441437613357869907e+00 -7.043537301115635252e+00 -2.054866318898439737e+00 -7.043537301115635252e+00 -1.968590119354755030e+00 -1.164879514092620028e+00 -2.054866318898439737e+00 -1.164879514092620028e+00 1.125441771687986092e+00
1.148908491135322230e+01 -1.580921169506659396e+00 -6.194317691184588526e+00 -1.580921169506659396e+00 2.701186867454827834e+00 -4.366457638727268886e+00 -6.194317691184588526e+00 -4.366457638727268886e+00 3.953805899317169636e+00
7.357636703369063724e-02 -3.744706580438218690e+00 2.859227463273929626e+00 -3.744706580438218690e+00 2.377384442750387183e+00 1.826949089664328951e-01 2.859227463273929626e+00 1.826949089664328951e-01 -2.283094287063445194e+00
-2.124901793795590521e+00 3.841977173038605642e+00 -3.722486197723815060e+00 3.841977173038605642e+00 -5.105962754836990136e-01 1.043324038136990151e+00 -3.722486197723815060e+00 1.043324038136990151e+00 -1.384634172724352297e+01
-2.373526975504894221e+00 -5.829353608588697666e-01 -6.429075214120374859e+00 -5.829353608588697666e-01 -6.786430846925615157e+00 -7.191906576996530021e+00 -6.429075214120374859e+00 -7.191906576996530021e+00 -2.715960717273684821e+00
-6.568191029481828203e+00 -4.034183458037596814e+00 3.728463325654610028e+00 -4.034183458037596814e+00 3.209442493348777958e+00 1.468363856429042658e+00 3.728463325654610028e+00 1.468363856429042658e+00 5.364685301172981147e-01
-2.862734308724264043e+00 -2.150468340041974624e+00 1.319196880527813587e+00 -2.150468340041974624e+00 -3.101486984147316051e+00 -4.798831337803607933e-01 1.319196880527813587e+00 -4.798831337803607933e-01 7.490394361291266456e+00
5.122157716890798795e+00 1.303381023464227573e+00 -3.274949663286697010e+00 1.303381023464227573e+00 3.410400579603739768e+00 -1.135432194938931438e+00 -3.274949663286697010e+00 -1.135432194938931438e+00 1.430547596815994638e+00
2.868203148340789266e+00 9.995785955357659347e+00 -6.076179337179167028e+00 9.995785955357659347e+00 6.059098261105557270e+00 -3.099332761932432293e-03 -6.076179337179167028e+00 -3.099332761932432293e-03 5.119500093525100048e+00
5.567646810334253793e+00 1.244177434276334537e+00 -1.729952545860204749e+00 1.244177434276334537e+00 1.466545790380342940e+00 -1.200677978478052133e+00 -1.729952545860204749e+00 -1.200677978478052133e+00 -1.543672123102600713e+00
8.455816297001264914e+00 -4.694442127556907596e-01 -7.595063236874186607e+00 -4.694442127556907596e-01 6.102466104674041603e+00 -6.888434977616144650e-01 -7.595063236874186607e+00 -6.888434977616144650e-01 -2.704819704131613545e+00
2.821373921137512841e+00 -4.098888052478257826e-01 -4.550604339510429419e+00 -4.098888052478257826e-01 1.449517148095870622e+00 1.861258826157257795e+00 -4.550604339510429419e+00 1.861258826157257795e+00 1.664642734207450792e+00
-6.039298700455085545e+00 -1.748856768364901670e+00 2.823157450771963006e+00 -1.748856768364901670e+00 -8.069536340307832845e+00 -7.094396573999793842e-01 2.823157450771963006e+00 -7.094396573999793842e-01 7.898165818793793314e+00
2.342511314629163177e+00 6.077737941357364448e+00 1.859244158554064663e+00 6.077737941357364448e+00 -8.069615109418702303e+00 1.000988477989390724e+01 1.859244158554064663e+00 1.000988477989390724e+01 -4.950673436999772914e-01
1.398018008739345230e+00 3.001572662813231762e+00 -9.055753856725226036e-01 3.001572662813231762e+00 1.710815452289171201e+00 -2.100479657238053743e+00 -9.055753856725226036e-01 -2.100479657238053743e+00 5.624646689118263376e-01
9.511559384470377743e-02 5.647558338092198760e+00 -1.616759662111919293e-01 5.647558338092198760e+00 -2.147634594584991952e+00 7.282608643185202180e-01 -1.616759662111919293e-01 7.282608643185202180e-01 4.247828276681865134e+00
-5.890811387554792056e+00 1.147650440790397797e+00 -2.553160538776581223e+00 1.147650440790397797e+00 -1.347857465087159490e+01 -1.424881108965928345e+00 -2.553160538776581223e+00 -1.424881108965928345e+00 -8.617505681425488007e+00
-3.058247094625740736e+00 -4.306239257571667700e+00 -1.003757830098877868e+00 -4.306239257571667700e+00 4.025720456591362684e+00 5.415592258695001160e-02 -1.003757830098877868e+00 5.415592258695001160e-02 -3.218157992598879247e+00
-5.180629935388668450e+00 -5.869808245887649711e+00 3.064782908186041599e+00 -5.869808245887649711e+00 -5.439635674988921865e-01 3.647577148573452277e+00 3.064782908186041599e+00 3.647577148573452277e+00 -7.590394108526421491e+00
-6.495886471847896360e+00 -1.889338618233307399e+00 -1.916274272221611952e+00 -1.889338618233307399e+00 -5.195382431928520894e+00 -1.229064445401510386e-01 -1.916274272221611952e+00 -1.229064445401510386e-01 -3.857201394599894417e+00
-3.392483317528890652e+00 3.362604482933079453e+00 6.402679302313421417e+00 3.362604482933079453e+00 -2.624808442134742847e+00 -1.055473201890400281e+00 6.402679302313421417e+00 -1.055473201890400281e+00 2.674717328554332418e-01
3.147675705471695284e+00 -4.610961483683357010e+00 2.447610711013228357e+00 -4.610961483683357010e+00 -8.969056903305903106e+00 -4.493276779808753396e+00 2.447610711013228357e+00 -4.493276779808753396e+00 -8.252886446495818262e+00
5.164584167572766615e-01 -3.234091663006006812e+00 -2.838938043373375297e+00 -3.234091663006006812e+00 -1.516805560843683010e+00 -2.829797775139251126e+00 -2.838938043373375297e+00 -2.829797775139251126e+00 -5.033952837650273793e+00
4.167749929722907254e+00 -3.729375992518058514e+00 -5.939034594039220849e-01 -3.729375992518058514e+00 1.953803810990160317e+00 2.739433712093731543e+00 -5.939034594039220849e-01 2.739433712093731543e+00 -2.395470772167041407e+00
-1.438388613338796951e+01 -3.151389431874604963e+00 -1.727382630839643163e+00 -3.151389431874604963e+00 -6.391718761359378220e+00 1.116189845678694725e+00 -1.727382630839643163e+00 1.116189845678694725e+00 -2.240410889766754732e+00
-7.441037850926191410e+00 -1.657101934171022473e+00 -4.034868895869962557e+00 -1.657101934171022473e+00 -2.631018443164871989e-01 1.553038417634630797e+00 -4.034868895869962557e+00 1.553038417634630797e+00 -8.891927509381989836e+00
-2.657416274027780023e+00 3.179392888624746227e+00 -5.266404018342633719e+00 3.179392888624746227e+00 -1.016568289122736640e-01 -1.384467590949414850e+00 -5.266404018342633719e+00 -1.384467590949414850e+00 -1.476168095779756495e+00
-9.232437145501878106e+00 -1.058759741694542900e+00 -8.854924160108639253e-01 -1.058759741694542900e+00 -7.460090628468024399e+00 -1.444208797549082934e+00 -8.854924160108639253e-01 -1.444208797549082934e+00 -9.854393866900167609e+00
8.735533257332958046e-01 -8.662507066011066570e+00 -1.993846327766062076e+00 -8.662507066011066570e+00 3.896235519995253860e+00 2.581264751816080949e+00 -1.993846327766062076e+00 2.581264751816080949e+00 6.415363757888171703e-01
