9.787219789999110020e+00 -4.211013433352067459e+00 -4.547446823697915086e+00 -4.211013433352067459e+00 1.010808318558725105e+01 -5.570250176029754030e-01 -4.547446823697915086e+00 -5.570250176029754030e-01 -2.468082165798499261e+00
-3.922563831521957312e+00 -6.867509617672199695e+00 2.118258765329294191e-01 -6.867509617672199695e+00 -4.505183042393244186e+00 2.040876645123011368e+00 2.118258765329294191e-01 2.040876645123011368e+00 4.553497842319305100e+00
-5.780926874499193957e+00 -1.149354541756274806e+01 -4.908565422508484488e+00 -1.149354541756274806e+01 2.053221781395486722e+00 -8.737512310160777673e+00 -4.908565422508484488e+00 -8.737512310160777673e+00 3.393400198233798459e+00
-1.526540842100869155e-01 8.989829412865507630e-01 -5.187462579058950141e+00 8.989829412865507630e-01 -3.903033094608166387e+00 6.493693855481140531e+00 -5.187462579058950141e+00 6.493693855481140531e+00 3.793075628717440750e+00
-3.201754868123150910e+00 -7.998828531574737888e-02 -6.427231270877822311e+00 -7.998828531574737888e-02 -8.081061314549291552e+00 6.217111219737534000e+00 -6.427231270877822311e+00 6.217111219737534000e+00 5.259559420104026328e-01
-1.393786465603864100e+00 -9.840447583075690119e+00 -7.219834554109297642e+00 -9.840447583075690119e+00 1.622444228734036820e+00 -7.153144512673132560e+00 -7.219834554109297642e+00 -7.153144512673132560e+00 4.018084027246286993e+00
2.162216632136954253e+00 3.518719731679214036e+00 3.772282816366359093e+00 3.518719731679214036e+00 3.066014399847602490e-01 -1.898760158883569193e+00 3.772282816366359093e+00 -1.898760158883569193e+00 3.753007269647418709e-01
-1.019771585340252606e+01 -1.280982988988000226e+00 -2.625727504528974521e+00 -1.280982988988000226e+00 -7.505435890775182806e+00 3.689973164067536615e+00 -2.625727504528974521e+00 3.689973164067536615e+00 3.667127103397657351e+00
-9.274929758535929381e+00 2.119826700727925672e+00 3.537221631373217434e+00 2.119826700727925672e+00 -1.145528740751724150e+01 5.011569405179646886e+00 3.537221631373217434e+00 5.011569405179646886e+00 -4.976694914515967239e-01
-7.260678835998533920e+00 -3.633099729895703511e+00 9.458497241081079698e-01 -3.633099729895703511e+00 -1.180608553851515374e+01 2.498174154154453874e-01 9.458497241081079698e-01 2.498174154154453874e-01 -1.219741763919904187e+00
-1.583881193234466744e+00 2.865334431102042778e+00 -3.482510562024385248e+00 2.865334431102042778e+00 -9.840398150740755412e+00 2.121182608035004691e+00 -3.482510562024385248e+00 2.121182608035004691e+00 -7.382886310309936029e+00
-1.532743495611832429e+00 1.369182196909020321e+00 -2.800775018904264613e+00 1.369182196909020321e+00 -8.798235444020669149e+00 5.088654806378264617e+00 -2.800775018904264613e+00 5.088654806378264617e+00 -2.201875757243333176e+00
1.567290571267451860e+00 3.163824786392491095e+00 -2.423650333845345894e+00 3.163824786392491095e+00 -1.171623661633572455e+00 -6.185588604869075802e+00 -2.423650333845345894e+00 -6.185588604869075802e+00 7.204802396235092665e+00
-6.787110352540720370e+00 -1.423637584143617518e+00 -4.049675781092345161e+00 -1.423637584143617518e+00 -5.836462852117522360e+00 4.373472848614688324e+00 -4.049675781092345161e+00 4.373472848614688324e+00 2.675035090811178407e+00
-2.690651618704051895e-01 -2.546267715935825127e+00 -2.454474025927201097e+00 -2.546267715935825127e+00 -3.099294613586511371e+00 3.605322185223499787e+00 -2.454474025927201097e+00 3.605322185223499787e+00 -7.145676472592186634e+00
6.008657847101277483e-01 2.742916153478244468e+00 1.925450016464785863e+00 2.742916153478244468e+00 -5.872190665466527015e+00 -4.739070673517743693e+00 1.925450016464785863e+00 -4.739070673517743693e+00 -1.807819169759205868e+00
-2.400652097505772353e+00 -9.411910042446118840e-01 -7.156777595965910344e+00 -9.411910042446118840e-01 1.802686072900244296e+00 1.216256608101595749e+00 -7.156777595965910344e+00 1.216256608101595749e+00 -8.739911596387575088e+00
-1.155862033324747573e+00 7.145627284534287860e+00 2.744633086254726795e+00 7.145627284534287860e+00 -1.265990838718661493e+01 -4.973107702989741696e+00 2.744633086254726795e+00 -4.973107702989741696e+00 4.537785548241608069e+00
4.292670624480493302e+00 5.268934540004823752e+00 -5.995076530803721271e-01 5.268934540004823752e+00 -8.885859384754979828e+00 -5.065814191554016688e+00 -5.995076530803721271e-01 -5.065814191554016688e+00 3.043906360132791367e+00
-1.366108027357825883e+00 -4.730667970518514842e+00 -6.784433458310198617e+00 -4.730667970518514842e+00 -2.463692492316661986e-01 -5.762757122430537393e+00 -6.784433458310198617e+00 -5.762757122430537393e+00 7.886227820458261428e-01
-1.063488546045719652e+01 -3.806240649191226399e+00 1.326173032849307987e+00 -3.806240649191226399e+00 -6.701138822952310115e+00 -1.546255844599824236e+00 1.326173032849307987e+00 -1.546255844599824236e+00 -1.793494939887437312e+01
-4.914784963886035030e+00 -1.370399843907932624e-01 -6.455260654086666605e+00 -1.370399843907932624e-01 -4.549954445711066775e+00 7.072490481037623233e+00 -6.455260654086666605e+00 7.072490481037623233e+00 -1.104557825422495698e+00
-1.958276515857723998e+00 -6.579888228934342109e+00 -3.404825230747072329e+00 -6.579888228934342109e+00 -2.877332339446445619e+00 -4.531336407877158301e+00 -3.404825230747072329e+00 -4.531336407877158301e+00 -8.385118598943074986e+00
-6.848079613575520419e+00 -4.847585742364873163e+00 6.758196258805505563e-01 -4.847585742364873163e+00 -6.525510636980786927e+00 -7.274833788278771252e+00 6.758196258805505563e-01 -7.274833788278771252e+00 2.672673535012846546e+00
7.086186251270090608e+00 4.697515149238838394e-01 5.293059647316027405e-01 4.697515149238838394e-01 3.865236571573246183e-01 2.805008709826160906e+00 5.293059647316027405e-01 2.805008709826160906e+00 1.316103393752720896e+00
-3.497382777410610988e+00 -6.259413234232710233e-01 -3.575032961092242889e+00 -6.259413234232710233e-01 -6.358351050065365939e+00 4.168561267125603820e+00 -3.575032961092242889e+00 4.168561267125603820e+00 5.571558042308916825e+00
-6.756877810042534627e+00 1.815282425204615357e+00 6.578071365543201043e-01 1.815282425204615357e+00 -7.200403290505339449e+00 2.350385152911567410e-02 6.578071365543201043e-01 2.350385152911567410e-02 5.458013688386698092e+00
4.158365248213823584e+00 4.172190202853916396e+00 9.516642284037153399e-01 4.172190202853916396e+00 9.166149602695012888e-01 -1.575399788466931073e+00 9.516642284037153399e-01 -1.575399788466931073e+00 6.166829104798827288e+00
-1.976528256384933568e+00 1.072384570585363184e+00 8.432840878187034539e-01 1.072384570585363184e+00 -4.443574670370912472e+00 -3.065338247805107219e+00 8.432840878187034539e-01 -3.065338247805107219e+00 -7.555850539778026509e-02
-7.827623541883429459e-01 9.990045994378279337e-01 3.015919279493362581e-01 9.990045994378279337e-01 1.692339155908715087e+00 -2.706249697906073504e+00 3.015919279493362581e-01 -2.706249697906073504e+00 -7.974404251958299161e-01
2.126980416192732815e+00 -8.441932004331837547e+00 -2.914166032811091878e+00 -8.441932004331837547e+00 6.788211864484551938e+00 -1.264349964904329104e-01 -2.914166032811091878e+00 -1.264349964904329104e-01 -8.641819132106006052e+00
5.319653021944885651e+00 2.621554980678672209e+00 -1.840640228716881932e+00 2.621554980678672209e+00 -2.678296015799516816e+00 1.236604778966508222e+00 -1.840640228716881932e+00 1.236604778966508222e+00 1.854431817336973864e+01
-1.249892023095589799e+01 -8.032269239607025213e+00 -2.111772288358860550e+00 -8.032269239607025213e+00 -4.788267862830734245e+00 -5.745858435030283928e+00 -2.111772288358860550e+00 -5.745858435030283928e+00 -7.329432649815580625e+00
-4.467148982150682457e+00 -2.957721386664589946e+00 1.863171008631879122e+00 -2.957721386664589946e+00 6.487785424148643898e+00 2.614695552923470778e+00 1.863171008631879122e+00 2.614695552923470778e+00 -6.249495095705236203e+00
-7.314149464901826825e+00 2.854966828707956150e+00 5.372538872950745059e+00 2.854966828707956150e+00 -7.883734909668461022e+00 1.521437169016623958e+00 5.372538872950745059e+00 1.521437169016623958e+00 4.897628930479691611e+00
-5.500254205623733128e+00 -6.000486863350573685e+00 -1.655623469685075566e+00 -6.000486863350573685e+00 -1.915376197458365848e+00 -1.290520578606526136e+00 -1.655623469685075566e+00 -1.290520578606526136e+00 -1.529876204681552743e+01
-4.577176096429814045e+00 -8.212238333511857391e+00 1.030799921553622545e+00 -8.212238333511857391e+00 -3.973486690001003296e+00 -5.650810605799576614e-01 1.030799921553622545e+00 -5.650810605799576614e-01 -3.692721181337285330e+00
6.337993306628620926e-01 6.804954810846611579e+00 1.731588381270831478e+00 6.804954810846611579e+00 3.478247954211288184e-01 3.760368456724125230e-01 1.731588381270831478e+00 3.760368456724125230e-01 6.302278827777712422e+00
-2.306585405259219623e+00 -3.791594732035593385e+00 1.466505262752750172e+00 -3.791594732035593385e+00 -1.041378755976040615e+01 -2.010425823950303226e+00 1.466505262752750172e+00 -2.010425823950303226e+00 -4.671628814668542518e+00
-2.925172658890019317e+00 -4.765967911641744159e+00 5.003669069866604424e+00 -4.765967911641744159e+00 4.058867862741700749e-01 -2.190698368555946907e+00 5.003669069866604424e+00 -2.190698368555946907e+00 -1.482204420797907485e+00
-2.765987967921305302e+00 -3.860696415777674861e+00 4.451262633943187552e+00 -3.860696415777674861e+00 -1.615354062365979892e+00 -4.289949799451743928e+00 4.451262633943187552e+00 -4.289949799451743928e+00 -8.758852794620822224e-02
-8.080810636640068267e+00 8.153762672410550527e-01 -6.232134103109501666e+00 8.153762672410550527e-01 -1.633512448792053373e+00 -1.026760944256982055e+00 -6.232134103109501666e+00 -1.026760944256982055e+00 -1.830740731563838208e+00
-1.555921712956771152e+01 3.227409526120956773e+00 -3.123064060138144082e+00 3.227409526120956773e+00 -1.199144138450332342e+01 9.986828184280011067e-01 -3.123064060138144082e+00 9.986828184280011067e-01 -1.208209202228639967e+01
-2.797405275956029502e+00 -5.243808527672226383e+00 -6.181612170155608155e+00 -5.243808527672226383e+00 2.826904138032431568e+00 5.374831683548540795e+00 -6.181612170155608155e+00 5.374831683548540795e+00 -2.297614460356775190e+00
-3.655705820177126864e+00 1.492932389281212746e+00 9.594467614895035856e-01 1.492932389281212746e+00 -9.650953227679035962e+00 1.682385081093897172e+00 9.594467614895035856e-01 1.682385081093897172e+00 3.788392208749479462e+00
-3.565546726906456687e+00 -3.131279962276709572e+00 -1.390290565665307509e+00 -3.131279962276709572e+00 -2.039910905591505674e+00 3.078568164777729432e+00 -1.390290565665307509e+00 3.078568164777729432e+00 -2.642112760083877188e+00
-4.647958897768221576e+00 -7.065468647974229022e+00 9.952178663919007962e-01 -7.065468647974229022e+00 -2.991738010040752460e+00 4.587424540943578211e-01 9.952178663919007962e-01 4.587424540943578211e-01 1.553272655890821641e+00
-3.769188447385095841e+00 -1.672407147568975461e+00 -1.967056393444910789e+00 -1.672407147568975461e+00 1.705309936074272947e+00 -2.550348883265256106e+00 -1.967056393444910789e+00 -2.550348883265256106e+00 -3.962075027157096141e+00
-1.478029779956447021e+00 2.087464684170071028e+00 4.132680341839668259e+00 2.087464684170071028e+00 -1.201233778069436958e-01 -4.194983899008963846e+00 4.132680341839668259e+00 -4.194983899008963846e+00 -6.905334696987599941e+00
7.157362949847606792e+00 5.573182103623196326e+00 5.396459932418483874e+00 5.573182103623196326e+00 4.096720983053789844e+00 -5.961921998449442484e+00 5.396459932418483874e+00 -5.961921998449442484e+00 -2.486611204534578512e+00
-4.990028649564560714e-01 -1.384711649619634111e+00 3.203459228874842690e+00 -1.384711649619634111e+00 -1.232199106374547659e+00 3.940532185777655627e+00 3.203459228874842690e+00 3.940532185777655627e+00 2.099568044706158876e+00
-2.023399998291889545e+00 -2.403552689600331416e+00 3.515901123066412226e-01 -2.403552689600331416e+00 -1.160881484571494759e+00 -6.273418420969210096e+00 3.515901123066412226e-01 -6.273418420969210096e+00 -5.267537995824592478e+00
-9.824359519976489707e+00 -1.026124160819920839e+01 -4.001330821525793446e+00 -1.026124160819920839e+01 -1.578415330048532850e+00 -7.185140285459343801e+00 -4.001330821525793446e+00 -7.185140285459343801e+00 -9.874700725490455078e-01
-9.041388513420086426e+00 -1.021190754287051972e+00 1.925664900343553754e+00 -1.021190754287051972e+00 -9.610553141684693657e+00 7.415046311842684590e-01 1.925664900343553754e+00 7.415046311842684590e-01 7.659152706632686991e-01
9.478389629482983914e-01 4.263710917486065455e+00 2.233058674460370457e-02 4.263710917486065455e+00 5.859316514136091447e-01 1.459466658883755485e+00 2.233058674460370457e-02 1.459466658883755485e+00 8.792955340247610607e+00
-4.724392297894998705e-01 -7.721316059213173766e+00 -2.087081499285635910e+00 -7.721316059213173766e+00 2.845349401947322221e+00 2.207299611837010733e+00 -2.087081499285635910e+00 2.207299611837010733e+00 -9.881370470310565368e-01
-6.021699530200375960e+00 -9.767128442139909605e-01 3.872376991454271611e+00 -9.767128442139909605e-01 -1.557644685502479298e+01 -1.516576593301838027e+00 3.872376991454271611e+00 -1.516576593301838027e+00 -3.785366013615379721e+00
-1.081503152779423793e+01 8.744271266517643637e-01 -2.266143785464374893e+00 8.744271266517643637e-01 -1.346493590600377210e+01 1.221545642905338402e+00 -2.266143785464374893e+00 1.221545642905338402e+00 6.794498849020700337e-01
9.857796715052238312e+00 2.247806722969595938e+00 -4.012161546341615370e+00 2.247806722969595938e+00 -5.792463491730264202e+00 -7.218548021299882045e+00 -4.012161546341615370e+00 -7.218548021299882045e+00 3.717848063226079969e+00
-1.293450243109950160e+00 -5.324054423552035509e+00 4.114929041106230478e+00 -5.324054423552035509e+00 -4.067300152526605039e+00 -3.980002366304484784e+00 4.114929041106230478e+00 -3.980002366304484784e+00 -4.732456032993203721e+00
-1.264866760560212278e+01 -3.393985693906882983e-01 1.990159800854429006e+00 -3.393985693906882983e-01 -2.556807473025786148e+00 5.896042936836650483e+00 1.990159800854429006e+00 5.896042936836650483e+00 9.079835195735254771e+00
-5.456319255274140190e+00 -1.214444991438053512e+00 9.034259144693705945e-01 -1.214444991438053512e+00 -1.069478348505626286e+01 -1.875253278598627560e-01 9.034259144693705945e-01 -1.875253278598627560e-01 1.419915390396941035e+00
-7.997639967226910507e+00 -8.956053565972070529e-02 5.788827460644027312e+00 -8.956053565972070529e-02 -6.637270073246498647e+00 -3.761926436313256961e+00 5.788827460644027312e+00 -3.761926436313256961e+00 2.873684473675977902e+00
-1.262544991982480980e+01 -3.312822167026810982e-01 -1.261213772026430480e-01 -3.312822167026810982e-01 -7.800735340910917692e+00 2.885625965913028335e+00 -1.261213772026430480e-01 2.885625965913028335e+00 6.374738311902340193e+00
5.981717091004613351e+00 3.459974444737777155e+00 -7.237173463862643708e+00 3.459974444737777155e+00 6.955377875832480683e+00 -1.696646037209355917e+00 -7.237173463862643708e+00 -1.696646037209355917e+00 7.185393570014957376e+00
-8.982294307589643978e+00 7.559703742689982686e-01 -9.814463687459018537e-01 7.559703742689982686e-01 -6.569497863451406516e+00 1.575576249515153071e+00 -9.814463687459018537e-01 1.575576249515153071e+00 -3.051136837067706775e+00
-3.927210236201231108e+00 -3.007895164662373499e+00 4.012756418444946682e+00 -3.007895164662373499e+00 3.378364487280746342e+00 1.842133693722418641e-01 4.012756418444946682e+00 1.842133693722418641e-01 -4.774820227746893408e+00
-1.262054335009589501e+01 -3.543798855013720495e+00 4.364025540515851453e+00 -3.543798855013720495e+00 -7.249122586745358809e+00 -1.030452564548377747e+00 4.364025540515851453e+00 -1.030452564548377747e+00 -1.729100994893039811e+01
1.175341055297054105e+01 5.499962932897767054e+00 3.455631641441288426e+00 5.499962932897767054e+00 2.823417137848994063e+00 1.636622625444152268e+00 3.455631641441288426e+00 1.636622625444152268e+00 4.809373120930240830e+00
5.963957117595887480e-02 -1.247822685744555821e-01 1.156238137959718859e+00 -1.247822685744555821e-01 -2.458970646442744545e+00 5.122068287274792908e+00 1.156238137959718859e+00 5.122068287274792908e+00 -7.983636399026987185e+00
3.170003096712553647e-01 -6.654779319569522400e+00 -1.645553905110545889e+00 -6.654779319569522400e+00 1.925631889030500199e+00 1.614804611157623082e+00 -1.645553905110545889e+00 1.614804611157623082e+00 -1.886186280208329347e+00
2.608082958145160113e+00 -3.221546977947328472e+00 -2.384027459757854572e+00 -3.221546977947328472e+00 5.718355451636537579e-01 1.627430096247166613e+00 -2.384027459757854572e+00 1.627430096247166613e+00 -5.074043447338023149e+00
-1.410602594210534733e+01 7.242432990835803164e-01 4.474112100978290485e+00 7.242432990835803164e-01 -3.623899367492974033e+00 -4.469360906342878526e-01 4.474112100978290485e+00 -4.469360906342878526e-01 -4.308831321811515735e+00
2.631153034472508701e+00 1.921201934379306309e+00 -2.561755007307081833e+00 1.921201934379306309e+00 -5.512938873190571520e-01 -5.036714704674870369e+00 -2.561755007307081833e+00 -5.036714704674870369e+00 1.071489022594520080e+01
-5.051874835652220064e+00 -3.510620593489680807e+00 5.845758367277676948e-01 -3.510620593489680807e+00 -3.277317854319086177e+00 7.141096820025904179e+00 5.845758367277676948e-01 7.141096820025904179e+00 1.145297321321433692e+00
-4.529385246385226438e+00 -2.257951055977221788e+00 -3.199662399993286610e-01 -2.257951055977221788e+00 7.622335640665840018e+00 3.268775843534076131e+00 -3.199662399993286610e-01 3.268775843534076131e+00 -8.309034648325516415e+00
1.286522025331929697e+01 -3.358910278417820194e+00 -3.125575326964934675e+00 -3.358910278417820194e+00 5.578730228440856642e+00 3.076155604849271086e+00 -3.125575326964934675e+00 3.076155604849271086e+00 3.882500431372064575e+00
-2.075118150735713041e+00 -2.164535447174016802e+00 1.719613231619484095e+00 -2.164535447174016802e+00 -4.435705827917524324e+00 -2.537023656078574163e+00 1.719613231619484095e+00 -2.537023656078574163e+00 -2.037719071843071827e-01
-5.118051225336169630e+00 3.202580265839738427e+00 3.310071825742355589e+00 3.202580265839738427e+00 -7.924156797505917282e+00 3.570206235688336172e+00 3.310071825742355589e+00 3.570206235688336172e+00 -1.894711531890534095e+00
-5.260358911795169234e+00 4.555238907413279748e+00 3.240606667649738704e+00 4.555238907413279748e+00 -9.581102446539784268e+00 -4.602548995142016430e+00 3.240606667649738704e+00 -4.602548995142016430e+00 2.454562086499003648e+00
-4.966448204391750387e+00 3.308755976341234195e+00 4.885749293312296793e+00 3.308755976341234195e+00 -9.328818018529689837e+00 1.273347312946027765e+00 4.885749293312296793e+00 1.273347312946027765e+00 -3.132302574917659732e-01
6.971674129938976172e-01 -3.673426901285208324e+00 4.102252289665401896e+00 -3.673426901285208324e+00 -2.230246537920575367e+00 -8.911251077967918377e+00 4.102252289665401896e+00 -8.911251077967918377e+00 -9.132293265182740427e+00
-1.396799436490807800e+01 8.239508306553992023e-01 -5.589394513370548268e+00 8.239508306553992023e-01 -7.069262737911124361e+00 -3.204582630147712607e-01 -5.589394513370548268e+00 -3.204582630147712607e-01 -7.020287572501031192e+00
-3.942274859317799751e-01 4.061760668505637106e+00 5.146641261699161696e+00 4.061760668505637106e+00 -2.766367256455808388e+00 -3.361599250740905820e+00 5.146641261699161696e+00 -3.361599250740905820e+00 -9.535512794703597805e+00
-1.036865864909921520e+01 6.079646489378018437e+00 -1.227079146018791311e-01 6.079646489378018437e+00 -1.157260390845618758e+01 1.233685635867159291e+00 -1.227079146018791311e-01 1.233685635867159291e+00 -1.291238068457155208e+01
-7.347918462205721646e+00 1.172477782270404223e+00 2.598654543582915366e+00 1.172477782270404223e+00 -4.468891867326967748e+00 9.159464619438290045e-01 2.598654543582915366e+00 9.159464619438290045e-01 -2.885531315676416408e+00
-7.067394680202730761e+00 -1.250020465387434443e-01 4.304777494398070559e+00 -1.250020465387434443e-01 -5.311541560542030638e+00 -4.621980200416093254e+00 4.304777494398070559e+00 -4.621980200416093254e+00 4.249492566244951419e+00
-9.598954771411262854e+00 -5.864192810029204006e-01 2.517239341991440504e+00 -5.864192810029204006e-01 -7.049544705349938489e+00 -9.965810358343186737e-01 2.517239341991440504e+00 -9.965810358343186737e-01 -1.419274845305137411e+01
-1.368839702764899435e+01 2.248152066030196128e+00 7.727912043345275261e-01 2.248152066030196128e+00 -1.685191621745518731e+01 -1.163591052649683544e+00 7.727912043345275261e-01 -1.163591052649683544e+00 -1.538190666882382818e+00
1.588135877658312989e+00 -5.802438834939036560e+00 6.085034641404976519e+00 -5.802438834939036560e+00 -8.708705720381448856e+00 -4.292067244071909649e+00 6.085034641404976519e+00 -4.292067244071909649e+00 -1.841833543312406452e+00
6.457003232944266813e+00 1.046966235960825387e+01 -2.979763682304657824e+00 1.046966235960825387e+01 -7.720822488864912403e-01 8.534408780217463963e-01 -2.979763682304657824e+00 8.534408780217463963e-01 3.160929948054083116e+00
1.235030352516856667e+00 1.538459999205137763e+00 -1.740996921230561378e+00 1.538459999205137763e+00 -1.156580360030792143e+01 2.887774319893656738e+00 -1.740996921230561378e+00 2.887774319893656738e+00 -4.709937807419728450e+00
-4.335299471100989344e+00 4.852601635338327668e+00 -4.739531957463128387e-01 4.852601635338327668e+00 -1.243665801127607162e+00 -1.143614234532994045e+00 -4.739531957463128387e-01 -1.143614234532994045e+00 4.872323402891753474e+00
-4.709976232054426504e+00 -1.147403372943059718e+00 1.614747451704334980e+00 -1.147403372943059718e+00 -9.439844549137072605e+00 6.156712967793342095e+00 1.614747451704334980e+00 6.156712967793342095e+00 4.736554732218182018e+00
-1.154415814475893809e+00 2.097384478740365932e+00 4.707341546376443198e+00 2.097384478740365932e+00 -8.829658983930730898e+00 -1.231790175708930568e-01 4.707341546376443198e+00 -1.231790175708930568e-01 9.535448330070225298e-01
-2.838145975537206489e+00 -1.397624636543220999e+00 3.953158693040733862e+00 -1.397624636543220999e+00 -5.571311791570090488e-01 2.726202202246123640e+00 3.953158693040733862e+00 2.726202202246123640e+00 -1.673770843688259014e+00
7.549528849819870935e+00 3.073787743119443139e+00 2.655611348029052632e+00 3.073787743119443139e+00 7.640912858110119110e+00 -5.519142209572305724e+00 2.655611348029052632e+00 -5.519142209572305724e+00 4.181310643158551166e+00
-1.349885339188582911e+01 -4.881892425081002074e+00 7.570305005584318514e-02 -4.881892425081002074e+00 -7.220049209765410758e+00 -2.460971498676349345e+00 7.570305005584318514e-02 -2.460971498676349345e+00 -1.346544145280288696e+01
-1.184376520171161218e+01 -6.418897765338281935e+00 5.422097266659529069e+00 -6.418897765338281935e+00 -2.441039335928731069e-01 2.793923425598950239e+00 5.422097266659529069e+00 2.793923425598950239e+00 -9.492733351566936539e-01
3.298812522024483496e+00 -6.048271578665674886e-01 -1.689323560198159768e+00 -6.048271578665674886e-01 -4.329301397504984550e+00 3.727173488161254156e+00 -1.689323560198159768e+00 3.727173488161254156e+00 5.012910522007461012e+00
