1.497527822467760394e+00 -7.778796324522690986e-01 7.359131939867395999e-01 -7.778796324522690986e-01 7.106940124469090847e+00 -1.955098412727484858e+00 7.359131939867395999e-01 -1.955098412727484858e+00 1.156247597305872965e+01
3.164236432047864866e+00 1.093358815154723551e+00 2.542976114193380988e-01 1.093358815154723551e+00 -2.888092711540986901e+00 -8.110877988562302521e-02 2.542976114193380988e-01 -8.110877988562302521e-02 3.632240174775499320e+00
-7.457417410308583960e+00 -1.130743455128728980e+00 3.451086441057927168e+00 -1.130743455128728980e+00 -1.098415815628036363e+00 -4.634536481079309933e-01 3.451086441057927168e+00 -4.634536481079309933e-01 -3.528562240708876807e-02
-4.457219980310733298e+00 -1.754260119297245346e+00 4.677376363101668488e+00 -1.754260119297245346e+00 1.516785794205599558e+00 -8.054826140322798311e-01 4.677376363101668488e+00 -8.054826140322798311e-01 7.841598489723121901e+00
1.972781479794086579e+01 -1.774746747340309350e+00 -6.306953289158993003e-01 -1.774746747340309350e+00 2.680461313690200686e+00 2.165518558925218162e+00 -6.306953289158993003e-01 2.165518558925218162e+00 -1.513432022769213292e+00
-2.384688662083513488e+00 2.590360712091851259e+00 -1.677882442294144960e+00 2.590360712091851259e+00 -1.174376987442706799e+00 -4.518557561359172858e+00 -1.677882442294144960e+00 -4.518557561359172858e+00 -3.061064685920185546e+00
-1.959352904195913014e+00 -2.695535078155812503e+00 -8.982267904918238566e-01 -2.695535078155812503e+00 -4.560388503748932010e+00 2.061008608731380143e+00 -8.982267904918238566e-01 2.061008608731380143e+00 -5.959613270013732311e+00
-2.511384816685728327e-01 -2.237158330282498220e+00 4.322358249514612893e+00 -2.237158330282498220e+00 4.263469326823734917e+00 -1.002522440224175027e+00 4.322358249514612893e+00 -1.002522440224175027e+00 3.744489030452296863e+00
4.341509537050868950e+00 5.124647204323218297e+00 4.447624112883404202e+00 5.124647204323218297e+00 2.986659397863974164e+00 1.815777431960021726e+00 4.447624112883404202e+00 1.815777431960021726e+00 -6.672439200527506387e+00
-4.900022122217598808e-01 7.515916382848260024e-01 -4.080368745472749303e+00 7.515916382848260024e-01 -3.008655345364192435e+00 5.528051522427975151e+00 -4.080368745472749303e+00 5.528051522427975151e+00 -3.875722517440744586e+00
1.572722031034785850e+01 3.349819956267604315e+00 -3.062096884708859768e-01 3.349819956267604315e+00 3.177569979660941790e+00 6.978095583608889818e-01 -3.062096884708859768e-01 6.978095583608889818e-01 -6.418919590736407166e+00
-2.273901562104569951e+00 -3.011001052467491945e+00 1.915509320674589067e-01 -3.011001052467491945e+00 -1.567535031810229074e-01 -1.046886847463862402e+00 1.915509320674589067e-01 -1.046886847463862402e+00 7.391471316031083205e+00
3.575770474817776545e+00 7.822167481249757692e-01 6.639578562370984649e-02 7.822167481249757692e-01 1.541675068724780662e+00 -2.893450169281689188e+00 6.639578562370984649e-02 -2.893450169281689188e+00 2.105822986416797438e+00
-7.951183223161175206e+00 6.425841505582222446e+00 4.545201444305778438e+00 6.425841505582222446e+00 2.443392119821441000e+00 2.472357146887812718e+00 4.545201444305778438e+00 2.472357146887812718e+00 3.708442440783676020e+00
1.179523670888149800e+00 -3.099966656446273117e+00 1.082771876785216136e+00 -3.099966656446273117e+00 -7.489239595058276855e-01 1.287315238050846133e+00 1.082771876785216136e+00 1.287315238050846133e+00 2.149105499109744688e+00
3.537647615094561826e-01 5.415160980645261191e+00 -2.665278832817921995e+00 5.415160980645261191e+00 -6.608782734305307827e+00 2.601955821711741113e+00 -2.665278832817921995e+00 2.601955821711741113e+00 3.125746578373974405e+00
6.889503163384866902e-01 6.296503577113865546e-01 1.366697888313671783e+00 6.296503577113865546e-01 -1.580731599507848806e+00 1.389974783655218316e+00 1.366697888313671783e+00 1.389974783655218316e+00 -1.013618697542132807e+01
1.086949141676647557e+01 5.107702173263186651e+00 -4.171211854486757686e-01 5.107702173263186651e+00 2.180168623687859153e+01 3.634735303878894985e+00 -4.171211854486757686e-01 3.634735303878894985e+00 3.525206591482830110e+00
-4.050379341417542634e+00 3.204356473956434304e+00 -4.426899293277775982e+00 3.204356473956434304e+00 4.437481516767558531e+00 -1.783955676001306001e+00 -4.426899293277775982e+00 -1.783955676001306001e+00 8.945804729666367194e+00
-2.440019755685633729e-01 -6.873512932223043714e-01 -7.891526088002716044e-01 -6.873512932223043714e-01 -2.361100794554240601e+00 -1.048873252171074189e+00 -7.891526088002716044e-01 -1.048873252171074189e+00 -8.946637963976657559e+00
-1.802719513325637957e+00 5.277395627003375722e+00 -3.363603594659554386e+00 5.277395627003375722e+00 -3.745193431754113345e+00 -6.943074412995163591e+00 -3.363603594659554386e+00 -6.943074412995163591e+00 -5.538739675492242220e+00
-2.611216783936856078e+00 1.125350917924875294e+00 -1.132921416742749265e-01 1.125350917924875294e+00 -6.226084364057144604e+00 3.925042442420633382e+00 -1.132921416742749265e-01 3.925042442420633382e+00 4.992714948760478832e-01
-3.729049798264096882e-01 1.549120654911509964e-01 -1.726270449304905252e+00 1.549120654911509964e-01 -1.514150942569461589e-01 -2.204445543833248422e+00 -1.726270449304905252e+00 -2.204445543833248422e+00 -4.066496241812494361e+00
6.709977420800654180e+00 2.359122490023033425e+00 1.321831878708871422e+00 2.359122490023033425e+00 1.054275538679130086e+01 -1.257137758388083171e+00 1.321831878708871422e+00 -1.257137758388083171e+00 9.877038780938295071e-02
-1.646048777576814226e+00 1.242499995648874284e-01 -5.041373753988041884e+00 1.242499995648874284e-01 -1.761610662993371657e+00 -4.237988988434555071e-01 -5.041373753988041884e+00 -4.237988988434555071e-01 6.547457510997443997e+00
-7.141287641747783965e+00 -1.888333130696218110e+00 1.088603879523982298e+00 -1.888333130696218110e+00 -7.109127380400810381e+00 1.195316594256238485e+00 1.088603879523982298e+00 1.195316594256238485e+00 8.338829971242679440e-01
-1.963433930594119747e+00 2.914975091913326599e-01 -8.980501000144247570e-01 2.914975091913326599e-01 -2.913384898980992510e+00 1.888444975313647634e+00 -8.980501000144247570e-01 1.888444975313647634e+00 1.472492909360054369e+01
5.431358858644232512e+00 -1.089017979578292605e+00 2.108933347034845696e+00 -1.089017979578292605e+00 6.910184071504033021e-01 -1.587554987123689781e-02 2.108933347034845696e+00 -1.587554987123689781e-02 -3.021623183291110681e+00
-2.540847340914725194e+00 -3.873010590562436795e-01 5.743423810405601238e-01 -3.873010590562436795e-01 1.437012376797909941e+00 1.656021904240428722e+00 5.743423810405601238e-01 1.656021904240428722e+00 9.457903239271778784e-01
1.378965311133479332e+01 4.896805444060177592e+00 -3.427192084359378388e+00 4.896805444060177592e+00 -6.398653692193369658e+00 -2.749728082964316034e+00 -3.427192084359378388e+00 -2.749728082964316034e+00 -3.538965674424841446e+00
-1.179732060320761633e+01 2.701069806816442487e+00 1.112824277542462825e+00 2.701069806816442487e+00 -2.681081767137458716e+00 -2.925418026344197564e+00 1.112824277542462825e+00 -2.925418026344197564e+00 5.349100350087797828e+00
-3.327364457879655735e-02 -2.858542905681961344e+00 -2.012279728304494419e+00 -2.858542905681961344e+00 -1.319128373746007998e-01 2.782718548188071739e-01 -2.012279728304494419e+00 2.782718548188071739e-01 -4.683351894296304607e+00
7.072632231896800903e+00 -2.957369147788920571e+00 1.813463833557642513e+00 -2.957369147788920571e+00 1.338748872879557794e+01 3.543314620224282230e+00 1.813463833557642513e+00 3.543314620224282230e+00 -2.725013773951195928e-01
5.890068258845197136e+00 -2.123291347366953019e+00 1.252151524260652682e+00 -2.123291347366953019e+00 5.627549992222880881e+00 1.768169352425738028e+00 1.252151524260652682e+00 1.768169352425738028e+00 -5.231527445505022023e+00
9.784326606631140066e+00 -5.622688080738115879e+00 -1.616909549424078163e-01 -5.622688080738115879e+00 4.364295502506744029e+00 3.574635829051476810e-01 -1.616909549424078163e-01 3.574635829051476810e-01 -2.602615565908931727e-01
-4.459461307467091018e+00 -2.427301837143527763e+00 -2.751699708667767919e+00 -2.427301837143527763e+00 -7.772696004623034227e+00 4.532639121046264208e+00 -2.751699708667767919e+00 4.532639121046264208e+00 2.890906906290122258e+00
3.420024863907023538e-01 6.503545859232306547e+00 -2.976343288976984081e+00 6.503545859232306547e+00 2.369137601815205052e+00 7.013004752749614490e-02 -2.976343288976984081e+00 7.013004752749614490e-02 -5.067631693440980634e+00
2.999846025833208252e-01 3.381098266969402300e+00 -1.708043779426534903e-01 3.381098266969402300e+00 5.913981089348720133e+00 -6.417899190622919470e+00 -1.708043779426534903e-01 -6.417899190622919470e+00 1.375517478558813345e+00
-4.511097771307656323e+00 3.751480563007668412e+00 1.842919657868494987e+00 3.751480563007668412e+00 3.650160111283407449e+00 2.424230877942086804e-01 1.842919657868494987e+00 2.424230877942086804e-01 -3.527527315730888180e+00
4.357761652725105961e+00 1.572662214132958258e-01 -1.340825304492629932e+00 1.572662214132958258e-01 7.586261622393816850e+00 2.418740226268881077e+00 -1.340825304492629932e+00 2.418740226268881077e+00 -1.148660368054189718e+01
