3.348200690026919446e+00 -2.037860530975545093e+00 -8.519404930754712613e-01 -2.037860530975545093e+00 5.315920927520509487e+00 -4.791068325089136715e-01 -8.519404930754712613e-01 -4.791068325089136715e-01 9.201888020569374049e+00
7.149805716753263596e-01 1.051783979793410095e+00 2.114229749365444722e+00 1.051783979793410095e+00 -3.756643663668351785e+00 3.084958816954592176e-01 2.114229749365444722e+00 3.084958816954592176e-01 -9.570989026592481963e+00
4.369225762124701262e+00 5.885625097482765078e-01 4.103036937747611690e-01 5.885625097482765078e-01 -2.201427840153875160e+00 2.365480780544740647e+00 4.103036937747611690e-01 2.365480780544740647e+00 -2.631428167343396129e+00
-3.760208469552615895e+00 -5.187772691717648321e+00 -1.820364912049320161e+00 -5.187772691717648321e+00 1.617360496423400074e+00 -1.298368158419214824e+00 -1.820364912049320161e+00 -1.298368158419214824e+00 -5.160633106002893378e+00
-2.669398415036658978e+00 1.430468162840685897e+00 -1.379029466198706144e+00 1.430468162840685897e+00 1.621458693768946135e+00 1.471611621801989456e+00 -1.379029466198706144e+00 1.471611621801989456e+00 -3.727625875632768260e+00
-3.249027486658579544e+00 -8.457835545746248407e-01 -1.145769077368780531e+00 -8.457835545746248407e-01 9.664276824926542053e-01 -1.890752271755713920e+00 -1.145769077368780531e+00 -1.890752271755713920e+00 -6.185157625445492968e+00
6.543997690796170552e+00 -8.179761690422354903e+00 -2.898758734941915716e+00 -8.179761690422354903e+00 7.520458448017324216e+00 -5.453955496407800752e-01 -2.898758734941915716e+00 -5.453955496407800752e-01 -1.109083657415228075e+00
5.193265787882416218e-01 -1.995595009074804027e+00 -8.453922365125278171e-01 -1.995595009074804027e+00 -2.053982955590936132e+00 -3.658553727751980844e-01 -8.453922365125278171e-01 -3.658553727751980844e-01 -5.864098746690583397e+00
2.869403341822295506e+00 -1.252348233896348750e+00 1.108671095498017456e+00 -1.252348233896348750e+00 -1.631441566336999216e+00 -3.385425767022216537e-01 1.108671095498017456e+00 -3.385425767022216537e-01 -1.544544858258078079e+00
3.054271996725528848e-01 2.974748111857713484e-01 3.366865592999541690e+00 2.974748111857713484e-01 6.689099176197302876e-01 -2.192971300666384682e+00 3.366865592999541690e+00 -2.192971300666384682e+00 -4.011548466624658360e+00
-2.748620567242264112e+00 -1.707357881217173579e-01 1.171479640818435142e+00 -1.707357881217173579e-01 -4.527936981203530387e+00 3.413862897591997125e-01 1.171479640818435142e+00 3.413862897591997125e-01 -2.746976864091553505e+00
-2.995119118254301327e+00 2.065946465884644478e+00 1.904813731286867595e+00 2.065946465884644478e+00 -4.398837769295146138e+00 -1.201782901173685136e+00 1.904813731286867595e+00 -1.201782901173685136e+00 -1.055734324104039246e+01
6.018766695067561123e-01 -2.587750986495497951e+00 2.118797871292895429e+00 -2.587750986495497951e+00 4.023503030348208220e+00 -3.893423552327600068e-01 2.118797871292895429e+00 -3.893423552327600068e-01 -3.196897582502387536e+00
-6.744120458917629568e-01 -2.156345212319230598e+00 -3.374629151304097685e-01 -2.156345212319230598e+00 -2.313586583085531362e-02 4.232960432094847736e-01 -3.374629151304097685e-01 4.232960432094847736e-01 -2.286768595943103222e+00
7.113845337853730300e-01 -2.290183332437077279e+00 2.154112876169874402e-01 -2.290183332437077279e+00 3.432390441456424912e-01 -1.550449494565033781e-01 2.154112876169874402e-01 -1.550449494565033781e-01 -3.916685883479699370e+00
1.461449275652578983e+00 -3.155652857733935446e-01 1.085957633906897035e+00 -3.155652857733935446e-01 -2.260518845042057023e+00 -1.538143271632063991e+00 1.085957633906897035e+00 -1.538143271632063991e+00 -5.571305197563900968e+00
-2.871646003517749346e-01 7.572047608651444328e-01 8.027462504826439471e-02 7.572047608651444328e-01 3.374813358791428630e+00 -7.690364353860760227e-01 8.027462504826439471e-02 -7.690364353860760227e-01 -5.289976037969329248e+00
7.084103094466003725e+00 -4.981584471655051694e+00 -2.665633258145489126e+00 -4.981584471655051694e+00 2.249312096220940749e+00 3.473507802149461421e-01 -2.665633258145489126e+00 3.473507802149461421e-01 -3.979270285323400547e+00
-7.888125017614735501e-01 -9.218596447135656291e-01 2.134825028227755439e+00 -9.218596447135656291e-01 9.492602279367872153e-01 -9.016812849699925581e-01 2.134825028227755439e+00 -9.016812849699925581e-01 -3.635449536300654483e+00
1.221021374527205133e-01 -3.423068892782398454e+00 -9.367594355426415165e-01 -3.423068892782398454e+00 -2.352098346307198273e+00 2.651936937154569240e-01 -9.367594355426415165e-01 2.651936937154569240e-01 1.233528931729223732e+00
-3.041733439675642803e+00 -1.898404890762033670e+00 -7.104242027869127341e-02 -1.898404890762033670e+00 1.128604490575364716e+00 2.752748635381914721e-01 -7.104242027869127341e-02 2.752748635381914721e-01 -5.044027322498267019e+00
6.068284796076540033e+00 -7.628380592571549768e-01 1.638969800752680728e+00 -7.628380592571549768e-01 2.659090781293076855e+00 9.613617814843166132e-01 1.638969800752680728e+00 9.613617814843166132e-01 4.422018448338968177e+00
1.887803576383402682e+00 4.237348032873244463e+00 3.310746698724925885e+00 4.237348032873244463e+00 -5.649211541683492044e-01 -2.173127424380154604e+00 3.310746698724925885e+00 -2.173127424380154604e+00 -8.878951839296078674e+00
1.206840406038165003e+00 2.887108886749440551e+00 -2.923741749274491486e+00 2.887108886749440551e+00 -4.559933337932410957e+00 3.133356773379419868e-01 -2.923741749274491486e+00 3.133356773379419868e-01 -5.610250819810865153e+00
-4.117397494149030557e+00 -2.266092300596091569e+00 -1.525096189766077248e-01 -2.266092300596091569e+00 -7.287043142984940269e-01 -1.229636363080808925e+00 -1.525096189766077248e-01 -1.229636363080808925e+00 -4.032284086904184939e+00
-6.298705216853013322e-01 -9.183464797816059955e-01 2.087770719740463576e+00 -9.183464797816059955e-01 1.866770063874670038e+00 3.626739205928137255e-01 2.087770719740463576e+00 3.626739205928137255e-01 -3.345677603778377751e+00
-1.174165088518527078e+00 -2.303487572914409753e+00 -1.562309106348870991e+00 -2.303487572914409753e+00 3.686222183005998687e+00 -2.465016708261844602e+00 -1.562309106348870991e+00 -2.465016708261844602e+00 7.305584694750544283e-01
1.540382358624196701e+00 -2.099064210559910659e+00 -1.809032187563887062e+00 -2.099064210559910659e+00 -3.091925919252265786e-01 -1.950116756644094451e+00 -1.809032187563887062e+00 -1.950116756644094451e+00 -9.928093905579622458e+00
1.232504868019056177e-01 -3.750702122902713209e-01 1.590204680875428322e-01 -3.750702122902713209e-01 -2.861237110551582141e+00 -7.138833493261574903e-01 1.590204680875428322e-01 -7.138833493261574903e-01 -6.388174549294946658e+00
2.827156645703766680e-01 -2.292464938377279271e+00 1.648648722611711248e+00 -2.292464938377279271e+00 2.968139137478389422e+00 -1.863029434227922554e+00 1.648648722611711248e+00 -1.863029434227922554e+00 -1.523599052510069107e+00
2.678066322019577061e+00 2.512427484637281272e-01 1.791751625436852180e+00 2.512427484637281272e-01 4.335039285405134279e+00 -2.201595060627874467e+00 1.791751625436852180e+00 -2.201595060627874467e+00 -1.388538666600596327e+00
-8.465756031517510660e-01 -1.718994247216230065e-01 7.946145953591383926e-02 -1.718994247216230065e-01 2.336014522819785721e+00 -2.907695578925387769e-01 7.946145953591383926e-02 -2.907695578925387769e-01 -2.585026753815041101e+00
-7.687657717568119331e+00 -1.592971499288914794e+00 -1.630921071234302078e+00 -1.592971499288914794e+00 -6.588815874736501321e+00 1.209641561582138980e+00 -1.630921071234302078e+00 1.209641561582138980e+00 -5.866370633773078325e+00
3.259123220076628247e+00 -2.571408183245272205e+00 -4.013188770783134296e-01 -2.571408183245272205e+00 1.605001175190535534e+00 2.342957275301880693e-01 -4.013188770783134296e-01 2.342957275301880693e-01 -3.935331506482869557e+00
-2.694674428018090317e+00 -1.439969136797998539e+00 1.063354923142923347e+00 -1.439969136797998539e+00 8.375271506163158852e-01 -2.239121033740444133e+00 1.063354923142923347e+00 -2.239121033740444133e+00 -6.010506705557397744e+00
2.360595043987945285e+00 -1.293222036395637486e+00 -3.889818265516988838e-01 -1.293222036395637486e+00 1.688987314342489388e+00 -1.445627158747599283e+00 -3.889818265516988838e-01 -1.445627158747599283e+00 -4.247468834097636758e+00
-2.568624815760272462e+00 -4.905122809142731022e+00 -6.931789242107263549e-01 -4.905122809142731022e+00 3.474078004131787800e+00 -2.104969590242535382e+00 -6.931789242107263549e-01 -2.104969590242535382e+00 -2.775662911589517279e+00
1.269771642768252384e+00 -2.047755826597524642e+00 -1.076123107706802751e+00 -2.047755826597524642e+00 -3.303019623757409651e+00 9.546516823953198339e-01 -1.076123107706802751e+00 9.546516823953198339e-01 -1.916753756029774713e+00
-1.986701068620883470e+00 1.015432363086637091e+00 9.274210104755231665e-01 1.015432363086637091e+00 -2.255972204786766078e+00 7.309555319130005557e-01 9.274210104755231665e-01 7.309555319130005557e-01 2.107619914947479245e+00
-9.677952655367182411e-01 -2.179597287271686668e+00 1.593813172490375685e+00 -2.179597287271686668e+00 1.617770001600726371e+00 -4.644997524812471412e-01 1.593813172490375685e+00 -4.644997524812471412e-01 -3.546263652408832012e-01
2.168727072552614210e+00 -1.953347196463735891e+00 8.791185480957074416e-01 -1.953347196463735891e+00 6.572470949079242120e-01 -2.332012235394750999e+00 8.791185480957074416e-01 -2.332012235394750999e+00 -5.785376874435550931e+00
-6.050275812711755741e+00 -2.198534325644118326e+00 -1.646603725731696999e+00 -2.198534325644118326e+00 -6.881835910189811889e-01 -1.295045635093326375e+00 -1.646603725731696999e+00 -1.295045635093326375e+00 -7.852020877226977724e+00
-1.998333752766046745e+00 1.429473795858751950e-01 2.198845112260744972e-01 1.429473795858751950e-01 -1.462726220472308380e+00 -1.434648086187635119e-01 2.198845112260744972e-01 -1.434648086187635119e-01 -3.578493535952547600e+00
2.578275349062768118e+00 -1.799954963126001006e+00 7.235831210952378134e-01 -1.799954963126001006e+00 5.337978986784912117e+00 -1.006019439206725340e-02 7.235831210952378134e-01 -1.006019439206725340e-02 -2.446098339574914515e+00
2.132836756579423870e-02 -1.343121255175023121e+00 -2.804011194650236405e+00 -1.343121255175023121e+00 2.075099512003680813e-01 -4.541665189548060311e-01 -2.804011194650236405e+00 -4.541665189548060311e-01 -6.036287445026399467e+00
4.025812978224376226e-01 2.252211902975245483e-01 9.151348673663305400e-01 2.252211902975245483e-01 -2.946825587347188247e+00 1.037793209220285506e+00 9.151348673663305400e-01 1.037793209220285506e+00 -3.560291078399599574e+00
2.633221409958301784e+00 -1.759956583423479382e+00 1.710993197604864013e+00 -1.759956583423479382e+00 1.963118553054057580e+00 2.318736446010423613e+00 1.710993197604864013e+00 2.318736446010423613e+00 -1.648656619861503581e+00
-1.918018487874228128e+00 -1.636238926516124126e+00 -2.018137847674004171e+00 -1.636238926516124126e+00 -4.073795278400036857e+00 7.080945145893859094e-02 -2.018137847674004171e+00 7.080945145893859094e-02 -1.034309443859269351e+01
2.826530001206957632e+00 3.509806356364665314e-01 2.650498423068781140e-01 3.509806356364665314e-01 2.913581432100372237e-01 -2.160543482748283617e-01 2.650498423068781140e-01 -2.160543482748283617e-01 6.293866480918044459e-01
-9.802800225059385419e-02 -3.545936175933062984e+00 6.024232513239292652e-01 -3.545936175933062984e+00 1.036657938603114726e+00 -1.809601724941314993e+00 6.024232513239292652e-01 -1.809601724941314993e+00 -6.351831823692652534e+00
-4.005068151146751187e-01 9.039665062250100691e-01 -1.153123664889208477e+00 9.039665062250100691e-01 -5.573877483807352373e-01 -2.227084240798070436e+00 -1.153123664889208477e+00 -2.227084240798070436e+00 -3.163421201492390367e+00
-2.380174308144554995e+00 -2.568414060874383953e+00 -8.140671988092799127e-01 -2.568414060874383953e+00 -1.399590094597195078e+00 -1.945447814280234278e+00 -8.140671988092799127e-01 -1.945447814280234278e+00 -1.031933952913434371e+00
1.654220275145801056e+00 -3.751601732717642967e+00 -1.533864987089202714e+00 -3.751601732717642967e+00 -6.139817893842784979e-01 -4.657185906443676027e-01 -1.533864987089202714e+00 -4.657185906443676027e-01 -4.616018054868876064e+00
-3.121474786553007696e+00 -3.411133686424308475e+00 -3.810200627863738809e+00 -3.411133686424308475e+00 -2.225370058336340939e+00 6.629457391514829157e-01 -3.810200627863738809e+00 6.629457391514829157e-01 1.564321101904777578e-01
-7.624692154473583505e-01 9.534479536034123903e-01 3.021307838011953795e+00 9.534479536034123903e-01 1.071495537000785730e-01 -4.778711378224740902e-01 3.021307838011953795e+00 -4.778711378224740902e-01 -1.747432668052825155e+00
-1.252383008632146799e+00 -8.709522316084592486e-01 -2.680329743771554085e+00 -8.709522316084592486e-01 3.375607974767916186e+00 -1.260469776320182866e+00 -2.680329743771554085e+00 -1.260469776320182866e+00 -1.401701498188235862e+00
-6.543338810765562119e-01 4.213373347336476726e+00 9.728792753789202719e-01 4.213373347336476726e+00 2.284561615983937144e-01 -7.206842343251104732e-02 9.728792753789202719e-01 -7.206842343251104732e-02 1.753292159915723403e+00
8.401529094269704956e+00 1.510153589420099862e-01 2.115296119480341908e+00 1.510153589420099862e-01 1.902140361534453428e+00 2.185281959701938614e+00 2.115296119480341908e+00 2.185281959701938614e+00 -4.623044482228625185e+00
-3.093639319226108686e+00 2.926328624278951018e+00 1.524132819164517150e+00 2.926328624278951018e+00 -2.657029819906757240e+00 -2.718298739334654268e+00 1.524132819164517150e+00 -2.718298739334654268e+00 2.309266338059686507e+00
3.116954249068903504e+00 -2.576096203211953650e+00 -4.034446373267669972e-01 -2.576096203211953650e+00 2.272778520363921029e+00 8.884213295145872991e-01 -4.034446373267669972e-01 8.884213295145872991e-01 -3.898021817855901627e+00
-5.279702482093320270e-01 -1.897117320764997395e+00 1.130511984630223177e+00 -1.897117320764997395e+00 -2.826260193924138964e+00 1.699519877184586303e+00 1.130511984630223177e+00 1.699519877184586303e+00 -2.045177029890375753e+00
-3.154517810944921230e-01 2.685752313360712407e+00 -2.488197406575024306e+00 2.685752313360712407e+00 7.224692386959171708e-01 -1.401570763178318302e+00 -2.488197406575024306e+00 -1.401570763178318302e+00 -6.600268972116948296e-01
6.012548638684559466e-01 -6.236030601945199425e-01 1.439091269352518410e+00 -6.236030601945199425e-01 -3.131043857517207929e+00 1.372354441552545490e+00 1.439091269352518410e+00 1.372354441552545490e+00 -5.989648050500153253e+00
6.038187281727384281e+00 -4.362887283277284922e+00 -3.587585506357787057e+00 -4.362887283277284922e+00 6.981269635928999406e+00 1.014967705628561090e+00 -3.587585506357787057e+00 1.014967705628561090e+00 1.835510099829325448e+00
-2.949691632988756584e+00 -6.088652850442952236e+00 2.423117375306811649e-01 -6.088652850442952236e+00 5.501076055315374802e+00 -2.084557353904158195e+00 2.423117375306811649e-01 -2.084557353904158195e+00 1.764089115184206413e+00
-8.131979021243898487e+00 -4.797322315393013348e-01 -1.532515154704624960e+00 -4.797322315393013348e-01 -8.086413399390663059e+00 -2.903001652616665762e+00 -1.532515154704624960e+00 -2.903001652616665762e+00 4.137356800991273786e+00
2.427280054646185015e+00 5.133643786206654624e+00 -4.473504828318105031e-01 5.133643786206654624e+00 -8.617564071728793795e-01 3.382539350372795739e-01 -4.473504828318105031e-01 3.382539350372795739e-01 -1.076560539887165380e+00
3.939531668391209163e+00 3.337618821624168230e+00 2.966083672135330307e+00 3.337618821624168230e+00 -6.646185338600236747e-01 2.719387586009943458e+00 2.966083672135330307e+00 2.719387586009943458e+00 5.460763956253285478e+00
2.145024074342349596e-01 -1.121260481336795456e+00 -6.481800405824211797e-02 -1.121260481336795456e+00 7.449675241583259000e-01 4.496315292220028903e-01 -6.481800405824211797e-02 4.496315292220028903e-01 -4.051318026671473782e-01
-4.344250344574104972e+00 3.364980412796669262e-01 4.111009383904969283e+00 3.364980412796669262e-01 3.321766996203340483e+00 -4.491935002095748808e-01 4.111009383904969283e+00 -4.491935002095748808e-01 -1.934699558447189549e+00
1.538031564023311537e+00 -4.533348642300190634e-01 -4.913772161852829057e-01 -4.533348642300190634e-01 7.030736808175983565e-01 4.455381179801575220e-01 -4.913772161852829057e-01 4.455381179801575220e-01 -4.878242685271181323e+00
-1.681496078192909804e+00 -1.609354627056444498e+00 -1.711416806088696507e+00 -1.609354627056444498e+00 -4.873441687404080902e-01 2.366254751274427637e+00 -1.711416806088696507e+00 2.366254751274427637e+00 -1.856204841640677783e+00
-1.137833748208789686e+00 -1.327806465409580916e+00 2.128715960702979526e+00 -1.327806465409580916e+00 1.337414229266591148e+00 -8.976246513715778474e-02 2.128715960702979526e+00 -8.976246513715778474e-02 -5.993864608874583944e-01
-1.973119678764470586e-01 2.051442598469922718e+00 -6.711332070323141608e-01 2.051442598469922718e+00 -1.887211480483023673e-01 -1.914433959599180168e+00 -6.711332070323141608e-01 -1.914433959599180168e+00 -1.098843093246325253e+01
3.248323824886335753e+00 -6.485207569921781490e-01 1.039482491111025420e+00 -6.485207569921781490e-01 2.879972719792152080e+00 -2.023501558442346027e-01 1.039482491111025420e+00 -2.023501558442346027e-01 -1.451647305162935053e+00
-9.253619103985586403e-01 -1.699963052912117911e+00 9.483160874637559523e-01 -1.699963052912117911e+00 1.111026252051419361e+00 2.760483817977835708e-01 9.483160874637559523e-01 2.760483817977835708e-01 -6.251966862569324768e+00
-3.130698291906163638e-02 1.967602026314162256e+00 3.615545704589399612e-01 1.967602026314162256e+00 -2.299800061158784548e+00 1.403938113095913431e+00 3.615545704589399612e-01 1.403938113095913431e+00 1.636041342360460282e+00
2.660051843445132569e+00 -1.180447210313088080e+00 5.707639993185961158e-01 -1.180447210313088080e+00 6.609136800963264502e-01 2.959860858344540269e+00 5.707639993185961158e-01 2.959860858344540269e+00 -3.053222504789436353e+00
1.699950472766070586e+00 -6.532497911253762890e-01 -1.652780087801523301e+00 -6.532497911253762890e-01 -5.403118198133922689e-01 -1.564451078749927504e+00 -1.652780087801523301e+00 -1.564451078749927504e+00 -6.164725937879718565e+00
5.018555683938022982e-01 -1.102010752321769926e+00 1.196803805001176668e+00 -1.102010752321769926e+00 3.709387393450004344e-01 -1.400447056605938156e+00 1.196803805001176668e+00 -1.400447056605938156e+00 -4.248324477847541303e+00
4.195202218987563292e+00 -1.005509476353638743e-01 1.785395590712217206e+00 -1.005509476353638743e-01 1.483773180901656774e+00 -1.730364945717771885e+00 1.785395590712217206e+00 -1.730364945717771885e+00 -4.186779859799280246e+00
-1.360277219407822757e+00 -3.804476125401440867e-01 3.309375225690505573e+00 -3.804476125401440867e-01 5.608780843826245421e-01 7.790564065760874346e-02 3.309375225690505573e+00 7.790564065760874346e-02 -5.708312939118487250e+00
8.487837083919271830e-01 -2.117363705406626551e+00 -1.538024437225818386e-01 -2.117363705406626551e+00 1.859831661280282322e+00 8.704910898024977245e-04 -1.538024437225818386e-01 8.704910898024977245e-04 -3.351445591574108374e+00
-1.656532380360849599e+00 5.500982818415501435e-02 -3.196015738747564505e+00 5.500982818415501435e-02 1.515459511640348533e-01 -1.963538615927444164e+00 -3.196015738747564505e+00 -1.963538615927444164e+00 4.708472269544617284e+00
-8.571161491115105724e-01 -1.844690585942180272e+00 1.586239500423926030e+00 -1.844690585942180272e+00 -4.215452129716249274e+00 -3.376382106505269598e-01 1.586239500423926030e+00 -3.376382106505269598e-01 -4.397236718774499842e+00
5.608784411120747437e-01 -1.274967051162676057e+00 3.616209457547722383e+00 -1.274967051162676057e+00 -3.187495660996706892e+00 -2.592368496676360934e+00 3.616209457547722383e+00 -2.592368496676360934e+00 -1.057710443262152289e+01
-2.736281420711334622e+00 -2.214542531399419367e+00 8.240715474136571794e-01 -2.214542531399419367e+00 -2.583084352616178969e-01 -2.436847573856560700e+00 8.240715474136571794e-01 -2.436847573856560700e+00 -3.632831105156216545e+00
4.214474595451869199e+00 -1.337046201253302202e+00 6.094931237415460168e-03 -1.337046201253302202e+00 1.828782224950720847e+00 -8.133363954246968230e-01 6.094931237415460168e-03 -8.133363954246968230e-01 1.433868537481959304e+00
-6.727616180140230107e+00 -8.611401162212767302e-01 6.975450147358274178e-01 -8.611401162212767302e-01 -5.542224695106475529e+00 -1.698993249964144914e+00 6.975450147358274178e-01 -1.698993249964144914e+00 -2.821581617628172722e+00
2.966923634946440735e+00 -1.534264380694818852e+00 3.547432984972415659e-01 -1.534264380694818852e+00 2.151077238545890058e+00 -2.005300660849571592e+00 3.547432984972415659e-01 -2.005300660849571592e+00 3.688400946900773913e+00
-3.453431016462235714e+00 1.284662598177424897e+00 2.017016682785112369e+00 1.284662598177424897e+00 -4.405743723296038890e-04 -1.953812928761421652e+00 2.017016682785112369e+00 -1.953812928761421652e+00 -1.619088416224565563e+00
-1.229014698705209740e+00 1.598116496530234576e+00 2.195467232976904715e+00 1.598116496530234576e+00 -3.146442156203973273e+00 1.377785994634405542e+00 2.195467232976904715e+00 1.377785994634405542e+00 -1.730698988486651491e+00
1.735743678137447565e+00 -2.273299534882960327e+00 1.724759040343350203e-01 -2.273299534882960327e+00 -2.267069209910636651e+00 3.013084593223906427e-01 1.724759040343350203e-01 3.013084593223906427e-01 -3.182515251137106205e+00
-8.390001907476195342e+00 -2.110722588298040936e+00 2.534495417493918268e-01 -2.110722588298040936e+00 -2.673796835837460861e+00 -5.966700526797521498e-01 2.534495417493918268e-01 -5.966700526797521498e-01 -4.469540931387703253e-01
-4.878458605350107113e+00 -2.567560242653061042e+00 -7.010919058900504375e-01 -2.567560242653061042e+00 9.638234148922323330e-01 -1.899173916730566347e+00 -7.010919058900504375e-01 -1.899173916730566347e+00 -1.424916218169906879e+00
4.359377804046409288e+00 -2.703612271922643639e+00 -3.803554393206106665e-01 -2.703612271922643639e+00 2.435855419441387504e+00 -1.822431316552345082e-01 -3.803554393206106665e-01 -1.822431316552345082e-01 -6.616618233465098697e+00
-1.371538317230447834e+00 -1.222726020329925056e+00 -1.502991979682911206e+00 -1.222726020329925056e+00 2.615494871553159850e+00 -1.131205617679002851e+00 -1.502991979682911206e+00 -1.131205617679002851e+00 -4.289407923643471676e+00
-5.948564840180228241e-01 -1.479725463560938037e+00 3.087084675615625606e+00 -1.479725463560938037e+00 -1.129250836246272448e-02 -2.592609455600024315e+00 3.087084675615625606e+00 -2.592609455600024315e+00 -4.654263745747043046e+00
2.004918749034411363e+00 -3.530973984356826634e+00 3.590347141431802225e-01 -3.530973984356826634e+00 1.075445369809266527e+00 2.863991637708954707e-01 3.590347141431802225e-01 2.863991637708954707e-01 3.256583399836929793e+00
-1.944784020353181431e+00 -3.893666637166537901e-03 8.134271874693470572e-01 -3.893666637166537901e-03 3.577619310126353702e-01 2.417868311765638267e-01 8.134271874693470572e-01 2.417868311765638267e-01 -5.803005388132647546e+00
