2.178699119471382506e+00 2.647911944129815343e+00 -4.573874653209075269e+00 2.647911944129815343e+00 3.474785137919722100e+00 -1.633685347987001935e+00 -4.573874653209075269e+00 -1.633685347987001935e+00 3.832814765776350718e+00
1.785837192192131884e+00 5.530895973239576158e+00 1.564976450753843507e+00 5.530895973239576158e+00 -7.538268984161265784e+00 7.339317569357819981e-02 1.564976450753843507e+00 7.339317569357819981e-02 2.943950696564048841e-01
7.544155577006196323e-01 -4.068324550572246068e+00 1.399848526287104544e+00 -4.068324550572246068e+00 4.809186334844866018e+00 2.613509208685537377e+00 1.399848526287104544e+00 2.613509208685537377e+00 -1.504161327917642677e+00
-1.209050330572757481e+01 -4.000394259860345691e+00 1.549077415427330795e+00 -4.000394259860345691e+00 -1.406473921750002631e+01 4.711144176221411684e+00 1.549077415427330795e+00 4.711144176221411684e+00 -3.040195600404901111e+00
-8.648362038522405371e+00 -1.796664328755197548e+00 1.163616258882694821e+00 -1.796664328755197548e+00 -9.096397702160206933e+00 -1.032070426896696702e+00 1.163616258882694821e+00 -1.032070426896696702e+00 -5.766030736140907109e+00
-5.224845846915563419e-01 2.333854186659737984e+00 2.919346779076079201e+00 2.333854186659737984e+00 -4.880874858712957121e+00 -1.648070060254528402e+00 2.919346779076079201e+00 -1.648070060254528402e+00 4.516392172757521251e-01
-3.931461415538874515e+00 2.746182130878934480e+00 -1.001265138604150007e+00 2.746182130878934480e+00 9.598732019560152651e+00 1.439860981359055492e+00 -1.001265138604150007e+00 1.439860981359055492e+00 -8.574720189881116283e+00
6.502551638598461636e+00 5.926137527756729639e-01 4.600615567543627216e-01 5.926137527756729639e-01 -1.984086754338953096e+00 2.498267290002141039e-01 4.600615567543627216e-01 2.498267290002141039e-01 2.597255908298954363e+00
-5.005957881418522604e+00 -1.178587393699246810e+00 3.076752842050597403e-01 -1.178587393699246810e+00 3.738959314646461252e+00 2.464728162455332772e+00 3.076752842050597403e-01 2.464728162455332772e+00 9.723835099315090602e+00
1.033835309486927301e+01 1.057864330811744580e+00 -6.539705021583316125e+00 1.057864330811744580e+00 1.719481180945479437e+01 -5.373434896860948662e+00 -6.539705021583316125e+00 -5.373434896860948662e+00 1.648418638807838477e+01
-2.387390356850921158e+00 -3.918382143003350304e+00 3.590310631366073757e+00 -3.918382143003350304e+00 -6.381276363234523075e+00 1.048828914236556997e+00 3.590310631366073757e+00 1.048828914236556997e+00 -5.949058032525922357e+00
-1.162179227571255025e+00 1.345503697321549730e+00 -4.123340719138546717e+00 1.345503697321549730e+00 -1.754913034782876835e+01 -3.348663636695412116e+00 -4.123340719138546717e+00 -3.348663636695412116e+00 3.215357915144646750e+00
-7.594015856141046683e+00 -3.916339920700275257e-01 -2.436474691026345951e+00 -3.916339920700275257e-01 -1.218851500187356507e+01 3.983549047681185673e+00 -2.436474691026345951e+00 3.983549047681185673e+00 -3.673280514733378688e+00
-4.457752289469166129e+00 4.676016824901101820e+00 -1.687270850781880549e+00 4.676016824901101820e+00 4.248012004870242109e+00 -1.806173221375684923e+00 -1.687270850781880549e+00 -1.806173221375684923e+00 -4.385773890127560026e-01
-9.875140089437698165e+00 -3.378528435917345085e+00 3.275470256364244381e+00 -3.378528435917345085e+00 4.570823580593158519e-01 -3.788501340231398729e+00 3.275470256364244381e+00 -3.788501340231398729e+00 3.842956855675724537e+00
-3.871192016419696014e+00 4.247123657890211623e-01 1.397781025874288208e+00 4.247123657890211623e-01 3.487414823754057647e+00 -6.809718125476591499e-01 1.397781025874288208e+00 -6.809718125476591499e-01 1.099270654426782556e+01
5.697796094883993412e+00 1.743263068346682654e-01 -2.046751397354996949e-01 1.743263068346682654e-01 6.191523843110168457e+00 1.281177612566281487e+00 -2.046751397354996949e-01 1.281177612566281487e+00 2.167406253035346353e+01
-6.016353758386709494e+00 4.148316890840041404e-01 2.026622978020505172e+00 4.148316890840041404e-01 -8.865361466379258815e+00 -3.331512884968950150e+00 2.026622978020505172e+00 -3.331512884968950150e+00 7.585139513263963629e+00
-3.219534581693722863e+00 -7.722633985236720955e-01 -1.866377375126847316e+00 -7.722633985236720955e-01 7.374545828409615478e-01 2.603055623547324338e+00 -1.866377375126847316e+00 2.603055623547324338e+00 1.429931000257057860e+01
-8.854300739539440190e-01 -2.377088904567496552e+00 -3.408890490559730146e+00 -2.377088904567496552e+00 -8.902145979314070701e+00 7.672316845906196114e+00 -3.408890490559730146e+00 7.672316845906196114e+00 1.603044944894421064e+00
4.093508632441576367e+00 3.006141080083269301e+00 -2.048904174860146199e+00 3.006141080083269301e+00 -9.070237138054126902e+00 3.507706722153218326e+00 -2.048904174860146199e+00 3.507706722153218326e+00 -3.584140287499836930e+00
-2.652160723096845807e+00 -2.319260810588006816e+00 2.586355509541114372e+00 -2.319260810588006816e+00 -8.204872090452608902e+00 -1.096379547284467293e+00 2.586355509541114372e+00 -1.096379547284467293e+00 7.610638099228586029e+00
3.873227792569004180e+00 -6.467703751985968808e+00 5.363343660273848235e-01 -6.467703751985968808e+00 5.327246723633420444e+00 3.386235888752082701e+00 5.363343660273848235e-01 3.386235888752082701e+00 4.988979036271355305e+00
-1.762500165716869560e+01 -1.693018245017343437e+00 8.283232309183148345e+00 -1.693018245017343437e+00 -2.208689940541742658e+01 2.283968945866639455e+00 8.283232309183148345e+00 2.283968945866639455e+00 4.682490015654260596e+00
2.225636400405001658e-01 -3.040049490858627745e+00 -1.915879819047854093e+00 -3.040049490858627745e+00 -1.944214500116566435e-01 2.911696465473998519e+00 -1.915879819047854093e+00 2.911696465473998519e+00 -5.428962291024486131e-01
6.014549729842062042e+00 7.259054892710151030e+00 -2.023515466635570359e+00 7.259054892710151030e+00 -3.232138241879509710e+00 -6.661819255758131497e+00 -2.023515466635570359e+00 -6.661819255758131497e+00 7.706288346083480789e+00
-7.740208732975756512e+00 -5.091285541737493592e-01 6.245029785630394903e-01 -5.091285541737493592e-01 -9.274525037931454108e+00 -2.830293685545707039e+00 6.245029785630394903e-01 -2.830293685545707039e+00 -3.488467320883535727e+00
-1.596780337781422032e+00 -5.159059705668984641e-01 -4.408535318320446095e+00 -5.159059705668984641e-01 -1.192252230565977733e+01 5.004540385745488429e+00 -4.408535318320446095e+00 5.004540385745488429e+00 1.429986073360131549e+01
-1.101522487588877652e+01 -1.453131091800291763e+00 -1.825884877716843491e+00 -1.453131091800291763e+00 -8.253517268146271846e+00 -5.877695732015873809e+00 -1.825884877716843491e+00 -5.877695732015873809e+00 9.977284242277036697e+00
1.409624506069962480e-01 7.292365435421718223e-01 -2.164888532703986623e+00 7.292365435421718223e-01 -4.502803367708198223e+00 1.056643321342756403e+00 -2.164888532703986623e+00 1.056643321342756403e+00 -1.163471710701547090e+00
-1.840982777649537994e+01 4.550860970002748473e+00 -3.221429552891150294e+00 4.550860970002748473e+00 -1.713936113892256330e+01 -1.414875153083183790e+00 -3.221429552891150294e+00 -1.414875153083183790e+00 -4.126445016719053172e+00
-2.891234730766114147e+00 4.025861499879937466e-01 9.672415410858535623e+00 4.025861499879937466e-01 -1.086774844510622451e+01 6.871154361856844695e+00 9.672415410858535623e+00 6.871154361856844695e+00 5.398695685824512758e+00
-1.003484196572727960e+01 1.172314631222035608e+00 -6.370510267067051480e+00 1.172314631222035608e+00 -1.093223419727402579e+01 8.270373367698528710e+00 -6.370510267067051480e+00 8.270373367698528710e+00 -1.971248114811400276e+00
4.302889550233958693e-01 -2.228408053169905312e+00 8.463121310930562524e-01 -2.228408053169905312e+00 1.756042306157711863e+01 -7.370063572785878758e-01 8.463121310930562524e-01 -7.370063572785878758e-01 1.081373806492085876e+01
-1.566765547406684389e+00 -1.815791479048515455e+00 5.590120627497660699e+00 -1.815791479048515455e+00 -7.580157920007979833e+00 9.892896805593847098e-01 5.590120627497660699e+00 9.892896805593847098e-01 -4.165707282948792667e+00
6.740194456020297764e+00 -6.918533878996764308e+00 -6.722528238724008176e-01 -6.918533878996764308e+00 -1.104702357391236234e+01 7.548249438838703362e+00 -6.722528238724008176e-01 7.548249438838703362e+00 4.103741075189715204e+00
1.829696702918057483e+01 2.044756125241994127e+00 4.613972211621172548e+00 2.044756125241994127e+00 5.198330248813106458e+00 3.170352530959437143e+00 4.613972211621172548e+00 3.170352530959437143e+00 1.336992362787925792e+01
-9.821922214929475814e+00 -3.604637277376364413e+00 -1.634902436708113083e+00 -3.604637277376364413e+00 -9.585625090922974323e+00 5.962041515162656014e-01 -1.634902436708113083e+00 5.962041515162656014e-01 4.044714420738761973e+00
2.635239540296206773e+00 -1.899481433526970076e+00 -3.056847571698555033e+00 -1.899481433526970076e+00 -1.258914174986714429e-01 3.230620665705840278e+00 -3.056847571698555033e+00 3.230620665705840278e+00 1.398867741346677684e+00
-8.206015826007636349e+00 4.092613575239780310e+00 -5.238463778244760505e+00 4.092613575239780310e+00 -9.870264794671991027e+00 1.678070425039000391e+00 -5.238463778244760505e+00 1.678070425039000391e+00 -6.739365980018215296e+00
-9.866820174579046920e+00 -1.535895672350249264e+00 1.852477365801625142e+00 -1.535895672350249264e+00 -7.646167788475693783e+00 -2.727628024086564018e+00 1.852477365801625142e+00 -2.727628024086564018e+00 3.276576559364974273e+00
-1.343004339953604465e+01 -7.540715843944448160e+00 -2.007450901518797348e+00 -7.540715843944448160e+00 -8.696805792088554199e+00 5.296012014668538548e+00 -2.007450901518797348e+00 5.296012014668538548e+00 5.251571316600697870e+00
-2.500293310165626615e+00 -2.071755642364192518e+00 -1.131370514247073356e+00 -2.071755642364192518e+00 5.878977748177586227e-01 -3.888475712580686250e-01 -1.131370514247073356e+00 -3.888475712580686250e-01 -4.718546475373505689e-01
-1.372526840780984259e+01 2.760071977975460042e-02 -5.822817245980123957e+00 2.760071977975460042e-02 -1.501099463577235671e+00 3.182479819049218062e+00 -5.822817245980123957e+00 3.182479819049218062e+00 -1.137430043190318862e+01
-5.712612452791964834e+00 3.873109714324651343e+00 6.159133127198104241e+00 3.873109714324651343e+00 -1.178142655911384651e+01 4.323618482403642771e-01 6.159133127198104241e+00 4.323618482403642771e-01 -9.288940922057895122e+00
-3.904445973942014980e+00 -5.837913119371413551e+00 4.318162874282625019e+00 -5.837913119371413551e+00 4.492845472932371909e-01 -2.794976339977089275e+00 4.318162874282625019e+00 -2.794976339977089275e+00 4.399148407596044308e+00
-1.302780830204213736e+01 -1.848076120320770288e+00 1.124502822564053162e+01 -1.848076120320770288e+00 -2.353916475714100898e+01 3.412394190494473012e+00 1.124502822564053162e+01 3.412394190494473012e+00 2.011931312597327270e+00
-9.222356563439610966e-01 -8.165961463288066158e-01 3.768900816261165243e+00 -8.165961463288066158e-01 1.000506965565034712e+00 1.509735822168012609e+00 3.768900816261165243e+00 1.509735822168012609e+00 1.126842768550505802e+01
1.780413422051099870e+00 -2.200071644517796354e+00 1.541113606304673977e+00 -2.200071644517796354e+00 8.310316107730793433e+00 1.608685584456102102e+00 1.541113606304673977e+00 1.608685584456102102e+00 2.207645801250138762e-01
-7.620040096171926791e+00 -1.104796995789853131e+00 -1.649835632128814789e+00 -1.104796995789853131e+00 -3.991609763572215308e-01 4.117433659364848619e-01 -1.649835632128814789e+00 4.117433659364848619e-01 -6.133360452206321867e+00
-8.918829221298741672e+00 4.916938119050548117e+00 1.708783278141495998e+00 4.916938119050548117e+00 -7.349354566059219884e+00 5.541495592130315728e+00 1.708783278141495998e+00 5.541495592130315728e+00 -5.800786112407404715e+00
1.503030639978115479e+00 -2.241198801810989849e+00 1.948511709388234037e+00 -2.241198801810989849e+00 -6.710310251848583540e+00 -2.085842632808077579e-01 1.948511709388234037e+00 -2.085842632808077579e-01 5.345785675989172425e+00
9.321571042463862034e-01 1.058549613589371940e+00 -2.194581934889493713e+00 1.058549613589371940e+00 5.049316539474576260e+00 9.660766258529885908e-01 -2.194581934889493713e+00 9.660766258529885908e-01 1.880915264489858885e+01
7.589165307982719710e+00 2.592169129712065256e+00 -5.064996141813376873e+00 2.592169129712065256e+00 6.080608500532111549e+00 -7.770775476941639281e-01 -5.064996141813376873e+00 -7.770775476941639281e-01 5.687897803106508832e+00
-7.953194302411088046e+00 -3.658320388072383023e-01 6.460162158453735870e+00 -3.658320388072383023e-01 -1.030865968053536719e+01 6.393694066103572382e+00 6.460162158453735870e+00 6.393694066103572382e+00 -8.569245858026216522e-01
-1.157692239629602771e+00 -1.074743715318252191e+00 5.531385645881123359e-02 -1.074743715318252191e+00 2.626285622788706586e+00 -6.261526007094360413e-02 5.531385645881123359e-02 -6.261526007094360413e-02 6.545625656876887355e+00
-6.614282361727370940e+00 4.755641142070022198e+00 2.780440504581366046e+00 4.755641142070022198e+00 -1.247053213535324723e+01 -3.121275109526485014e+00 2.780440504581366046e+00 -3.121275109526485014e+00 2.467189505874060718e+00
6.242978930260575154e+00 4.146462893557976592e+00 -8.312217419961056564e-01 4.146462893557976592e+00 6.077226605008467786e+00 2.220997892922563555e+00 -8.312217419961056564e-01 2.220997892922563555e+00 1.404904510988285837e+00
-1.491175421466239293e+01 4.042362099630261163e+00 2.336891561385755212e-01 4.042362099630261163e+00 -4.054718221968768965e+00 1.321397415702188605e+00 2.336891561385755212e-01 1.321397415702188605e+00 -3.819720181101987855e+00
1.808256392755842323e-01 -1.539069576936515915e+00 1.053382889411731638e+00 -1.539069576936515915e+00 -9.998884035868718101e+00 8.006092183448051403e-01 1.053382889411731638e+00 8.006092183448051403e-01 3.337764126231200112e+00
-1.168891595715393983e+01 5.903706210478332217e+00 -2.628410533653487757e+00 5.903706210478332217e+00 -1.826842978886070412e+01 8.908266068631137680e-01 -2.628410533653487757e+00 8.908266068631137680e-01 1.572461571818600579e+00
5.856976680402624369e-02 -2.923571091142501910e+00 -5.349116489546647202e+00 -2.923571091142501910e+00 4.346518754226718961e+00 1.039875394445427981e+00 -5.349116489546647202e+00 1.039875394445427981e+00 2.602560375180195784e+00
-4.031630756412841188e-01 -7.161310570531097541e-01 -1.358822067516860521e+00 -7.161310570531097541e-01 -3.666812082960661190e+00 -1.192850668606858733e+00 -1.358822067516860521e+00 -1.192850668606858733e+00 3.193282984534207891e+00
-1.356965936348715873e+00 -2.439493413706256941e+00 1.803056348731277569e-01 -2.439493413706256941e+00 -3.502254783679314087e+00 1.090432546711099349e+00 1.803056348731277569e-01 1.090432546711099349e+00 -1.656671771666338611e+00
7.941452850625906557e+00 6.336994679161017663e-01 -3.336333419874974116e+00 6.336994679161017663e-01 -1.899699214512027279e+00 2.762944459429080291e-01 -3.336333419874974116e+00 2.762944459429080291e-01 1.025348889310161837e+01
5.339454466599139693e+00 -6.050422769994752148e-01 5.484703364938458670e+00 -6.050422769994752148e-01 -7.840245406680254270e+00 -8.259278758344974491e-01 5.484703364938458670e+00 -8.259278758344974491e-01 1.834704219062942698e+01
-9.219145691694046185e-01 -6.590519432716172021e-01 -8.703099751600219536e-01 -6.590519432716172021e-01 5.726085744381418152e+00 -2.756910875537037064e+00 -8.703099751600219536e-01 -2.756910875537037064e+00 9.011475997793933601e+00
-1.005207154114009072e+01 -3.818596639387965119e+00 -3.994338179432018077e+00 -3.818596639387965119e+00 -5.088424835946400826e+00 -7.518978671331868924e+00 -3.994338179432018077e+00 -7.518978671331868924e+00 8.518029496858762428e+00
-9.900281288155994730e+00 4.220596365066654698e+00 -5.136934449073271569e-01 4.220596365066654698e+00 -1.106270435142694630e+01 -2.093795982982890713e+00 -5.136934449073271569e-01 -2.093795982982890713e+00 2.400889758458935930e+01
-1.738453916343121364e+01 3.370405723686167310e+00 1.737546007046249841e+00 3.370405723686167310e+00 -1.172401459590615680e+01 -6.524692138548086884e-02 1.737546007046249841e+00 -6.524692138548086884e-02 -6.346885547875564804e+00
-7.813643047895842741e+00 -9.464257708640362310e-01 1.007295711358188739e-01 -9.464257708640362310e-01 -7.195106770773086247e+00 -1.272947470949639559e+00 1.007295711358188739e-01 -1.272947470949639559e+00 1.231014290108500830e+00
1.279512386050912909e+01 -5.702176487699256668e+00 2.603536159834666797e-01 -5.702176487699256668e+00 1.091031780430287235e+01 -2.261974018502930228e+00 2.603536159834666797e-01 -2.261974018502930228e+00 7.810467512875304052e+00
-8.457726637676115544e+00 -2.473782721627717951e+00 -3.476217702834066614e+00 -2.473782721627717951e+00 -4.891904432121594315e-01 -6.845281328413873601e-01 -3.476217702834066614e+00 -6.845281328413873601e-01 -6.103368170819454264e+00
-5.543278154394861268e+00 4.074586211574952266e+00 -1.052350856762504616e+00 4.074586211574952266e+00 6.573975181103166143e+00 -1.906102921896412505e+00 -1.052350856762504616e+00 -1.906102921896412505e+00 1.959319451693223302e-01
-4.704492956109214141e+00 1.123847332496554330e+00 5.551572935012742960e+00 1.123847332496554330e+00 1.309447075895543655e+01 -2.580390309430440787e+00 5.551572935012742960e+00 -2.580390309430440787e+00 3.734600665398489561e+00
7.469575047402213563e+00 7.935363595264592007e+00 -6.452245520375680110e-01 7.935363595264592007e+00 1.154877873768511165e+01 8.345731334255048761e-01 -6.452245520375680110e-01 8.345731334255048761e-01 3.114012375752822859e+00
4.798277166920561498e+00 -1.829788865172619738e+00 -5.780090678802485726e+00 -1.829788865172619738e+00 1.240982709641116699e+01 2.839388825470187783e+00 -5.780090678802485726e+00 2.839388825470187783e+00 -2.614105944934660641e+00
2.189277649598935671e+00 4.200854841855750088e+00 -9.463056193456390597e-01 4.200854841855750088e+00 1.814286780012690059e+00 1.276724037390412736e+00 -9.463056193456390597e-01 1.276724037390412736e+00 9.831057385992762576e+00
-6.596822218056167308e+00 1.232654481128674595e+00 3.355945787672471425e+00 1.232654481128674595e+00 -6.944880226881098295e+00 -1.388272388374935939e+00 3.355945787672471425e+00 -1.388272388374935939e+00 -1.663537206520474099e+00
2.210294165273749112e+00 5.790262209404343885e+00 1.471682670237288271e+00 5.790262209404343885e+00 -2.852231774364714756e+00 1.248761093630455843e+00 1.471682670237288271e+00 1.248761093630455843e+00 6.497122507077696341e+00
-2.504170518858103378e+00 3.045353382984120394e+00 7.794711104004771407e+00 3.045353382984120394e+00 -1.179846224290708356e+01 1.698761023692386241e+00 7.794711104004771407e+00 1.698761023692386241e+00 -3.957711926008312453e+00
-8.533147087006021536e+00 -6.104577877715473139e-02 -1.119939032124418699e+00 -6.104577877715473139e-02 -4.970375505309104547e+00 2.660518133681577968e+00 -1.119939032124418699e+00 2.660518133681577968e+00 6.628968100848044109e+00
-4.418249603177494045e+00 -8.737311936378284738e-01 3.354842612225471754e+00 -8.737311936378284738e-01 -1.399745241225489778e+01 3.331319788813956184e-01 3.354842612225471754e+00 3.331319788813956184e-01 -3.039216138070905959e+00
-4.923653602062634249e+00 7.873240126060069288e-01 2.459882659288511686e+00 7.873240126060069288e-01 -6.343743929110702562e-02 1.446102252595595106e+00 2.459882659288511686e+00 1.446102252595595106e+00 2.091632689885416230e-01
-8.027535744088121206e-01 -5.944926193459439290e+00 5.138856310335140343e+00 -5.944926193459439290e+00 -2.335629683633631259e+01 3.582899856067625510e+00 5.138856310335140343e+00 3.582899856067625510e+00 5.906520364845975202e-01
-1.040505109562167618e+01 1.103065861173648937e-01 -2.135229127369718594e+00 1.103065861173648937e-01 -3.749538721325175850e+00 -1.271925179834922925e+00 -2.135229127369718594e+00 -1.271925179834922925e+00 3.783090512844824449e+00
-4.052308678194139091e+00 -1.437724642554248922e-01 -1.081531931702968574e+00 -1.437724642554248922e-01 -2.327731528748648415e+00 7.242239931103724437e-01 -1.081531931702968574e+00 7.242239931103724437e-01 -1.423747530038090625e+00
-4.824405518444078722e-01 -3.196530792619447503e+00 1.429135428408602859e+00 -3.196530792619447503e+00 -8.344645968927503432e+00 7.111035166283534714e-01 1.429135428408602859e+00 7.111035166283534714e-01 -6.819057428591385195e-01
-8.629965830119083137e+00 -4.183423823634458749e+00 1.685729609719982758e+00 -4.183423823634458749e+00 -1.328912125378661813e+01 -1.410044719121963608e+00 1.685729609719982758e+00 -1.410044719121963608e+00 -6.301493262240221327e+00
-4.259457352259171437e+00 1.907626564905836597e+00 -4.184706475530083125e+00 1.907626564905836597e+00 1.838519347402620907e+00 2.043585861107284796e+00 -4.184706475530083125e+00 2.043585861107284796e+00 9.121385498253692603e+00
-7.796450764027689218e+00 -7.599785066630512231e-01 1.155207024624110979e+01 -7.599785066630512231e-01 -1.973088166755870887e+01 4.806839245583628184e+00 1.155207024624110979e+01 4.806839245583628184e+00 4.216301486977345192e+00
4.536104845613347369e-01 -1.264894688403893408e+00 -7.096483474500503430e-01 -1.264894688403893408e+00 -3.241128867598798369e+00 -9.184828687339072761e-01 -7.096483474500503430e-01 -9.184828687339072761e-01 -5.890196504590515802e-01
-4.772939572594119717e+00 3.293266932315203066e-01 -3.646016394633925239e-01 3.293266932315203066e-01 -2.171834665796762209e+00 -1.144675845022461891e+00 -3.646016394633925239e-01 -1.144675845022461891e+00 6.475710888596784898e+00
-8.760711147870621218e+00 3.394655765548217463e+00 -2.193393987950595481e+00 3.394655765548217463e+00 -9.451499708752573170e+00 4.934343898146136276e-01 -2.193393987950595481e+00 4.934343898146136276e-01 3.759203425582173796e+00
3.121587856796570914e+00 4.203987939353793779e-01 -4.632742577278357032e+00 4.203987939353793779e-01 -1.794494220345018221e+01 4.275156679537533755e+00 -4.632742577278357032e+00 4.275156679537533755e+00 -9.047697150277274503e+00
9.608879620392986709e+00 1.286096173499393203e+00 -5.458605564194926707e+00 1.286096173499393203e+00 -9.528661517031769890e+00 -5.639119349703300976e-01 -5.458605564194926707e+00 -5.639119349703300976e-01 1.156576118483134863e+01
8.737518232183134614e+00 -5.535935718096307578e-01 -3.521061791031038002e+00 -5.535935718096307578e-01 7.444983675842617998e+00 -3.505939699284311484e+00 -3.521061791031038002e+00 -3.505939699284311484e+00 1.199886655597204133e+01
-1.515067416239987752e+00 2.026552055819023757e+00 2.546608958406990642e+00 2.026552055819023757e+00 6.011762588417107089e+00 -1.416929134891590003e+00 2.546608958406990642e+00 -1.416929134891590003e+00 6.057833007049719498e+00
4.457443811047412829e+00 -4.153267927632586343e+00 1.232725352518933670e+00 -4.153267927632586343e+00 -3.266743603719103994e+00 2.411614211337281155e+00 1.232725352518933670e+00 2.411614211337281155e+00 4.231008632359032795e+00
-5.768870900790952216e-01 7.975338585595575402e+00 -1.909364287630539447e-01 7.975338585595575402e+00 -9.459026510472657634e+00 -2.417028935800950684e+00 -1.909364287630539447e-01 -2.417028935800950684e+00 6.017529237271725506e+00
