1.641272084837305689e+00 -3.019829722860814858e+00 2.098491142375312979e+00 -3.019829722860814858e+00 7.913018388101044742e+00 -3.346183802233830828e+00 2.098491142375312979e+00 -3.346183802233830828e+00 4.005322761204411108e+00
-1.609226401320939637e+00 2.109585865826136164e+00 -1.819431190137078769e+00 2.109585865826136164e+00 -5.342296601109228327e+00 -3.322409289234546037e+00 -1.819431190137078769e+00 -3.322409289234546037e+00 -1.018486246589516497e+01
-1.224873293142017516e+01 -1.461101547569104930e+00 -3.893025586305653984e-02 -1.461101547569104930e+00 -7.298939862445442905e+00 -4.017203684884861126e+00 -3.893025586305653984e-02 -4.017203684884861126e+00 -1.086206730505200113e+00
8.333271090140881299e+00 7.709580276570789259e+00 -7.952338444435276266e-01 7.709580276570789259e+00 -2.563089339060828031e+00 -5.754658651317765550e-01 -7.952338444435276266e-01 -5.754658651317765550e-01 -4.786203903370805257e+00
-8.234578582439352701e+00 1.879915007113904246e-01 -5.953784256227301341e-01 1.879915007113904246e-01 -1.603584782676958653e+01 -2.773549698336700953e+00 -5.953784256227301341e-01 -2.773549698336700953e+00 -4.547371828935946603e+00
-4.507965550962249601e+00 4.770409721963613237e-01 -2.225874396213019857e+00 4.770409721963613237e-01 -1.004625959618654285e+01 -1.852074798890877894e+00 -2.225874396213019857e+00 -1.852074798890877894e+00 -7.052699472377618406e+00
1.148108619696433585e+01 3.386456512957362275e+00 -2.233419022876113047e+00 3.386456512957362275e+00 4.251307607574633884e+00 -5.583474580133947818e+00 -2.233419022876113047e+00 -5.583474580133947818e+00 3.253419339260013476e+00
-5.357737418119087103e+00 -4.887384212448278475e+00 8.362551168677702096e-01 -4.887384212448278475e+00 1.776902913566023035e+00 7.928802807787430629e-01 8.362551168677702096e-01 7.928802807787430629e-01 4.393607129923311483e-01
-1.788354329076089044e+00 1.523863214436067759e+00 2.668713388305506973e-01 1.523863214436067759e+00 -2.109661997732448224e-01 -5.694377549285047024e+00 2.668713388305506973e-01 -5.694377549285047024e+00 -2.417780512725463016e+00
-1.144216874027093667e+01 -5.692863161309544395e+00 4.942771637679353458e-01 -5.692863161309544395e+00 -1.376142215676228275e+01 -6.094883612126098527e+00 4.942771637679353458e-01 -6.094883612126098527e+00 -9.848802993903856162e+00
5.570272473872921459e+00 -9.409260008318069968e-01 -1.830565280680377827e+00 -9.409260008318069968e-01 -3.248178685295331380e+00 -1.779012748877187855e-01 -1.830565280680377827e+00 -1.779012748877187855e-01 1.157458448219423985e+01
-3.938414500345000402e+00 2.047128713689729818e+00 -1.958394148619801545e+00 2.047128713689729818e+00 -7.508392345345610286e-01 -1.144846117830066769e-02 -1.958394148619801545e+00 -1.144846117830066769e-02 9.800242406149297647e-01
1.018545883128939522e+01 1.864975986274354236e+00 -1.086275146524893653e+00 1.864975986274354236e+00 1.261361955372578558e+00 1.271054208848550360e+00 -1.086275146524893653e+00 1.271054208848550360e+00 -4.341605258024092251e+00
-2.562499824033420914e+00 2.864502560246809382e-01 1.816781270279318239e+00 2.864502560246809382e-01 -6.484698099858942300e+00 -4.029058045749562389e+00 1.816781270279318239e+00 -4.029058045749562389e+00 5.833831886471422257e-01
-4.694856058632567830e+00 1.734747321876596304e+00 -3.637086739095660270e+00 1.734747321876596304e+00 -1.501652473264210697e+00 -7.452032369742798146e-01 -3.637086739095660270e+00 -7.452032369742798146e-01 -1.083644019809327785e+00
1.230456859506170453e+00 -2.002779485422338634e+00 4.794516847284261418e-01 -2.002779485422338634e+00 -1.265349863303881151e+01 -3.780671885112320663e+00 4.794516847284261418e-01 -3.780671885112320663e+00 -6.059885099895693017e+00
-4.879930491302676643e+00 -8.171267037039825487e-01 -4.325686214471042845e-01 -8.171267037039825487e-01 -5.467723516686503693e+00 9.832477885473313306e-02 -4.325686214471042845e-01 9.832477885473313306e-02 -8.865746859452382722e+00
-4.339753101267649349e-01 -3.015207834044089097e-01 1.059730855355597745e+00 -3.015207834044089097e-01 5.365776995057647270e+00 5.834325601183338428e+00 1.059730855355597745e+00 5.834325601183338428e+00 -1.133031484560649460e+01
3.001189449975039114e+00 4.981348103020355467e+00 4.073438304413154576e+00 4.981348103020355467e+00 5.428128866390106388e+00 7.141526225059546817e-01 4.073438304413154576e+00 7.141526225059546817e-01 -5.140788764296823743e+00
-6.875423201449367028e+00 4.875880531524960482e+00 4.475038755548511382e+00 4.875880531524960482e+00 5.505157002080497186e+00 5.200011139542023209e+00 4.475038755548511382e+00 5.200011139542023209e+00 -4.986545823007354272e+00
1.050052908446176270e+00 -2.673278578245692927e+00 -6.164340297170666005e+00 -2.673278578245692927e+00 -5.190340887969592920e+00 4.899222788940327256e+00 -6.164340297170666005e+00 4.899222788940327256e+00 3.173399783725918688e+00
-3.870180164909744036e+00 9.054723199829426861e+00 2.859787730704726361e+00 9.054723199829426861e+00 4.553227001398308715e+00 -7.282181702456635541e+00 2.859787730704726361e+00 -7.282181702456635541e+00 -2.612180707087939702e+00
-6.923599386273575185e+00 -1.439628941114981853e+00 1.045565005134061920e+00 -1.439628941114981853e+00 1.129343869830342184e+00 -9.209356951832435856e-01 1.045565005134061920e+00 -9.209356951832435856e-01 -1.553987723241880392e+00
1.246216373025550972e+01 -6.625125877361920601e+00 -2.357582374052725971e+00 -6.625125877361920601e+00 3.833701290484275326e+00 -2.908228057208177564e+00 -2.357582374052725971e+00 -2.908228057208177564e+00 2.682791730007016096e+00
-7.202463354952753249e+00 -6.667383562713404821e-01 -6.539660128913020731e-01 -6.667383562713404821e-01 -6.190229132281465318e+00 2.054529657936130072e+00 -6.539660128913020731e-01 2.054529657936130072e+00 -6.563442269006373841e+00
-8.479486006910265772e+00 -1.133341007458039673e+00 4.307497390060054165e+00 -1.133341007458039673e+00 -1.088576868353435501e+01 9.832443714858962736e-01 4.307497390060054165e+00 9.832443714858962736e-01 -1.148685589326165601e+00
-1.446805923072131073e+01 3.312598523818277574e+00 5.480881031226454425e+00 3.312598523818277574e+00 -8.030122614787924107e+00 5.552413498812251991e-01 5.480881031226454425e+00 5.552413498812251991e-01 -7.739545581689502463e+00
-4.041912135749662127e+00 4.059326104461924878e+00 3.762488650916311350e+00 4.059326104461924878e+00 -2.073819391270833867e-01 -3.790859563026691248e+00 3.762488650916311350e+00 -3.790859563026691248e+00 3.109143401486184288e+00
-5.752704216916177948e+00 -2.079387289673166439e+00 3.823250605867101193e+00 -2.079387289673166439e+00 -4.200535628969138457e+00 3.106833268361469447e+00 3.823250605867101193e+00 3.106833268361469447e+00 -3.677002866896929678e+00
-9.704475659499065543e+00 9.836730166303124800e-01 -2.115412962609155567e+00 9.836730166303124800e-01 -1.553423447415833714e+00 -3.504985408508578981e+00 -2.115412962609155567e+00 -3.504985408508578981e+00 -3.930907291246149793e+00
-1.156512733375682878e+01 -2.835854534930441595e+00 -4.885373950399956477e+00 -2.835854534930441595e+00 -1.015775532150164828e+01 9.118819619988437486e-01 -4.885373950399956477e+00 9.118819619988437486e-01 -7.958885672366222686e+00
-5.783492096766826851e-01 -1.799736280686989431e+00 -3.009364360792368132e+00 -1.799736280686989431e+00 -4.444458309987891376e+00 4.410360076699566534e+00 -3.009364360792368132e+00 4.410360076699566534e+00 2.886207393247033903e-01
-1.446191691644650446e+00 2.023179963982110863e+00 2.084846840078332875e+00 2.023179963982110863e+00 -2.928697978326435081e+00 1.571023112084799278e+00 2.084846840078332875e+00 1.571023112084799278e+00 -2.062134778301282001e+00
-1.555125244300966081e+01 5.354579032710082842e+00 1.300021771529829451e+00 5.354579032710082842e+00 -5.153566770952987319e+00 4.367391010525642159e+00 1.300021771529829451e+00 4.367391010525642159e+00 -6.532122680578273943e+00
8.188705363193950149e+00 -1.584407245981251489e+00 4.532342123121396726e-01 -1.584407245981251489e+00 4.401038352379173624e+00 4.130977987100421522e+00 4.532342123121396726e-01 4.130977987100421522e+00 3.413298658759843285e+00
-4.040813657745872867e+00 -3.101156701308423358e+00 2.071329380992951441e-01 -3.101156701308423358e+00 -6.681782911966860361e+00 -2.586433918296914936e+00 2.071329380992951441e-01 -2.586433918296914936e+00 -1.049859703287403434e+01
6.740081548959899749e+00 1.789678289686867485e+00 -1.078967413991829938e+00 1.789678289686867485e+00 -2.642098671195224346e-01 5.843989036625385491e-01 -1.078967413991829938e+00 5.843989036625385491e-01 -7.480639740360310874e+00
3.381387379457122311e+00 3.903048455988981758e+00 -2.034626964902505275e+00 3.903048455988981758e+00 5.358770380332189553e+00 -4.885874147069158568e-01 -2.034626964902505275e+00 -4.885874147069158568e-01 -3.779119799084126319e-01
-3.407573364892949819e+00 6.537008785779448772e+00 1.363652278736394496e+00 6.537008785779448772e+00 -8.961358312410498073e+00 3.086840079238479362e+00 1.363652278736394496e+00 3.086840079238479362e+00 -2.446977097262168943e+00
2.666601559962591406e+00 1.247876077387051863e+00 1.440148520222681583e+00 1.247876077387051863e+00 -2.481373425316478476e-02 -2.234523459571074344e+00 1.440148520222681583e+00 -2.234523459571074344e+00 2.680771770644979402e+00
4.842076372175441179e+00 8.637119080684549033e+00 -4.038284323875076076e+00 8.637119080684549033e+00 1.543349804203857190e+01 -2.661698671679966655e+00 -4.038284323875076076e+00 -2.661698671679966655e+00 1.902549670181201913e+00
2.207171579104320269e+00 6.873561290496381648e-01 -5.242184965449867562e-01 6.873561290496381648e-01 -3.840994605626315561e+00 4.219122517335583744e+00 -5.242184965449867562e-01 4.219122517335583744e+00 -3.076178957164477978e+00
5.796390951684378123e+00 2.804903085203453106e+00 -4.052062313764565715e+00 2.804903085203453106e+00 -4.957895707440670208e+00 -4.873952243738417955e+00 -4.052062313764565715e+00 -4.873952243738417955e+00 -1.078940419875469070e+00
-2.591685167823123415e+00 -3.524672397233387766e+00 1.568844482315456812e+00 -3.524672397233387766e+00 7.411949787928461042e+00 2.097853622285062780e+00 1.568844482315456812e+00 2.097853622285062780e+00 4.592495861768773224e+00
-4.674578683631254172e+00 -7.215873070175310433e-01 -3.088074813214621850e-01 -7.215873070175310433e-01 -6.104050188028805835e+00 3.245989975719965059e+00 -3.088074813214621850e-01 3.245989975719965059e+00 -1.022443031929149804e+01
-2.863402577504747804e+00 1.275534089905773438e+00 2.586911802717001940e+00 1.275534089905773438e+00 3.172220733822930683e+00 2.989666697991152144e+00 2.586911802717001940e+00 2.989666697991152144e+00 -2.726579715111594471e+00
-8.584590494240506686e+00 -1.400703980925801728e+00 -1.392090687788537728e+00 -1.400703980925801728e+00 1.065864397916115358e+01 -4.607174242100520734e-01 -1.392090687788537728e+00 -4.607174242100520734e-01 -1.742872988850405092e+00
4.073565777759510453e+00 3.305588911540479291e+00 -4.411906693899017462e+00 3.305588911540479291e+00 -1.232905960966341929e+01 3.374152144120733610e+00 -4.411906693899017462e+00 3.374152144120733610e+00 -3.932822332339492299e-01
-2.471573688381170530e+00 2.959636460280817172e+00 1.182864374948454866e+00 2.959636460280817172e+00 -4.570628366242358354e+00 -2.370694314912220879e-01 1.182864374948454866e+00 -2.370694314912220879e-01 1.678433571154872794e+00
-3.456675200754228960e+00 3.730744307878819388e+00 3.908173922418570201e-01 3.730744307878819388e+00 -4.511437698391329576e+00 3.129749137049778751e-01 3.908173922418570201e-01 3.129749137049778751e-01 -4.479970447452254589e+00
-9.254220163099095231e+00 1.941398449336604548e+00 3.523196856970894995e-03 1.941398449336604548e+00 -3.451308502352193663e+00 -2.737214301892628043e+00 3.523196856970894995e-03 -2.737214301892628043e+00 -1.174914586863636146e+01
-5.284595789124382215e+00 1.687725063186754193e+00 1.389995783105216987e+00 1.687725063186754193e+00 -2.164095935682890826e+00 -3.629830280834577039e+00 1.389995783105216987e+00 -3.629830280834577039e+00 -4.438761318349135898e+00
7.789784895334085135e+00 -1.930228846837036327e+00 8.155418828605551340e+00 -1.930228846837036327e+00 4.048705015764153536e+00 -4.889412545890492012e+00 8.155418828605551340e+00 -4.889412545890492012e+00 6.618298213422956877e+00
1.451167747246202033e+01 -8.790065544067067471e-02 -3.790056325205181098e-01 -8.790065544067067471e-02 -5.215339818580451148e-01 6.721836681690847470e+00 -3.790056325205181098e-01 6.721836681690847470e+00 -4.399565265678403669e+00
-3.860032335934171499e+00 -1.855288286679469989e+00 3.155064052657852169e+00 -1.855288286679469989e+00 -7.594561509826185386e+00 -1.544552562259780659e+00 3.155064052657852169e+00 -1.544552562259780659e+00 -8.342792607207247357e+00
-5.192129385744921777e+00 7.108660859676446897e+00 4.835327642129220310e-02 7.108660859676446897e+00 -1.730860782374023543e+01 -5.818380042689714343e-02 4.835327642129220310e-02 -5.818380042689714343e-02 -2.197690069920645861e+00
-5.439115309856540570e+00 -3.358547689788551338e+00 -1.586442394477115769e+00 -3.358547689788551338e+00 8.794596063557349908e+00 2.744062648527056059e+00 -1.586442394477115769e+00 2.744062648527056059e+00 -3.176709746177295290e+00
1.229138993262636870e+00 4.207791605851708638e+00 -1.273375326860345158e+00 4.207791605851708638e+00 -8.916394334403838329e+00 1.239078515132739255e+00 -1.273375326860345158e+00 1.239078515132739255e+00 -3.217905035235222866e-01
5.093755341335126197e+00 -1.112121385238740601e+00 -5.258647216422667192e+00 -1.112121385238740601e+00 8.734338188320533991e-01 3.830688536904437225e+00 -5.258647216422667192e+00 3.830688536904437225e+00 4.711043930143932634e+00
-2.212525123136954708e+00 -6.041475787234518613e+00 1.030601538744465445e-01 -6.041475787234518613e+00 3.387636969050890290e+00 -3.453870255959373026e+00 1.030601538744465445e-01 -3.453870255959373026e+00 8.729315325568540729e-01
-7.047423419291851232e+00 2.185380007825795889e+00 8.298078876194432851e+00 2.185380007825795889e+00 -3.157938495936007062e+00 2.169554776306550803e+00 8.298078876194432851e+00 2.169554776306550803e+00 1.204606104964154056e+01
3.774243386888811447e+00 9.070299059090598803e-02 -6.741116215695731606e-01 9.070299059090598803e-02 8.337083429191194384e+00 -2.345598415311628493e+00 -6.741116215695731606e-01 -2.345598415311628493e+00 4.277058051790283422e+00
-1.135494658740738672e+01 -2.260767568168059238e+00 2.833178361592300298e+00 -2.260767568168059238e+00 -7.785661302081764434e-01 -1.591837942692508001e+00 2.833178361592300298e+00 -1.591837942692508001e+00 -3.603286101765530880e+00
6.035438638218521668e+00 -2.576099895450555177e+00 1.961327146422781942e+00 -2.576099895450555177e+00 1.593619372220771213e+00 1.577058979064200228e+00 1.961327146422781942e+00 1.577058979064200228e+00 5.352198385176618167e+00
1.773377435462069274e+00 2.778869656211520600e-01 6.094380262862793884e+00 2.778869656211520600e-01 5.821983306547948267e+00 4.740056132861364957e-01 6.094380262862793884e+00 4.740056132861364957e-01 8.202349895938606750e+00
-3.008256719043342908e+00 -1.210133741527740447e+00 -7.542473262905043718e+00 -1.210133741527740447e+00 4.066680278000884385e+00 -2.347539242861522990e-01 -7.542473262905043718e+00 -2.347539242861522990e-01 7.642283931519838758e-02
-5.055646594811114003e-01 -2.281055551146119686e+00 -3.994560853052778526e+00 -2.281055551146119686e+00 -9.177985504925111115e+00 3.438303868796688256e+00 -3.994560853052778526e+00 3.438303868796688256e+00 1.000288916735077693e+00
-6.417718581043468928e-01 2.427339930046361172e+00 -5.735656601759516748e-01 2.427339930046361172e+00 -4.899765559266653803e+00 -1.293345586988006168e+00 -5.735656601759516748e-01 -1.293345586988006168e+00 -2.142286414447248433e+00
-6.842480213149529922e-01 3.088543607923167622e-01 -2.052521821794790924e+00 3.088543607923167622e-01 -1.185172937881923405e-01 -3.113665860566838806e+00 -2.052521821794790924e+00 -3.113665860566838806e+00 8.365283425414556939e-01
-6.330059268225395330e-01 5.236750858436991507e+00 -7.772980203200184235e+00 5.236750858436991507e+00 7.195476588467814238e+00 2.803913631464099776e+00 -7.772980203200184235e+00 2.803913631464099776e+00 -8.571391733890221243e-01
-3.314984704232156520e+00 -3.072036635333292853e+00 2.572008369591838761e+00 -3.072036635333292853e+00 3.472711927635581119e-01 5.376463002541352232e+00 2.572008369591838761e+00 5.376463002541352232e+00 -7.372100706343242216e+00
-4.926290711692884017e+00 -2.102367852004406235e+00 1.530723645392319532e-01 -2.102367852004406235e+00 -2.585360541595493444e+00 -2.985170580264228324e+00 1.530723645392319532e-01 -2.985170580264228324e+00 6.985769879490085543e+00
6.885485065534392213e+00 -2.069208741021741904e+00 -5.418765801074441946e+00 -2.069208741021741904e+00 6.460130422374102288e+00 1.374986222234293731e-01 -5.418765801074441946e+00 1.374986222234293731e-01 6.973466462983854974e+00
-2.780236922858132065e+00 -6.601826805536999743e+00 3.365313175695785919e+00 -6.601826805536999743e+00 -7.294934483946795112e+00 -2.904438768420680717e+00 3.365313175695785919e+00 -2.904438768420680717e+00 4.314973692903773639e+00
-3.063888768667893281e+00 -9.749533056521938468e-01 -2.928872929611300080e+00 -9.749533056521938468e-01 2.956268120046114500e+00 3.958407846688657639e+00 -2.928872929611300080e+00 3.958407846688657639e+00 2.748414941476129414e+00
-6.263375330801620677e+00 -1.197470016167323292e+00 -1.111205721056988116e+00 -1.197470016167323292e+00 -1.026083988081454379e+01 1.815802782841186680e+00 -1.111205721056988116e+00 1.815802782841186680e+00 -5.173176357514522650e+00
-5.592170292185226543e+00 -1.397714091536617298e+00 -2.251252885849883256e+00 -1.397714091536617298e+00 -7.013768293728132264e+00 -4.377480655550312960e+00 -2.251252885849883256e+00 -4.377480655550312960e+00 6.868046898790677979e+00
-5.785330494670059664e+00 2.442750387716913885e+00 -1.154611108391463858e+00 2.442750387716913885e+00 -4.012848201679243054e+00 9.867809257308038373e-02 -1.154611108391463858e+00 9.867809257308038373e-02 -2.347491187005001478e+00
-1.474288819834182007e+01 -1.097403291720873142e+00 -1.737562651106733691e+00 -1.097403291720873142e+00 -6.373064202987447580e+00 -5.205464475214361286e+00 -1.737562651106733691e+00 -5.205464475214361286e+00 -4.328395863759959994e+00
3.054490467701873602e+00 5.343847683955980088e+00 -7.688628263057243339e-01 5.343847683955980088e+00 4.094947830176394188e-01 7.469862057817631573e+00 -7.688628263057243339e-01 7.469862057817631573e+00 -1.078035179740830518e+00
2.299376012234134681e+00 -4.698918735034833816e+00 4.580584056596351261e-01 -4.698918735034833816e+00 4.396054500563927547e+00 -3.934487723211854249e+00 4.580584056596351261e-01 -3.934487723211854249e+00 -2.962771316809806876e+00
2.034769125078080276e-01 7.859949737453590934e-01 3.795697568815196377e+00 7.859949737453590934e-01 -2.303242504698700621e+00 1.180982355581192467e+00 3.795697568815196377e+00 1.180982355581192467e+00 -6.235748736405833936e-01
-5.183120875111075776e+00 -2.514113530056544032e+00 -4.065190057246638178e-01 -2.514113530056544032e+00 -7.795819988377594711e+00 -1.904391855415334733e+00 -4.065190057246638178e-01 -1.904391855415334733e+00 -1.082451516782868062e+01
-3.622615044840670429e+00 -5.143318722383386499e-01 -1.883982412653509186e+00 -5.143318722383386499e-01 -5.409950646294406695e+00 1.332459902186939882e+00 -1.883982412653509186e+00 1.332459902186939882e+00 -2.023318584418061228e+00
4.922536836122542780e+00 4.051723499655389027e+00 2.627384548574141832e+00 4.051723499655389027e+00 3.402013227055424860e+00 -8.993092222111490619e-01 2.627384548574141832e+00 -8.993092222111490619e-01 1.322377640845817881e+00
-7.570292655612781196e+00 -5.965706591178832063e-01 1.373907114649110639e+00 -5.965706591178832063e-01 -6.367707928840699694e+00 2.057539681462381864e+00 1.373907114649110639e+00 2.057539681462381864e+00 -9.215025493288843350e+00
2.747709296475244756e+00 1.492088567481209826e-01 1.262987420674739569e+00 1.492088567481209826e-01 -6.195535926645492353e+00 1.896737828815705518e-01 1.262987420674739569e+00 1.896737828815705518e-01 1.340115348563166497e+00
7.232464323171478027e-02 -1.969553586965941072e+00 -6.769887625592501124e-01 -1.969553586965941072e+00 -7.725062872877854758e-01 -6.071787496617262470e+00 -6.769887625592501124e-01 -6.071787496617262470e+00 -3.748584497417785322e+00
7.283778497383060213e-02 -6.314265273779116505e+00 -1.622672368427356515e+00 -6.314265273779116505e+00 -2.675983479543741606e+00 -1.112204444865149133e+00 -1.622672368427356515e+00 -1.112204444865149133e+00 1.828166092266177989e+00
-1.013061393638270324e+01 -2.937260918239187557e+00 1.885904236257453181e+00 -2.937260918239187557e+00 -3.214439167312711731e+00 -3.122322591601591757e+00 1.885904236257453181e+00 -3.122322591601591757e+00 -5.289623006809774708e+00
-2.357253424065693270e+00 1.262981859363315973e+00 -1.014628247843986225e-01 1.262981859363315973e+00 -4.203276763458308807e+00 2.099828306346009088e-01 -1.014628247843986225e-01 2.099828306346009088e-01 -5.099369724538347803e+00
5.951137682057043854e-01 5.960431705504452893e+00 -3.897959519910050741e+00 5.960431705504452893e+00 -4.025557573815832235e+00 -4.816087237623552397e+00 -3.897959519910050741e+00 -4.816087237623552397e+00 -5.108838003343919354e+00
-5.232281896930198073e+00 2.969435438432376784e-01 -3.906678827402327414e+00 2.969435438432376784e-01 4.405135814088206314e-01 7.692441298639272063e-01 -3.906678827402327414e+00 7.692441298639272063e-01 -3.029610359138609876e+00
2.196300871930593479e-01 -1.116311726259149761e+00 3.740591168084773877e+00 -1.116311726259149761e+00 8.359925481439812955e+00 -4.219887198025742414e+00 3.740591168084773877e+00 -4.219887198025742414e+00 3.115559222796923322e+00
-4.607645713403624832e+00 1.836642047769082131e+00 5.030902724840649931e+00 1.836642047769082131e+00 -6.710486089338819404e+00 -4.064515574110187934e+00 5.030902724840649931e+00 -4.064515574110187934e+00 -1.934078220872505804e+00
2.602281451896204079e+00 -3.191095634763418065e+00 4.653771402284565539e+00 -3.191095634763418065e+00 -1.513282407745729419e+00 3.781433094426689845e+00 4.653771402284565539e+00 3.781433094426689845e+00 -1.144260141251899121e+00
-9.274334571763857227e+00 -5.097727048657795024e+00 4.828394762381096328e+00 -5.097727048657795024e+00 -3.256031632503561202e+00 -4.787404687208996812e+00 4.828394762381096328e+00 -4.787404687208996812e+00 -6.790373294159710582e+00
9.484674380809979155e+00 5.661867630449365585e+00 4.677221590189346578e+00 5.661867630449365585e+00 -3.828682715235620204e+00 2.851577109479232153e+00 4.677221590189346578e+00 2.851577109479232153e+00 7.068414142110158949e+00
-1.639979516373772261e+00 -6.042126659364042141e+00 -3.165027192289453950e+00 -6.042126659364042141e+00 -9.843542525233491602e+00 2.265785994875561205e+00 -3.165027192289453950e+00 2.265785994875561205e+00 -3.599740698799274163e+00
-7.804361784157159754e+00 -2.772168158679421790e+00 4.856291213906898663e-01 -2.772168158679421790e+00 5.030610247356091413e+00 -1.948132029022528355e+00 4.856291213906898663e-01 -1.948132029022528355e+00 -2.373733811420895456e+00
