-4.305018040179850125e+00 4.021171819932149727e-02 1.205193295879020410e-01 4.021171819932149727e-02 -4.197518804370142576e+00 -9.588266862403445334e-02 1.205193295879020410e-01 -9.588266862403445334e-02 -1.399779312783903995e+00
-4.284346682501650072e+00 -1.590209255798311766e-02 -1.089027624022288754e-01 -1.590209255798311766e-02 -4.289320344698448473e+00 -6.764861911234550107e-02 -1.089027624022288754e-01 -6.764861911234550107e-02 -1.450551546606564823e+00
-4.286656369467012340e+00 4.319591551740059251e-03 -2.725294354410131951e-05 4.319591551740059251e-03 -4.212249020355730345e+00 8.857206651832927487e-05 -2.725294354410131951e-05 8.857206651832927487e-05 -1.434690333463897627e+00
-4.228055727611308434e+00 -4.258272428765830925e-02 8.930108275813398999e-02 -4.258272428765830925e-02 -4.108912671672383610e+00 7.007413108777051092e-02 8.930108275813398999e-02 7.007413108777051092e-02 -1.218288335251961119e+00
2.697584101621588459e+00 -4.340508920722611741e+00 3.039103435338239123e+00 -4.340508920722611741e+00 -5.196498591342676221e+00 -8.055918222021269948e-01 3.039103435338239123e+00 -8.055918222021269948e-01 -4.548671436243539645e+00
-4.366282657266990164e+00 -4.190140069905577691e-02 6.361518346781849798e-02 -4.190140069905577691e-02 -4.248461369089953976e+00 -1.054007591568118483e-02 6.361518346781849798e-02 -1.054007591568118483e-02 -1.541412860382598282e+00
-4.242465721510251697e+00 -9.783806732332372622e-03 1.519351602583648726e-03 -9.783806732332372622e-03 -4.230201896915406934e+00 -2.646942141720840663e-02 1.519351602583648726e-03 -2.646942141720840663e-02 -1.363982571438726810e+00
-4.253489537173841484e+00 -9.327319927968676094e-02 -6.587036454609287994e-02 -9.327319927968676094e-02 -4.236252050382196543e+00 -2.456852860500733857e-02 -6.587036454609287994e-02 -2.456852860500733857e-02 -1.384217882020222001e+00
-2.752130893536877121e+00 -5.163296720771037851e-01 1.324566893257767275e-01 -5.163296720771037851e-01 -4.608293511924069108e+00 -4.465954281867798414e+00 1.324566893257767275e-01 -4.465954281867798414e+00 -9.109829119085805615e+00
-1.197090177738713201e+01 8.953448735872956421e-01 7.086622055694717925e-01 8.953448735872956421e-01 -1.452290118615540138e+00 2.939347049898367370e+00 7.086622055694717925e-01 2.939347049898367370e+00 -4.848617882383235766e+00
-4.253489537173841484e+00 -9.327319927968676094e-02 -6.587036454609287994e-02 -9.327319927968676094e-02 -4.236252050382196543e+00 -2.456852860500733857e-02 -6.587036454609287994e-02 -2.456852860500733857e-02 -1.384217882020222001e+00
-4.284346682501650072e+00 -1.590209255798311766e-02 -1.089027624022288754e-01 -1.590209255798311766e-02 -4.289320344698448473e+00 -6.764861911234550107e-02 -1.089027624022288754e-01 -6.764861911234550107e-02 -1.450551546606564823e+00
-4.328734914299104730e+00 -2.269488873635037290e-02 6.828906328563187633e-02 -2.269488873635037290e-02 -4.217835873782270539e+00 -3.198132924900289747e-02 6.828906328563187633e-02 -3.198132924900289747e-02 -1.467271227470871020e+00
-4.201211578220368281e+00 4.844892038552612440e-02 -1.316998496768696271e-02 4.844892038552612440e-02 -4.185745532759091780e+00 1.483241452387714376e-01 -1.316998496768696271e-02 1.483241452387714376e-01 -1.395425655052733749e+00
-5.173045296566300522e+00 -3.203625917978934812e+00 6.771446853711982072e-01 -3.203625917978934812e+00 -5.479603230881305187e+00 -1.267086804657155064e+00 6.771446853711982072e-01 -1.267086804657155064e+00 -1.022073086568354405e+01
-4.286656369467012340e+00 4.319591551740059251e-03 -2.725294354410131951e-05 4.319591551740059251e-03 -4.212249020355730345e+00 8.857206651832927487e-05 -2.725294354410131951e-05 8.857206651832927487e-05 -1.434690333463897627e+00
-4.366282657266990164e+00 -4.190140069905577691e-02 6.361518346781849798e-02 -4.190140069905577691e-02 -4.248461369089953976e+00 -1.054007591568118483e-02 6.361518346781849798e-02 -1.054007591568118483e-02 -1.541412860382598282e+00
-8.149613797399412718e+00 6.760976959680238541e-02 -1.965986789180141470e+00 6.760976959680238541e-02 -2.875384092973558126e+00 -1.566223446088914839e+00 -1.965986789180141470e+00 -1.566223446088914839e+00 -5.069579461430169687e+00
-4.228055727611308434e+00 -4.258272428765830925e-02 8.930108275813398999e-02 -4.258272428765830925e-02 -4.108912671672383610e+00 7.007413108777051092e-02 8.930108275813398999e-02 7.007413108777051092e-02 -1.218288335251961119e+00
-4.244400680501883016e+00 4.353657731170185174e-02 -1.322449085477516405e-02 4.353657731170185174e-02 -4.301052736894183326e+00 5.447863414465854009e-02 -1.322449085477516405e-02 5.447863414465854009e-02 -1.472135877893492761e+00
-4.201211578220368281e+00 4.844892038552612440e-02 -1.316998496768696271e-02 4.844892038552612440e-02 -4.185745532759091780e+00 1.483241452387714376e-01 -1.316998496768696271e-02 1.483241452387714376e-01 -1.395425655052733749e+00
-4.305018040179850125e+00 4.021171819932149727e-02 1.205193295879020410e-01 4.021171819932149727e-02 -4.197518804370142576e+00 -9.588266862403445334e-02 1.205193295879020410e-01 -9.588266862403445334e-02 -1.399779312783903995e+00
-3.845797962053063124e+00 -1.629585474560864666e+00 6.550408171154222359e+00 -1.629585474560864666e+00 7.637208265443137911e+00 3.175085902236411073e+00 6.550408171154222359e+00 3.175085902236411073e+00 -1.811568307039563175e+00
-4.175443920099421113e+00 6.988336048296180103e-02 3.008724967268785327e-02 6.988336048296180103e-02 -4.146937341152290735e+00 1.012378720304503710e-01 3.008724967268785327e-02 1.012378720304503710e-01 -1.334338182098630643e+00
-4.244400680501883016e+00 4.353657731170185174e-02 -1.322449085477516405e-02 4.353657731170185174e-02 -4.301052736894183326e+00 5.447863414465854009e-02 -1.322449085477516405e-02 5.447863414465854009e-02 -1.472135877893492761e+00
-2.372584345740965883e+00 4.402506799099559665e+00 5.459181608961102938e+00 4.402506799099559665e+00 -1.092974185461715564e+01 8.395798461713036565e-01 5.459181608961102938e+00 8.395798461713036565e-01 4.351552404691544140e+00
-4.242465721510251697e+00 -9.783806732332372622e-03 1.519351602583648726e-03 -9.783806732332372622e-03 -4.230201896915406934e+00 -2.646942141720840663e-02 1.519351602583648726e-03 -2.646942141720840663e-02 -1.363982571438726810e+00
-4.328734914299104730e+00 -2.269488873635037290e-02 6.828906328563187633e-02 -2.269488873635037290e-02 -4.217835873782270539e+00 -3.198132924900289747e-02 6.828906328563187633e-02 -3.198132924900289747e-02 -1.467278040706756936e+00
-4.175443920099421113e+00 6.988336048296180103e-02 3.008724967268785327e-02 6.988336048296180103e-02 -4.146937341152290735e+00 1.012378720304503710e-01 3.008724967268785327e-02 1.012378720304503710e-01 -1.334338182098630643e+00
-1.687207258088670114e+00 -2.809498087681948017e-02 -1.157229364394337212e+00 -2.809498087681948017e-02 -6.754550570380374985e+00 2.888113506268763508e-01 -1.157229364394337212e+00 2.888113506268763508e-01 -8.475566916802693029e+00
