1.307213766769417473e+00 2.787711224939881105e-01 1.532751126758532312e+00 2.787711224939881105e-01 -1.994437099773033850e+00 1.102775436453877766e+00 1.532751126758532312e+00 1.102775436453877766e+00 -5.201389285582330935e+00
-2.233757640392726618e+00 9.274084763875202198e-01 -1.517014210886163672e-01 9.274084763875202198e-01 -3.982398860118118833e+00 -6.199231261477918808e-01 -1.517014210886163672e-01 -6.199231261477918808e-01 1.751105986275272697e+00
-5.209796552528899838e+00 -3.654076388263427511e-01 5.921929289121882212e-01 -3.654076388263427511e-01 1.801940110590558364e+00 4.061421969500763479e-02 5.921929289121882212e-01 4.061421969500763479e-02 -5.618841914071989407e+00
6.298767709919457225e+00 7.566801286138462590e-01 9.629373147501857355e-02 7.566801286138462590e-01 3.334300786194737576e+00 1.189725919110259378e+00 9.629373147501857355e-02 1.189725919110259378e+00 -3.369329931028285152e+00
-7.239522362035905267e+00 6.585459267550398677e-01 -5.218601478990129161e-01 6.585459267550398677e-01 -1.150215985954790732e+01 -6.736754856647171330e-01 -5.218601478990129161e-01 -6.736754856647171330e-01 4.017876479810037260e+00
-6.203221901979348196e+00 8.063959855154578804e-01 2.444734221121873941e-01 8.063959855154578804e-01 -7.710122441407138538e+00 -9.490047601016752266e-01 2.444734221121873941e-01 -9.490047601016752266e-01 -6.918015044552553450e-01
-1.069482803200954679e+00 1.525193627440985633e+00 2.201349110523030728e+00 1.525193627440985633e+00 4.293111847231950051e+00 3.448285973539859217e+00 2.201349110523030728e+00 3.448285973539859217e+00 -1.683314636807233589e+00
-4.520764139632835743e+00 2.281563151997810568e+00 -2.030067412494833246e+00 2.281563151997810568e+00 -2.417222850726780781e+00 8.860182418899222867e-01 -2.030067412494833246e+00 8.860182418899222867e-01 9.469481647848783101e-01
-7.954385160835953705e+00 7.616612267172498951e-01 4.149894920971193280e+00 7.616612267172498951e-01 3.991660563562769326e+00 1.260637213638085896e+00 4.149894920971193280e+00 1.260637213638085896e+00 -1.045504786874393410e+01
1.106116961082623806e+00 -9.934761366166581231e-01 -1.280770926697036467e-03 -9.934761366166581231e-01 8.519181853092085532e+00 -4.267848920486200015e+00 -1.280770926697036467e-03 -4.267848920486200015e+00 5.285726721793475136e+00
-3.084529481850305732e+00 -9.557874357197125859e-01 2.781077779636315306e+00 -9.557874357197125859e-01 -3.152325040707133041e+00 -9.408919846078894755e-02 2.781077779636315306e+00 -9.408919846078894755e-02 5.966947665012077628e+00
-3.338027934284871545e+00 1.253233000050382850e+00 -1.059049234295313946e+00 1.253233000050382850e+00 -1.977683566980960483e+00 6.629124572170291829e-02 -1.059049234295313946e+00 6.629124572170291829e-02 -4.079232910865455253e+00
2.671675658252143482e+00 -3.413563314932616333e+00 1.091891442978979887e+00 -3.413563314932616333e+00 -3.427762772941054248e+00 -1.176672338958007158e+00 1.091891442978979887e+00 -1.176672338958007158e+00 1.041472781723566676e+01
-5.520936025304279404e+00 -2.221203695651011500e+00 -2.765030278831396071e+00 -2.221203695651011500e+00 -1.027463919956812077e+00 -2.959006403266594809e+00 -2.765030278831396071e+00 -2.959006403266594809e+00 -1.403589171229886690e+00
-7.855183974516709355e+00 -4.710880090796080388e+00 -1.995266848303326901e+00 -4.710880090796080388e+00 -5.009875203143867139e+00 -6.507313974539827850e-01 -1.995266848303326901e+00 -6.507313974539827850e-01 2.209473927558962991e+00
5.606763743157383573e+00 -1.036219687196407113e+00 -5.799196874616105113e+00 -1.036219687196407113e+00 -1.742103535145494764e+00 -1.273335711270126902e+00 -5.799196874616105113e+00 -1.273335711270126902e+00 1.032662350467031587e+01
-3.500524764854771487e+00 2.967583929685158495e+00 7.812395535595770824e-01 2.967583929685158495e+00 -1.121882309181300608e+00 -7.417621673471761490e-01 7.812395535595770824e-01 -7.417621673471761490e-01 -7.763888540904054558e+00
-1.703660247749628986e+00 -2.948070281907017587e-01 1.748265672771768475e+00 -2.948070281907017587e-01 -3.303947001046504184e+00 2.008118742173191418e+00 1.748265672771768475e+00 2.008118742173191418e+00 1.620341548791865427e-01
-7.838097242873724113e+00 9.133645637122019822e-01 -2.201161382107169884e-01 9.133645637122019822e-01 -7.273747171545647205e+00 -6.551217820535230052e-01 -2.201161382107169884e-01 -6.551217820535230052e-01 -5.987204408310446979e+00
-1.779969817889489825e+00 1.280980987245259994e+00 5.464499894496148702e-01 1.280980987245259994e+00 -1.126385374508908521e+00 2.304550834082783606e-01 5.464499894496148702e-01 2.304550834082783606e-01 -1.102188413776914455e+00
-1.047335911694955612e+01 -3.196874439373831311e+00 -1.199225721198057482e+00 -3.196874439373831311e+00 -1.014466240999876590e+00 4.928021658019909879e+00 -1.199225721198057482e+00 4.928021658019909879e+00 4.550994239715100420e+00
-4.315510779613281334e-01 2.627124131671070839e-01 -3.385714806764543727e+00 2.627124131671070839e-01 1.888573102913266188e+00 2.027388645809189566e-02 -3.385714806764543727e+00 2.027388645809189566e-02 4.636104734755960521e+00
4.411393396809160983e+00 -6.673031874255630491e-01 1.328803989461242896e+00 -6.673031874255630491e-01 6.117691630783608225e+00 1.327043066531974902e-01 1.328803989461242896e+00 1.327043066531974902e-01 3.575943720330255982e+00
-1.387180118357255854e+00 8.083134397160306461e-01 2.299394265083070987e+00 8.083134397160306461e-01 4.905890919910488535e+00 6.588639886922244004e-01 2.299394265083070987e+00 6.588639886922244004e-01 -7.375193936658616778e+00
4.719758481768282721e+00 5.894821842165727244e-01 3.184934622783729630e+00 5.894821842165727244e-01 5.954970851838454315e+00 6.012915283823669910e+00 3.184934622783729630e+00 6.012915283823669910e+00 1.011767476729014881e+01
1.241247111755829691e+00 -2.634878626165484405e+00 -1.475807358333963482e+00 -2.634878626165484405e+00 9.255089020030440317e-01 -1.320305488812596462e+00 -1.475807358333963482e+00 -1.320305488812596462e+00 -5.377477386686278393e+00
3.308215279607218395e+00 -3.500060827657682783e+00 -1.803055797242940406e+00 -3.500060827657682783e+00 3.599999459257445800e+00 -1.626181366230325276e+00 -1.803055797242940406e+00 -1.626181366230325276e+00 -1.513391990392065178e+00
-1.316483763453346167e+00 1.190350018532934762e+00 2.337480343706570818e-01 1.190350018532934762e+00 7.610611049150926455e+00 -2.734347619768917603e-01 2.337480343706570818e-01 -2.734347619768917603e-01 1.181429852301116412e+00
-9.715735319974214690e+00 -2.914104197236695004e+00 4.920930980659157794e-01 -2.914104197236695004e+00 -1.025602037067733541e+01 -1.174654266524648438e+00 4.920930980659157794e-01 -1.174654266524648438e+00 2.298927980114924718e+00
4.545614801117928927e+00 4.683563927636019919e+00 -6.973560520814142683e-01 4.683563927636019919e+00 -1.248799158544586785e+00 6.954986494842686495e-01 -6.973560520814142683e-01 6.954986494842686495e-01 4.677654757426516596e+00
-7.995215816366073369e+00 -7.620740845787667972e-01 2.781215165422159963e+00 -7.620740845787667972e-01 -9.778493004265081723e+00 -6.902222677676514984e-01 2.781215165422159963e+00 -6.902222677676514984e-01 -6.406091222277520814e+00
4.023353364863393899e+00 1.493653792823817827e+00 5.861073512605087243e-01 1.493653792823817827e+00 -6.321725517202809730e-01 -7.482018583994072547e-02 5.861073512605087243e-01 -7.482018583994072547e-02 1.703196410167140407e+00
-1.824619581415117597e+00 -2.474935168346638292e+00 -1.403080692924799866e+00 -2.474935168346638292e+00 3.613719699227040838e+00 -1.123561903621889790e+00 -1.403080692924799866e+00 -1.123561903621889790e+00 1.076769445100914879e+01
-8.126347255588697749e+00 1.246560060538162817e+00 -2.547805055902010896e+00 1.246560060538162817e+00 2.467580370825322778e+00 2.356354984764695223e-02 -2.547805055902010896e+00 2.356354984764695223e-02 2.167288422510815771e+00
-4.578478932889938235e+00 6.644010983535063808e+00 2.245781403070274518e+00 6.644010983535063808e+00 -4.825119074938227115e+00 1.658605127009631364e+00 2.245781403070274518e+00 1.658605127009631364e+00 -2.392968236057481768e+00
1.737975831263354962e-02 2.539235402391250673e+00 -1.286590484793088018e+00 2.539235402391250673e+00 -6.243612282669241953e-01 -1.306768678766230263e+00 -1.286590484793088018e+00 -1.306768678766230263e+00 -2.772179977455763833e+00
-1.450092595466963896e+00 -1.768985670359963569e+00 1.468749338822223249e+00 -1.768985670359963569e+00 -1.630606787437892002e+00 2.371016152960138346e+00 1.468749338822223249e+00 2.371016152960138346e+00 6.622031162885194000e+00
1.190921137386414941e+01 1.415831538371805198e+00 -7.305624856641487197e-01 1.415831538371805198e+00 2.397099510196006200e+00 -3.728061290800734007e+00 -7.305624856641487197e-01 -3.728061290800734007e+00 -2.057327497131299143e+00
-8.834319572336545079e+00 -5.987206367492783343e-01 -1.651144322245831353e-01 -5.987206367492783343e-01 -1.519879381884060088e+01 3.518842043034020595e-01 -1.651144322245831353e-01 3.518842043034020595e-01 2.211229766181608269e+00
-2.525270621380988789e+00 -1.230468851630659000e+00 -1.463618482072314819e+00 -1.230468851630659000e+00 1.679822069585521938e+00 -1.695744369874814694e+00 -1.463618482072314819e+00 -1.695744369874814694e+00 2.969334502366880457e+00
4.055405059889721109e+00 3.851933528675639984e+00 -2.695732094128373835e-02 3.851933528675639984e+00 1.369012998686039984e+00 2.265345859359331471e-01 -2.695732094128373835e-02 2.265345859359331471e-01 -6.006246255766599651e-01
-1.059311118531238805e+01 5.959359189714037441e-01 -3.692283724884003471e-01 5.959359189714037441e-01 -5.952580059571641158e+00 -2.018784299301748408e+00 -3.692283724884003471e-01 -2.018784299301748408e+00 4.650969395229887837e+00
-6.163745169920511024e+00 -9.939912621925192093e-01 7.180075182874996464e-01 -9.939912621925192093e-01 -4.423088488338912327e+00 -5.972943255844088695e-01 7.180075182874996464e-01 -5.972943255844088695e-01 -5.221447408250543099e+00
-8.840664611232478265e+00 -8.866636506015125319e-01 -1.713625775116771333e-02 -8.866636506015125319e-01 -6.521455446377586895e+00 -1.182582746230148363e+00 -1.713625775116771333e-02 -1.182582746230148363e+00 -7.359904685822461268e+00
-6.248878654490585660e+00 1.383132398292109988e+00 -2.931947888431064797e+00 1.383132398292109988e+00 -5.554520570902477417e+00 -1.342411551542061821e+00 -2.931947888431064797e+00 -1.342411551542061821e+00 5.058355001081697111e+00
8.191347801890375147e-02 2.483238408564566679e+00 1.360446413428143264e-01 2.483238408564566679e+00 4.185926825193802436e+00 -5.043028656878791871e-01 1.360446413428143264e-01 -5.043028656878791871e-01 3.228704120540141886e+00
3.234220514261380686e+00 3.062853062494436784e+00 8.874903646608449659e-01 3.062853062494436784e+00 3.626609728067482052e+00 -1.137273639753852761e+00 8.874903646608449659e-01 -1.137273639753852761e+00 1.231768001644252264e+00
2.432300520167396396e+00 -8.989811972562400388e-01 1.438938666070881611e+00 -8.989811972562400388e-01 1.760979105613808215e+00 -1.094685038884225525e+00 1.438938666070881611e+00 -1.094685038884225525e+00 3.922564562652186559e-01
-2.616226060463779368e-01 -1.684620257060474025e+00 -1.018505022849184760e+00 -1.684620257060474025e+00 2.389667381194164886e+00 -1.611266552820268094e+00 -1.018505022849184760e+00 -1.611266552820268094e+00 -6.642087717438540651e+00
-3.666992634301628584e+00 1.363409408648997623e+00 -1.100382774874876901e+00 1.363409408648997623e+00 -1.183095272004445753e-01 -8.822616754815541806e-02 -1.100382774874876901e+00 -8.822616754815541806e-02 -5.825323012125336319e+00
-4.045644196933105619e+00 -1.161866360446965452e+00 2.602788238660809772e-01 -1.161866360446965452e+00 -3.291675320813515437e+00 -1.454363734620080839e+00 2.602788238660809772e-01 -1.454363734620080839e+00 2.284712655714676577e-01
-4.320380546350770956e+00 -2.954894535592407223e+00 -4.280007756850310874e-01 -2.954894535592407223e+00 -1.440911085029838112e+00 -1.155472157167607650e+00 -4.280007756850310874e-01 -1.155472157167607650e+00 3.922480603058483783e+00
-8.027307713445978266e+00 3.935468677325316689e-01 8.789899214266870819e-01 3.935468677325316689e-01 -1.368878380549142193e+01 1.563806036321307102e+00 8.789899214266870819e-01 1.563806036321307102e+00 4.942561745384683292e+00
-3.677180525893366081e+00 7.985702473159068948e-02 1.844986172706657657e+00 7.985702473159068948e-02 -7.379268360943394889e+00 -6.609746899600010828e-01 1.844986172706657657e+00 -6.609746899600010828e-01 1.609656772347482168e+00
-3.741972259516244126e+00 -2.309157532029028292e+00 -2.669171679844581480e+00 -2.309157532029028292e+00 -1.339682968160936571e+00 -5.636906003902787399e-01 -2.669171679844581480e+00 -5.636906003902787399e-01 -2.617891246389821180e+00
2.035716891120649963e-01 3.660249843531596881e+00 3.334316040137229820e+00 3.660249843531596881e+00 3.833972603422771463e+00 -3.514626051805941120e+00 3.334316040137229820e+00 -3.514626051805941120e+00 -7.885822471902128150e+00
-3.175901083373660949e+00 1.663921149539013822e+00 3.921639564758545582e+00 1.663921149539013822e+00 -4.808191687434294481e-01 1.595038142255430724e+00 3.921639564758545582e+00 1.595038142255430724e+00 5.297971044828595488e-01
