-3.928060402990714906e+00 1.171555125623376103e-01 -1.159162801025111378e+00 1.171555125623376103e-01 -2.392687833279248277e+00 1.877859642248400185e+00 -1.159162801025111378e+00 1.877859642248400185e+00 1.215839462055410047e+00
-4.752734546277123329e+00 3.358803944196586233e+00 -3.300219535385359171e-01 3.358803944196586233e+00 1.357757720557513759e+00 -1.555377532168142229e+00 -3.300219535385359171e-01 -1.555377532168142229e+00 -1.452276990199491191e+00
-2.870494175196258269e+00 2.821404432784490712e+00 4.545144753855532294e+00 2.821404432784490712e+00 -2.633738691125070197e+00 -3.391638936889944222e+00 4.545144753855532294e+00 -3.391638936889944222e+00 -1.378832102482183330e+01
1.174969171677048146e-01 2.358421199749482167e+00 -3.064899677413720006e-02 2.358421199749482167e+00 -1.009046683671346401e+01 2.462094491559632559e+00 -3.064899677413720006e-02 2.462094491559632559e+00 -4.274751477319587600e+00
-1.116532387380043367e+01 1.972056831054616488e+00 -3.486060864201694809e+00 1.972056831054616488e+00 -9.089936359979025937e+00 1.824637886930477126e+00 -3.486060864201694809e+00 1.824637886930477126e+00 -1.041587628529471843e+01
-6.330347539331310003e+00 4.340695362199467611e-01 -2.802258386050874961e+00 4.340695362199467611e-01 -4.350696406373824487e+00 3.294945153403859628e+00 -2.802258386050874961e+00 3.294945153403859628e+00 -1.441696106538944866e+00
-1.722926243641270672e+00 6.310965589081292570e+00 -4.739799350333775863e+00 6.310965589081292570e+00 -9.403083023499828386e+00 -2.328003821257567107e-01 -4.739799350333775863e+00 -2.328003821257567107e-01 -1.519934116117663603e+00
1.826505184368293122e+00 -2.307307804774302029e-01 -1.006009089801946255e+00 -2.307307804774302029e-01 -4.184921738742254649e-02 -6.152842302797528973e+00 -1.006009089801946255e+00 -6.152842302797528973e+00 -2.160033695828577294e+00
2.739250312566474221e+00 -5.348398956004476013e+00 5.774296950642007431e+00 -5.348398956004476013e+00 9.513762756157516876e+00 8.312092790481563354e-01 5.774296950642007431e+00 8.312092790481563354e-01 -1.857049720869580867e+00
4.445116791402059064e+00 -5.957545995371642533e+00 2.159862103353943574e+00 -5.957545995371642533e+00 8.493809568391856857e-01 1.151165822137339423e-01 2.159862103353943574e+00 1.151165822137339423e-01 8.393532786567144299e+00
-5.224661444532997301e+00 -5.886526010797821229e+00 -1.183686082938149725e-01 -5.886526010797821229e+00 -3.078321867735101414e+00 1.133526567710881228e+00 -1.183686082938149725e-01 1.133526567710881228e+00 -1.275970622221993755e+00
-2.426733367961204202e+00 1.559244749278194453e+00 -2.444735636346055063e+00 1.559244749278194453e+00 -1.411157123905496746e+00 -1.210621510487433383e+00 -2.444735636346055063e+00 -1.210621510487433383e+00 -9.578710418482989652e+00
-4.465930436470199716e+00 -6.481693304801455113e+00 2.156354235662152202e-02 -6.481693304801455113e+00 -7.137598418812931556e+00 2.448871558971839502e+00 2.156354235662152202e-02 2.448871558971839502e+00 -4.707273702893493450e+00
-2.029523268988800311e+00 -1.764321554434513939e-01 -3.984003317316665571e-01 -1.764321554434513939e-01 2.013556437875787974e+00 1.052503751810288435e+01 -3.984003317316665571e-01 1.052503751810288435e+01 1.819713971856528500e+00
-1.644861697884216056e+01 -5.191399969005730419e+00 1.083019249184786537e+00 -5.191399969005730419e+00 -9.389531503722846395e+00 2.132399548653910681e+00 1.083019249184786537e+00 2.132399548653910681e+00 1.461287243405431091e-01
-3.659581476866520688e+00 3.383922815960909602e+00 -2.620200517665638440e+00 3.383922815960909602e+00 -4.931821593745207011e+00 2.431700224961151235e+00 -2.620200517665638440e+00 2.431700224961151235e+00 -4.590246721182349887e+00
-3.800748452771139263e+00 7.558085365644309217e-01 4.150724444985106620e-01 7.558085365644309217e-01 -3.975444443004370054e+00 -1.372184268411727581e+00 4.150724444985106620e-01 -1.372184268411727581e+00 -4.546614884586356098e+00
-7.842590740101992530e+00 -3.430353142016899781e+00 4.090626658511772540e+00 -3.430353142016899781e+00 3.366343454228936771e+00 -1.199268300243376162e+00 4.090626658511772540e+00 -1.199268300243376162e+00 -7.153890279714493872e+00
-2.942709815412848595e+00 3.434672597711306175e+00 -1.532375639635151110e+00 3.434672597711306175e+00 -3.230306439964553356e+00 -1.002754662176840936e-02 -1.532375639635151110e+00 -1.002754662176840936e-02 -5.196922424273402008e+00
2.431606710021306794e-01 -6.966209761396333633e-01 2.471000072693342542e+00 -6.966209761396333633e-01 6.236995917554580826e-01 -5.341826617596647786e+00 2.471000072693342542e+00 -5.341826617596647786e+00 -1.003714551217877826e+01
-9.013723966254232334e-01 2.766289079154462094e+00 -4.574514857949395497e-01 2.766289079154462094e+00 -3.068988667776828994e+00 3.881095593328023785e+00 -4.574514857949395497e-01 3.881095593328023785e+00 -6.160361810243176528e+00
-4.014731752966071099e+00 4.082879141075586027e+00 -3.683724800566832602e+00 4.082879141075586027e+00 -1.032213724092774321e+01 3.844094740015533418e-01 -3.683724800566832602e+00 3.844094740015533418e-01 -1.476110397137542440e+00
-1.027054489429863615e+01 4.626761294966131643e+00 4.473384913124079709e+00 4.626761294966131643e+00 -1.093084438076435738e+01 -2.037678794493950285e+00 4.473384913124079709e+00 -2.037678794493950285e+00 -3.310399660474747652e+00
1.438331973005095410e+00 -1.585644767580445924e+00 -3.459262711794157230e+00 -1.585644767580445924e+00 -9.220481628280349895e+00 1.427545385507652087e+00 -3.459262711794157230e+00 1.427545385507652087e+00 -8.927275111096994564e+00
-6.266829375026953919e+00 1.967902370959253022e-01 -1.944348536335161137e+00 1.967902370959253022e-01 -1.564414269978431582e+00 -2.666018523577081911e+00 -1.944348536335161137e+00 -2.666018523577081911e+00 -1.862850565662450775e+00
-8.757167819932179853e+00 6.791056805415295328e-01 2.447713594473917897e+00 6.791056805415295328e-01 -1.018032005245973792e+01 4.709447614183995823e-01 2.447713594473917897e+00 4.709447614183995823e-01 -1.033430052102153773e+00
7.008425318216013444e+00 2.002775527425325830e+00 -3.661040635132017496e+00 2.002775527425325830e+00 -3.015981247209936988e+00 -3.176702460738523026e+00 -3.661040635132017496e+00 -3.176702460738523026e+00 3.548816756353316837e+00
-5.618867761724337662e+00 -8.271181296340183176e-01 -1.193769594577926973e+00 -8.271181296340183176e-01 -1.326661051999335683e+01 2.739974470529345507e-01 -1.193769594577926973e+00 2.739974470529345507e-01 -1.083012751563970077e+01
-8.422288040613294058e+00 2.577576413153003010e+00 -1.930417470236350796e+00 2.577576413153003010e+00 -7.988091251489908728e+00 -1.848336823512132909e+00 -1.930417470236350796e+00 -1.848336823512132909e+00 -6.170532127728393768e+00
7.546724813908871621e-01 7.303187576704858186e-01 -1.473596872597696894e+00 7.303187576704858186e-01 -6.807062367365602107e+00 -2.022191674732474631e+00 -1.473596872597696894e+00 -2.022191674732474631e+00 4.572864550717635090e+00
3.570226566879171060e+00 5.787517381019143592e+00 5.407579227775517694e+00 5.787517381019143592e+00 2.428615522274959915e+00 -1.713721633276565459e+00 5.407579227775517694e+00 -1.713721633276565459e+00 -3.298484630330989487e-01
-1.232555358964004277e+01 2.258363156706856056e+00 -1.574575999124039560e+00 2.258363156706856056e+00 -4.304898267391182642e+00 -2.492333369913364738e+00 -1.574575999124039560e+00 -2.492333369913364738e+00 1.509035972236942413e+00
-4.654760934523355376e-01 5.563722854253904337e+00 -4.349484647594766606e+00 5.563722854253904337e+00 1.205797797455658404e+01 -2.422782780536882452e+00 -4.349484647594766606e+00 -2.422782780536882452e+00 -1.852184441056725417e+00
-8.697541256819722122e+00 4.454298955839003149e+00 4.926577120256430575e+00 4.454298955839003149e+00 -3.687858618677041900e+00 2.621659452703897220e+00 4.926577120256430575e+00 2.621659452703897220e+00 -6.107266500420616140e+00
-9.880912541437643526e+00 2.587164696918541118e+00 1.852127627527998310e+00 2.587164696918541118e+00 -2.790063769481340383e+00 3.015526930102472442e-02 1.852127627527998310e+00 3.015526930102472442e-02 5.939845436745521123e-01
9.573815376347953432e+00 7.622701413058468045e-01 -4.021418332828058162e+00 7.622701413058468045e-01 2.666137170634374165e+00 -4.365468852607016004e+00 -4.021418332828058162e+00 -4.365468852607016004e+00 7.621016293610331616e+00
3.384940658901253840e+00 1.557691211679786969e+00 2.807326348493329515e+00 1.557691211679786969e+00 -1.503779564571450900e+00 -1.406772834568985386e+00 2.807326348493329515e+00 -1.406772834568985386e+00 -5.991765239089344774e+00
-1.875992623144603133e+00 2.970798617003836739e+00 -1.027844649609698013e+00 2.970798617003836739e+00 -5.128081182523075654e+00 -1.497147868467600507e+00 -1.027844649609698013e+00 -1.497147868467600507e+00 -7.111136417039644719e+00
2.303911360562088007e+00 6.483519397978803056e-01 4.654773924306200072e+00 6.483519397978803056e-01 5.671663848204559599e+00 -1.565599151879628836e+00 4.654773924306200072e+00 -1.565599151879628836e+00 1.972080209220009372e+00
2.837390191488071700e+00 5.528509699458845184e+00 4.292204810146222016e+00 5.528509699458845184e+00 -6.054130116264981432e+00 2.873187890024485380e+00 4.292204810146222016e+00 2.873187890024485380e+00 -1.031402014964467462e+01
5.046467536832285994e+00 -6.111916932716193074e+00 -3.055074243804092760e+00 -6.111916932716193074e+00 8.833724593380884116e+00 -8.027810029773549960e-01 -3.055074243804092760e+00 -8.027810029773549960e-01 3.301105291286620780e+00
-7.523886649984218522e+00 4.751266082217902031e+00 2.726755173617017025e+00 4.751266082217902031e+00 -5.287122816091139654e+00 5.404724752900138540e+00 2.726755173617017025e+00 5.404724752900138540e+00 -5.477474239998869621e+00
-1.059434731913283745e+00 2.783534318625355386e+00 3.127136776136013596e-01 2.783534318625355386e+00 -1.103491652256133104e+00 -2.313270068752378616e+00 3.127136776136013596e-01 -2.313270068752378616e+00 3.638810972174391534e+00
-4.705309243788895479e+00 1.544075347544798804e+00 9.723052559280030982e-01 1.544075347544798804e+00 -7.649673949776841120e+00 3.519140956289355526e-01 9.723052559280030982e-01 3.519140956289355526e-01 -6.071459993307193770e+00
-2.292647702412839550e+00 -2.504187516322015750e+00 -8.017923297270062033e-01 -2.504187516322015750e+00 -3.020103441289718305e+00 -1.038727898689013829e+00 -8.017923297270062033e-01 -1.038727898689013829e+00 2.962641059532604704e+00
-1.042583390733760673e+01 -1.638409186200647127e+00 -1.000214824998961749e+00 -1.638409186200647127e+00 -7.389294365527140585e+00 -3.708887623748752804e-01 -1.000214824998961749e+00 -3.708887623748752804e-01 -9.103918858633042177e-01
-3.927253536869509176e+00 -1.763280205442407267e+00 2.025972024018335205e+00 -1.763280205442407267e+00 1.321018338210103416e+01 3.959007904069835160e+00 2.025972024018335205e+00 3.959007904069835160e+00 -2.446283423047152628e+00
-3.634306488394842272e-01 -1.670963245067781155e+00 -1.672213980316132664e+00 -1.670963245067781155e+00 9.125377069791491991e+00 7.178267989053439546e-01 -1.672213980316132664e+00 7.178267989053439546e-01 6.793581189901871653e+00
-5.645588305854719380e+00 1.425204115155237483e+00 -2.945763166039243153e+00 1.425204115155237483e+00 -2.570669157017859696e+00 2.850360380583594200e+00 -2.945763166039243153e+00 2.850360380583594200e+00 -1.533392347633531827e+01
-5.536505416003843771e-02 3.504402544694917854e+00 1.200706373645694436e+00 3.504402544694917854e+00 -5.314018281186113413e+00 4.394085501678535621e+00 1.200706373645694436e+00 4.394085501678535621e+00 1.463907273107175611e+00
3.454924982238749553e+00 -9.743848382538700115e-01 -1.304984324334907519e+00 -9.743848382538700115e-01 4.239588703650572832e+00 2.390326401869763195e+00 -1.304984324334907519e+00 2.390326401869763195e+00 -3.232996856639169359e+00
1.085009753254824005e+01 4.406390575973230028e+00 3.221637694055997425e+00 4.406390575973230028e+00 3.798923160372440044e+00 4.074354329937097674e-01 3.221637694055997425e+00 4.074354329937097674e-01 2.535791876946499990e+00
6.842908504155603922e+00 5.311981300040759635e+00 8.738016510342251353e-01 5.311981300040759635e+00 2.585472389946668059e+00 -2.716045829456415484e-01 8.738016510342251353e-01 -2.716045829456415484e-01 -3.848445798244843896e+00
4.604578496781800645e+00 6.391267713966929165e+00 1.439607943171981042e+00 6.391267713966929165e+00 7.538269377184873221e+00 -1.872488950470257540e+00 1.439607943171981042e+00 -1.872488950470257540e+00 2.909210564345098060e+00
1.219214772036677052e+00 8.934897656996743098e-01 -5.431326107590524366e+00 8.934897656996743098e-01 -8.042217243268568794e+00 1.490208439139592889e+00 -5.431326107590524366e+00 1.490208439139592889e+00 6.468375767073868410e-01
1.618989846888164497e+00 4.565720327417444047e+00 -2.332011928892745889e+00 4.565720327417444047e+00 -7.208404632579632043e+00 6.673432676708602962e+00 -2.332011928892745889e+00 6.673432676708602962e+00 4.137598093644315966e+00
1.974962021412518975e+00 2.973455359450639435e+00 4.600391013020383113e+00 2.973455359450639435e+00 1.688076450459810918e+00 -2.976407640920409325e-01 4.600391013020383113e+00 -2.976407640920409325e-01 7.837132738642799135e-01
6.137035948359118587e-01 -2.239697815200348163e+00 -2.035549204568309012e+00 -2.239697815200348163e+00 1.081984377896596428e+01 -4.366959443870830349e+00 -2.035549204568309012e+00 -4.366959443870830349e+00 -9.735762912272830860e+00
3.582967218609717897e+00 1.790031337355872665e-01 7.503659854315292144e-01 1.790031337355872665e-01 -6.065494476716458472e+00 -2.839590822733836450e+00 7.503659854315292144e-01 -2.839590822733836450e+00 -3.196926157550215919e+00
3.781805656351846512e+00 -2.434975461451034384e+00 4.005581064065895092e+00 -2.434975461451034384e+00 5.489808549073098121e+00 1.231283796043257883e+00 4.005581064065895092e+00 1.231283796043257883e+00 8.660726078935144789e-01
7.237646632435643212e+00 1.482571236402513426e+00 2.437299943908419309e+00 1.482571236402513426e+00 8.667141656944620465e+00 2.296596192391811897e+00 2.437299943908419309e+00 2.296596192391811897e+00 4.928148470028536288e+00
-7.921907910328053859e+00 -2.777567176558175088e+00 -2.177897394679367604e+00 -2.777567176558175088e+00 -8.905805900352941062e-01 -2.709589207580504588e+00 -2.177897394679367604e+00 -2.709589207580504588e+00 -2.567698923804918376e+00
-4.402207845291771449e+00 -5.577996032979053442e-01 3.190889629318840459e+00 -5.577996032979053442e-01 -4.969251033184316491e+00 -6.445145721933560889e-02 3.190889629318840459e+00 -6.445145721933560889e-02 -4.029801294603135631e+00
-2.797841389738497941e+00 1.125516368311918258e+00 3.873152873711929622e+00 1.125516368311918258e+00 2.235864314499619532e+00 1.004249370990978640e+01 3.873152873711929622e+00 1.004249370990978640e+01 6.047137804622756185e+00
-9.474087827936346073e+00 -1.806372363575815099e+00 -4.037710813439612245e+00 -1.806372363575815099e+00 -5.016967671077970259e+00 -1.017224153814164200e+00 -4.037710813439612245e+00 -1.017224153814164200e+00 -2.926543684260937805e+00
-9.566912088701171157e+00 -7.494701049502141110e+00 -4.680294427380933264e+00 -7.494701049502141110e+00 9.327775958072338724e+00 1.381944294488810288e+00 -4.680294427380933264e+00 1.381944294488810288e+00 -3.178029949643906615e+00
2.355434202989556081e+00 2.119932083002101564e+00 -3.416064921378827002e+00 2.119932083002101564e+00 -7.399789717992388827e-01 5.891360372152867342e-01 -3.416064921378827002e+00 5.891360372152867342e-01 -1.826751496733946878e+00
-1.870650019072080061e+00 -2.914934083250028340e+00 -2.592402699441830327e-01 -2.914934083250028340e+00 -2.690322092972484924e+00 1.585699286184968582e+00 -2.592402699441830327e-01 1.585699286184968582e+00 -1.795174165526161936e+00
1.322446842777269094e+00 1.204097487531154143e-01 3.229094490693236730e-01 1.204097487531154143e-01 3.251776429471154195e+00 7.549669234069191770e-01 3.229094490693236730e-01 7.549669234069191770e-01 2.671872513355602052e+00
-6.738192042003703364e-01 -1.786567395213872061e-02 -1.040117375979233982e-01 -1.786567395213872061e-02 -4.313744213533818317e-01 -2.903676928570104288e+00 -1.040117375979233982e-01 -2.903676928570104288e+00 -9.320406926458515429e+00
4.228671830156400802e+00 -5.909443874666778562e+00 2.779086510265599053e+00 -5.909443874666778562e+00 -8.735732210875734038e-01 2.555000738135435601e+00 2.779086510265599053e+00 2.555000738135435601e+00 5.633973737544549998e+00
2.514814727912629166e+00 1.237413616348925771e+00 -1.077861074525293894e+00 1.237413616348925771e+00 -6.512724499170267300e+00 4.539830716746911854e+00 -1.077861074525293894e+00 4.539830716746911854e+00 -6.821271807149248412e-01
-4.860385294147999247e+00 -1.714070794233928385e+00 -5.493015538266424969e+00 -1.714070794233928385e+00 6.356379689774187547e-01 3.552983965223736607e-01 -5.493015538266424969e+00 3.552983965223736607e-01 -2.588604938424544422e+00
-2.878458177924101413e+00 1.463132864576371039e+00 -4.295510598902730237e+00 1.463132864576371039e+00 -2.742859018804813420e+00 -9.615505084294125870e-01 -4.295510598902730237e+00 -9.615505084294125870e-01 7.503361532186542782e+00
-5.478648745749102211e+00 3.393585369295471388e+00 -6.844243188534674394e-01 3.393585369295471388e+00 -1.499841657533680106e+01 -1.791405118605849056e+00 -6.844243188534674394e-01 -1.791405118605849056e+00 -1.310878730419419602e+00
-3.930991864789365575e+00 2.980086578707003664e+00 -4.225880348724644797e+00 2.980086578707003664e+00 -2.517299482438510427e+00 9.466230586806683167e-01 -4.225880348724644797e+00 9.466230586806683167e-01 -4.627982430643324818e+00
8.039558739270658005e-01 -1.764774718857624825e+00 -5.008371428523568092e+00 -1.764774718857624825e+00 1.137561497089628393e+00 -2.368740469999047082e+00 -5.008371428523568092e+00 -2.368740469999047082e+00 4.961690861079103954e+00
-1.130992441770319168e+01 2.959866818645634723e+00 1.720288137642411730e+00 2.959866818645634723e+00 4.394173977929940023e+00 2.893144479191105400e+00 1.720288137642411730e+00 2.893144479191105400e+00 -2.863788465199150757e+00
-1.981557467021743513e+00 4.168287047538012935e+00 2.417451946072984581e-01 4.168287047538012935e+00 2.400699073264903394e+00 5.657119487626641963e+00 2.417451946072984581e-01 5.657119487626641963e+00 -2.942625466812791135e+00
-6.161905250481575003e+00 -3.118233046825134913e+00 5.055386515495536415e+00 -3.118233046825134913e+00 -1.144632544593097911e+01 4.261410492970052921e+00 5.055386515495536415e+00 4.261410492970052921e+00 -7.548748775522637899e-01
-1.971862552512647637e+00 2.334381973866021198e+00 4.239522401193636658e-01 2.334381973866021198e+00 -6.617293623898620858e+00 -3.332419378176273206e+00 4.239522401193636658e-01 -3.332419378176273206e+00 -7.511271089730801043e-01
-2.391867365510409460e+00 3.776930829327090677e+00 3.575721498437664181e+00 3.776930829327090677e+00 -5.537807364162329549e+00 6.027374990311723302e+00 3.575721498437664181e+00 6.027374990311723302e+00 1.010721199950169957e+00
6.870880671135378925e+00 2.659701906099735780e+00 -2.047942661423227673e+00 2.659701906099735780e+00 3.204414777153369087e+00 1.044652688890134629e+00 -2.047942661423227673e+00 1.044652688890134629e+00 6.339129910305162596e+00
-3.720556135273489939e+00 -1.207733564548069682e-01 -1.019587146479168475e-02 -1.207733564548069682e-01 -1.575774262708090179e+00 3.630492604001163581e+00 -1.019587146479168475e-02 3.630492604001163581e+00 -1.337664582724906381e+01
-7.204346661023226517e+00 -2.650558971158493371e+00 1.120740752774005561e-01 -2.650558971158493371e+00 -5.996936407380438538e+00 -7.082919112650950533e-01 1.120740752774005561e-01 -7.082919112650950533e-01 -3.828948317928000833e+00
7.519992505777949310e-01 2.870447344431150682e+00 7.531679550027905456e+00 2.870447344431150682e+00 -3.062135243741641144e+00 6.183854039546845538e-01 7.531679550027905456e+00 6.183854039546845538e-01 4.024464247889167012e+00
2.094617219596713209e+00 3.646337316138771878e-01 -2.319312130874162659e+00 3.646337316138771878e-01 -7.470275866757844163e+00 4.915182169551763458e+00 -2.319312130874162659e+00 4.915182169551763458e+00 2.697502184043745643e+00
-2.504091080029893668e+00 4.258527443855587014e-01 -8.614853544754469183e+00 4.258527443855587014e-01 1.268338566799109390e+00 2.845839679114106069e+00 -8.614853544754469183e+00 2.845839679114106069e+00 1.507775866873211079e+01
5.343544175994711765e+00 -3.820088334984907963e-01 -3.286842248557151902e-01 -3.820088334984907963e-01 -1.617533243734158077e+00 2.705897021442270844e+00 -3.286842248557151902e-01 2.705897021442270844e+00 -6.710935187283752157e+00
-4.742063866527017169e+00 -1.747942242661727708e+00 3.946505281805098964e+00 -1.747942242661727708e+00 -7.682217935131386177e+00 -9.140689043571006422e+00 3.946505281805098964e+00 -9.140689043571006422e+00 3.706041551195507378e+00
5.930513279153105444e+00 -2.450424859324888516e+00 4.943191781300759202e-01 -2.450424859324888516e+00 -7.311713572940167438e+00 7.053940841812220142e-02 4.943191781300759202e-01 7.053940841812220142e-02 2.851182628900379434e+00
-1.081524480642175057e+01 9.842353688807934375e-01 -3.197569193650656061e+00 9.842353688807934375e-01 -1.224851075312336413e+01 2.674790095597120665e+00 -3.197569193650656061e+00 2.674790095597120665e+00 2.780488324132601718e+00
7.455681061308526481e+00 7.263255099746807275e+00 -1.268451230349213477e+00 7.263255099746807275e+00 2.995819081624688796e-01 -2.566081759541558593e+00 -1.268451230349213477e+00 -2.566081759541558593e+00 -1.639194481504542278e+00
-3.318889270310407258e-01 -2.936881673276304117e+00 -3.891599045431778592e+00 -2.936881673276304117e+00 -3.174203724381147396e+00 -1.744380948182200353e+00 -3.891599045431778592e+00 -1.744380948182200353e+00 -3.080545258219944849e+00
3.162752638879217315e+00 9.266670182288926583e+00 -1.964154842177148197e+00 9.266670182288926583e+00 6.948586542932210008e+00 3.864800244343653546e+00 -1.964154842177148197e+00 3.864800244343653546e+00 -8.054879779224449976e+00
-7.618699047091003429e+00 1.842338212090592897e+00 -3.342423284227632685e+00 1.842338212090592897e+00 -2.800468875970977933e+00 3.338415404462382052e-01 -3.342423284227632685e+00 3.338415404462382052e-01 -1.547124056048539087e+00
-3.263152373921548305e-02 3.195550939804152613e+00 -3.080052288040336927e-01 3.195550939804152613e+00 5.951096931059835171e+00 1.513756796759042178e+00 -3.080052288040336927e-01 1.513756796759042178e+00 -2.642403374331880883e+00
-2.255593059493945229e-01 -2.890517287534343990e-02 2.976913588348387929e+00 -2.890517287534343990e-02 -9.316683080181686449e+00 5.773660643611807863e+00 2.976913588348387929e+00 5.773660643611807863e+00 -4.591166141781013899e+00
-4.161652330802137811e+00 -1.539287928896351687e+00 5.035120515513419326e-01 -1.539287928896351687e+00 -7.343960655685103589e+00 -3.420778491230856977e-01 5.035120515513419326e-01 -3.420778491230856977e-01 -1.425396550508827520e+00
-1.322518424771401913e+00 2.368677717629374957e+00 1.984113242304728741e+00 2.368677717629374957e+00 1.052115113512697242e+01 6.464660496691962521e+00 1.984113242304728741e+00 6.464660496691962521e+00 2.967576810723700831e+00
