-8.089959232032084557e+00 1.435166842622392469e+00 1.628684470847845400e+00 1.435166842622392469e+00 -1.095440089552019547e+00 2.229990730207529470e+00 1.628684470847845400e+00 2.229990730207529470e+00 -2.913539109407578653e+00
-7.010138148221913390e+00 -5.992038781017189342e-01 -1.138943660335886898e+00 -5.992038781017189342e-01 -3.590473610488724265e+00 7.342646693027987670e-01 -1.138943660335886898e+00 7.342646693027987670e-01 -2.681518951195998923e+00
3.193549193969404065e+00 3.103197582458512294e+00 -1.959768740641822937e+00 3.103197582458512294e+00 2.547456948515812503e+00 -2.884598728104413645e+00 -1.959768740641822937e+00 -2.884598728104413645e+00 1.792549330035646260e-01
-4.010242737686568582e+00 7.524322779170207476e-03 -1.509820175983767943e+00 7.524322779170207476e-03 -6.948696279162889233e-01 -1.658804928491497410e+00 -1.509820175983767943e+00 -1.658804928491497410e+00 -5.398638364451437077e+00
3.939653099337648623e+00 5.352676937216005015e+00 8.925490407980259944e-01 5.352676937216005015e+00 -5.796070847329154674e+00 -4.116702559908949510e+00 8.925490407980259944e-01 -4.116702559908949510e+00 1.393665193583447870e+00
-4.043265107803664105e-01 1.774382529323910440e-01 -4.051254677225319401e-01 1.774382529323910440e-01 4.187628094703105930e+00 5.100215330517002821e-01 -4.051254677225319401e-01 5.100215330517002821e-01 3.605871087853864676e+00
3.989123639063127058e+00 -1.240799772873738549e+00 -1.882691572235672295e+00 -1.240799772873738549e+00 4.464710628969235984e+00 9.071833256088414066e-01 -1.882691572235672295e+00 9.071833256088414066e-01 2.707748683553563573e+00
-1.008243112803505648e+00 -6.073448045393210482e-01 -2.846327908200594337e+00 -6.073448045393210482e-01 -4.323069760761542923e+00 -1.089102555331693756e+00 -2.846327908200594337e+00 -1.089102555331693756e+00 -3.844866902711042700e-01
-4.303601467075274911e+00 5.458036288030592154e-01 4.134296210942922656e-01 5.458036288030592154e-01 -4.800309057284631309e-01 6.390318690108326427e-01 4.134296210942922656e-01 6.390318690108326427e-01 -4.938437801643534186e+00
-1.236180042792958123e+00 3.061110702502284120e+00 1.776011446041040998e+00 3.061110702502284120e+00 1.220616216139510657e+00 -1.843093509022039500e+00 1.776011446041040998e+00 -1.843093509022039500e+00 -3.319095905067974139e-01
1.456411859077012982e+00 -3.138635652620387628e-02 1.489137279721400420e+00 -3.138635652620387628e-02 -6.167672173177499495e+00 1.935437552281833173e-01 1.489137279721400420e+00 1.935437552281833173e-01 2.100991601429937017e+00
-1.051793025439578866e+00 1.753433840751955630e-01 -5.700226070402417688e-01 1.753433840751955630e-01 -1.818382640569452979e+00 -2.112765414433610989e+00 -5.700226070402417688e-01 -2.112765414433610989e+00 -7.009692767957453441e+00
2.265591291931393858e+00 -2.939595681025958473e+00 -1.355240601698180170e+00 -2.939595681025958473e+00 3.912354040439324443e+00 -8.683186447410877751e-01 -1.355240601698180170e+00 -8.683186447410877751e-01 -7.339207497440614070e-01
-7.772653050783833173e+00 -3.677625611854964394e-01 6.220947998840086202e-01 -3.677625611854964394e-01 -5.605205105018187695e+00 2.556442192957238957e-01 6.220947998840086202e-01 2.556442192957238957e-01 7.373914947693434030e+00
2.188448366969284908e+00 3.855563430004907755e+00 2.249884525824203507e+00 3.855563430004907755e+00 -2.443045046103373696e+00 3.006585489562741742e+00 2.249884525824203507e+00 3.006585489562741742e+00 -9.821788822675204145e+00
-3.496842184539108889e+00 6.370057488065273832e-01 -2.662356378014231861e+00 6.370057488065273832e-01 -2.565999412089653209e+00 -1.028065610115543427e+00 -2.662356378014231861e+00 -1.028065610115543427e+00 -9.495149517389197769e+00
1.376872811455616130e+00 2.482733646128315597e-01 1.387150284388441790e+00 2.482733646128315597e-01 3.007232886417622097e+00 5.022748973575843490e-01 1.387150284388441790e+00 5.022748973575843490e-01 1.335826214399804535e+00
-2.522993960075202047e+00 -4.071053338439635461e+00 -3.462375307214391462e-01 -4.071053338439635461e+00 -1.126949049885359738e-01 -2.707649942908575191e+00 -3.462375307214391462e-01 -2.707649942908575191e+00 1.310947059647529445e+00
-1.596849645656388983e+00 3.047272542365851322e+00 3.319199230081518737e-01 3.047272542365851322e+00 -2.324368526137753577e+00 4.793366593361425565e-01 3.319199230081518737e-01 4.793366593361425565e-01 -4.216622791016122918e+00
-7.035104350883982782e+00 -1.847289090294611524e+00 -8.957330829860551402e-01 -1.847289090294611524e+00 -4.580931017176656184e+00 -5.032832029998078882e-01 -8.957330829860551402e-01 -5.032832029998078882e-01 -2.555843620144532924e+00
-3.451723021097489408e+00 6.154391346346493208e+00 -4.814624724630467867e+00 6.154391346346493208e+00 3.420873509728235895e+00 -1.640547305856254745e-02 -4.814624724630467867e+00 -1.640547305856254745e-02 -5.250793647413570575e+00
-1.422990490092684412e+00 -2.032489047188368758e+00 -2.186197530664231614e+00 -2.032489047188368758e+00 2.695250381439422860e+00 -1.862964687035837619e+00 -2.186197530664231614e+00 -1.862964687035837619e+00 9.090654890232687801e-01
3.118978307004234840e-01 4.758884374528324912e-01 7.651464988005172163e-01 4.758884374528324912e-01 2.126219969019228273e+00 5.981771880360208238e-01 7.651464988005172163e-01 5.981771880360208238e-01 6.111701654278752116e+00
-6.138212997584654440e-01 1.116464816279621575e+00 4.079498714641917267e+00 1.116464816279621575e+00 -8.248349964229134912e+00 1.293339279661277208e-01 4.079498714641917267e+00 1.293339279661277208e-01 -3.529661846698308736e+00
-5.852034254904386223e+00 -3.555430490565030244e+00 -4.130186301771602286e-01 -3.555430490565030244e+00 -4.187815351557450105e-01 1.463480323270878625e+00 -4.130186301771602286e-01 1.463480323270878625e+00 -2.456821918784738656e+00
-6.838395394667629468e+00 -1.448381255103516008e+00 2.619847320527258216e-01 -1.448381255103516008e+00 -4.255735459308111146e+00 5.673098153478535188e-01 2.619847320527258216e-01 5.673098153478535188e-01 -9.132714336077286943e-02
-2.156595010948929136e+00 -1.267720448305448278e+00 -1.101530968148518808e+00 -1.267720448305448278e+00 4.580571464354321165e+00 -1.720118902329317079e+00 -1.101530968148518808e+00 -1.720118902329317079e+00 -2.426279736233527551e+00
-7.468776697463304082e-01 -1.268913130282764756e+00 -1.907872262199834079e+00 -1.268913130282764756e+00 -8.868745120886936117e-01 5.022170134840507671e+00 -1.907872262199834079e+00 5.022170134840507671e+00 7.817059973916259397e-01
9.564672080578841218e+00 4.342696681498170452e-02 1.612857180961535519e-01 4.342696681498170452e-02 1.069071823573564650e+01 -1.488830688176955297e+00 1.612857180961535519e-01 -1.488830688176955297e+00 6.274904206485127922e+00
-4.871731127581662157e+00 -9.365394325042585288e-01 6.734947844200824818e-01 -9.365394325042585288e-01 -4.163236656313904049e+00 3.865443534693530775e-02 6.734947844200824818e-01 3.865443534693530775e-02 -1.502004389333147394e+00
-3.830959482365685065e-01 2.368837046997942064e+00 -6.067715135541157379e-01 2.368837046997942064e+00 1.234066718979803357e+00 1.031000425750123295e+00 -6.067715135541157379e-01 1.031000425750123295e+00 1.308459266999503656e+00
1.858983269704150010e-01 1.687735077127569872e+00 -5.154471609160516943e-01 1.687735077127569872e+00 -2.211853533806458771e-01 1.732643678288346090e+00 -5.154471609160516943e-01 1.732643678288346090e+00 -6.192540537349817242e+00
-3.222646472216527780e+00 1.383094512771356754e+00 1.794844734085867977e+00 1.383094512771356754e+00 -1.928719024514199853e+00 -3.132590364969334296e+00 1.794844734085867977e+00 -3.132590364969334296e+00 2.560580627538907361e+00
4.256679953659936011e+00 -1.542902755305572526e+00 -2.768653157502680082e-02 -1.542902755305572526e+00 1.467854459854868843e+00 2.395681068083180265e-01 -2.768653157502680082e-02 2.395681068083180265e-01 -7.601368583088934372e-01
-6.000786460932377331e+00 2.965228333577357045e+00 -5.205212854784844329e-03 2.965228333577357045e+00 2.061200908907525164e+00 -2.159695895529572862e+00 -5.205212854784844329e-03 -2.159695895529572862e+00 5.228513510806034326e+00
-5.259712953484137365e+00 8.414151189060035119e-01 1.678904321289634849e+00 8.414151189060035119e-01 2.734682413461652750e+00 5.190616822690387044e-01 1.678904321289634849e+00 5.190616822690387044e-01 8.269923326515915107e+00
8.883152986710798338e-01 -6.663591081855924081e-01 -9.758566390776024502e-02 -6.663591081855924081e-01 -4.418824932680502471e+00 5.068396783913639680e+00 -9.758566390776024502e-02 5.068396783913639680e+00 4.147869573363008655e+00
-3.624009269856903970e+00 1.807580514051212006e+00 1.980019971975888859e+00 1.807580514051212006e+00 -1.308098824799856397e+00 -2.114799879827580664e+00 1.980019971975888859e+00 -2.114799879827580664e+00 7.652225851200374684e+00
5.566522591185388613e+00 3.104009553500049368e+00 1.861474451233297911e+00 3.104009553500049368e+00 -1.345582669576265156e+00 2.808749397148338822e+00 1.861474451233297911e+00 2.808749397148338822e+00 1.083392438621620002e+01
1.099890056206324296e+01 3.210695792987606989e+00 -8.081954888496971634e-01 3.210695792987606989e+00 2.189641274466604060e+00 -1.073778472329692119e-01 -8.081954888496971634e-01 -1.073778472329692119e-01 -2.249286391034654109e+00
-5.199869081137472371e+00 2.826977104795249870e-02 -6.155317826727820796e-01 2.826977104795249870e-02 4.695562627177946036e-01 -1.908896980060090787e+00 -6.155317826727820796e-01 -1.908896980060090787e+00 -7.948656324643534887e+00
-4.618951388666606483e+00 -1.692714259434830115e+00 -4.833618724341681716e-01 -1.692714259434830115e+00 -3.190726718736689005e+00 2.624110076235845398e-02 -4.833618724341681716e-01 2.624110076235845398e-02 -2.493549649559637871e+00
-2.438108609487375511e-01 1.576459194833287891e-01 -2.252089790029277783e+00 1.576459194833287891e-01 8.303938631604794729e-01 -7.818277698050082880e-02 -2.252089790029277783e+00 -7.818277698050082880e-02 2.375582873751332258e+00
-3.770681405617440252e+00 -1.978654468643535669e+00 -1.057030839387473470e-01 -1.978654468643535669e+00 -1.760930305535134410e+00 -8.891344925711854030e-02 -1.057030839387473470e-01 -8.891344925711854030e-02 4.797315844775614124e+00
2.593570668090669495e-01 1.744510051259700267e+00 -1.917896369665987866e+00 1.744510051259700267e+00 -1.475850496711175408e+00 -4.063371457243709628e+00 -1.917896369665987866e+00 -4.063371457243709628e+00 7.968407464948626284e+00
3.448138658998939898e-01 3.822865033764050180e-01 1.267861568590408494e-01 3.822865033764050180e-01 -3.479499192497642057e-01 3.180934113372238525e-01 1.267861568590408494e-01 3.180934113372238525e-01 -8.248940329212330058e-02
4.946921562213804968e+00 -3.020474870007576751e-01 -2.086119973932543559e+00 -3.020474870007576751e-01 3.193556642381375710e+00 1.522197383958020289e+00 -2.086119973932543559e+00 1.522197383958020289e+00 -4.629645427464095242e+00
2.971791454970810431e+00 1.017010577492219348e+00 5.270005901326657582e-01 1.017010577492219348e+00 -4.169905066855950970e+00 4.164445795963748864e+00 5.270005901326657582e-01 4.164445795963748864e+00 -3.344846765910547859e+00
4.820140604047375099e+00 -1.511101457770965828e+00 1.959562607663043021e+00 -1.511101457770965828e+00 5.140763423462923143e+00 2.036237326425394567e+00 1.959562607663043021e+00 2.036237326425394567e+00 2.489766464619632469e+00
-3.303663570296598850e-01 2.328653769842180754e+00 9.939338473436405696e-02 2.328653769842180754e+00 3.291481693959002364e+00 -2.721346896687153016e+00 9.939338473436405696e-02 -2.721346896687153016e+00 -1.572864112562383232e+00
1.151958863448575343e+00 2.099896144426538491e+00 2.149273141321829783e+00 2.099896144426538491e+00 3.326410009743075324e+00 -1.423563927438804999e+00 2.149273141321829783e+00 -1.423563927438804999e+00 4.362750590087295599e+00
-4.784660555896495637e+00 3.840213864147048017e+00 -1.524265814049764689e+00 3.840213864147048017e+00 -1.900505192463672000e+00 -1.942483768266293209e-01 -1.524265814049764689e+00 -1.942483768266293209e-01 1.354792091007186894e+00
-3.341464738786052102e+00 2.403993774454368904e+00 4.156496337545482866e+00 2.403993774454368904e+00 -5.258656647855272759e+00 4.086172148479100485e+00 4.156496337545482866e+00 4.086172148479100485e+00 1.760648283244381052e+00
-1.956126310614108466e+00 -1.420085472146825900e+00 2.198357886857914778e+00 -1.420085472146825900e+00 -4.808688578350925447e+00 2.715771197460309372e-01 2.198357886857914778e+00 2.715771197460309372e-01 -1.595001423356140480e+00
-1.373944282496882385e+00 1.925020420131648535e+00 1.731050817017712795e+00 1.925020420131648535e+00 -3.942137629426267775e+00 1.834258478867905939e+00 1.731050817017712795e+00 1.834258478867905939e+00 3.587114383534291406e-02
-5.661303848270486938e+00 -7.941870756796635122e-01 -2.071311299044936938e+00 -7.941870756796635122e-01 1.024132639554878876e+00 7.929808987814510601e-01 -2.071311299044936938e+00 7.929808987814510601e-01 -3.819954195459408286e+00
9.827248049049080336e+00 1.930226705929773301e+00 -2.993523959101160425e+00 1.930226705929773301e+00 1.185692355790062269e+00 -1.549264715714500751e+00 -2.993523959101160425e+00 -1.549264715714500751e+00 -3.214633405000480448e-01
-9.451600554425688694e-01 -2.510831641538870063e+00 -1.216016051558903799e+00 -2.510831641538870063e+00 8.677334026763354302e+00 -3.312055906029464647e-01 -1.216016051558903799e+00 -3.312055906029464647e-01 -3.379347793946765183e-02
-5.451343817288607063e+00 -2.400950322082211486e-01 1.866344283335958476e+00 -2.400950322082211486e-01 -2.851981516807613470e+00 -2.684213647883143317e+00 1.866344283335958476e+00 -2.684213647883143317e+00 5.532823268966572172e+00
6.258253964086092580e+00 1.516097280206217812e+00 -2.849767873493725734e+00 1.516097280206217812e+00 -2.116496784285694321e+00 3.551413113365210261e+00 -2.849767873493725734e+00 3.551413113365210261e+00 -2.921085431239780483e+00
1.733169865624565098e+00 9.968852441935788233e-01 2.244760705082959190e-02 9.968852441935788233e-01 -2.444355465385971149e-01 5.200349341093123412e-01 2.244760705082959190e-02 5.200349341093123412e-01 4.434572591659437180e+00
-2.614302824781520318e+00 1.131320207257079824e+00 3.725552359941470382e+00 1.131320207257079824e+00 -4.396113744786876332e+00 -4.437175410208363258e-01 3.725552359941470382e+00 -4.437175410208363258e-01 -5.532971218094444588e+00
2.735649328574982331e+00 3.370790039738895238e+00 2.365321592973083309e+00 3.370790039738895238e+00 -1.484474675083022444e+00 3.092995654918991200e+00 2.365321592973083309e+00 3.092995654918991200e+00 -5.179349094929690089e+00
-5.036391185500191270e+00 -9.974071234435148980e-01 -3.156767247561964584e+00 -9.974071234435148980e-01 8.459417755389811333e+00 -4.619234197426965727e-01 -3.156767247561964584e+00 -4.619234197426965727e-01 -4.224166154253054528e-01
3.148375766040597323e+00 1.548802665789548484e-02 1.227786212970387814e+00 1.548802665789548484e-02 6.351798622034040553e-01 3.607685595911513249e-02 1.227786212970387814e+00 3.607685595911513249e-02 -1.163112193312542963e+01
-1.677214826926737068e+00 1.411576316792440666e+00 -1.389940566083334383e+00 1.411576316792440666e+00 8.403801391997984815e-01 -3.378104618481611254e+00 -1.389940566083334383e+00 -3.378104618481611254e+00 -5.737135253813240077e+00
-2.405506908494734919e+00 -1.575885033430987958e+00 -1.967517326937306965e-02 -1.575885033430987958e+00 -2.882854799024445747e+00 -1.140196595165688276e+00 -1.967517326937306965e-02 -1.140196595165688276e+00 2.520046514921255199e+00
-1.697265125135418939e+00 -2.792900673208383200e+00 -6.152092183499098255e-01 -2.792900673208383200e+00 -2.014807022832680428e+00 1.095445512276521427e+00 -6.152092183499098255e-01 1.095445512276521427e+00 -8.662306691341050691e-01
-4.514706126632998529e-01 7.685178560995232777e-01 -2.710843339404851449e+00 7.685178560995232777e-01 -6.331285608865524495e-01 -1.121352258170166039e+00 -2.710843339404851449e+00 -1.121352258170166039e+00 5.170937082587141909e+00
-1.615503501204507697e-01 2.842661389959353802e+00 4.327845728975478479e-01 2.842661389959353802e+00 -2.060471873243051810e+00 -2.769773777924024460e-01 4.327845728975478479e-01 -2.769773777924024460e-01 -9.658465615875265087e+00
2.197660306932779584e+00 -1.105380096319291461e+00 9.362710764827001375e-01 -1.105380096319291461e+00 -1.709627772477897989e-01 1.699463002673158973e+00 9.362710764827001375e-01 1.699463002673158973e+00 2.398113274997053512e+00
-1.398285268764943190e+00 4.141188236761545460e-01 -1.383118346940319432e+00 4.141188236761545460e-01 -5.045009929737547694e+00 -2.249050140737512304e+00 -1.383118346940319432e+00 -2.249050140737512304e+00 -2.344546154456208065e+00
-3.226584572343091484e+00 -2.660823762087312527e+00 -1.263405701560521344e+00 -2.660823762087312527e+00 -6.576301931338713880e-01 -8.091297742654453284e-02 -1.263405701560521344e+00 -8.091297742654453284e-02 -3.948700818039966087e+00
-4.401770702564636650e+00 2.522610134359309697e+00 7.360689731100243938e-01 2.522610134359309697e+00 -7.535441105802291872e+00 -7.256208126985286277e-01 7.360689731100243938e-01 -7.256208126985286277e-01 2.567945723633552113e+00
3.246454386191112818e+00 6.761274345656675955e-01 -1.278495226687759612e+00 6.761274345656675955e-01 -2.682546979057456316e+00 -9.467419692195280234e-01 -1.278495226687759612e+00 -9.467419692195280234e-01 -3.581030640635595841e+00
1.898395658027280497e+00 -1.046727190000126040e+00 -2.724048788424090484e-01 -1.046727190000126040e+00 -2.001515822864443184e+00 -5.379881725547835947e-01 -2.724048788424090484e-01 -5.379881725547835947e-01 -7.554060877694192655e+00
-9.934204744424651068e+00 -2.660948149813990415e+00 -1.209604434978384990e+00 -2.660948149813990415e+00 -1.233162916550447213e-01 -1.924413495040333322e+00 -1.209604434978384990e+00 -1.924413495040333322e+00 -2.068471676073778021e+00
-5.299569181983733834e+00 1.583748627697840972e+00 1.072172643583295004e+00 1.583748627697840972e+00 -2.447104351872757100e+00 1.311365726162668999e+00 1.072172643583295004e+00 1.311365726162668999e+00 -1.278976343766341062e+00
1.771941227875283520e+00 1.015685378625831747e+00 5.308979502883075519e-01 1.015685378625831747e+00 3.231774379283117504e+00 4.260722690493368603e+00 5.308979502883075519e-01 4.260722690493368603e+00 2.242323782893770545e+00
