-2.482427569562657421e+00 5.265960346785379942e-01 -2.318997239693065371e+00 5.265960346785379942e-01 -3.002869034696035833e+00 -1.641295381450098345e+00 -2.318997239693065371e+00 -1.641295381450098345e+00 -1.578005507113670047e+00
7.591368420909014425e+00 1.907679452092103212e+00 1.070752735180013904e+00 1.907679452092103212e+00 5.878305550025409998e-01 -8.870600601917190131e-01 1.070752735180013904e+00 -8.870600601917190131e-01 3.198558616387015885e+00
2.991043935030451628e+00 -1.860163668851129382e+00 4.068051361388982934e-01 -1.860163668851129382e+00 -1.247812248467771612e+00 -2.446930462857130339e-01 4.068051361388982934e-01 -2.446930462857130339e-01 -9.595892404015225752e-02
6.150687973182198398e-01 -9.267402908130306649e-01 1.314556062615957754e-01 -9.267402908130306649e-01 -2.178921692829189904e+00 3.015111611497217625e-01 1.314556062615957754e-01 3.015111611497217625e-01 1.015262477441019584e+01
9.600493167420588447e-01 -1.372583746254171455e+00 -4.500915755123030770e+00 -1.372583746254171455e+00 1.594282243638368568e+00 -2.493853912061635647e+00 -4.500915755123030770e+00 -2.493853912061635647e+00 1.478569256566512502e+00
-1.134536298291282108e+01 2.299464937813390009e+00 -3.437670986212260082e+00 2.299464937813390009e+00 -8.059773603206712878e+00 7.992397598726508345e-01 -3.437670986212260082e+00 7.992397598726508345e-01 1.366232537876478581e+00
6.378464735652464856e-01 4.416271718250473377e+00 -3.273098486697145204e-01 4.416271718250473377e+00 -7.970838397191747582e+00 -1.497983856167972361e+00 -3.273098486697145204e-01 -1.497983856167972361e+00 -1.154681097151960545e+00
-3.001945270166649582e+00 -2.427678192612012342e+00 -5.204169911160682060e-01 -2.427678192612012342e+00 5.579975402545006569e-01 1.164379851629654183e+00 -5.204169911160682060e-01 1.164379851629654183e+00 -2.861222695484253009e+00
-5.385906009622535073e+00 -6.929147457610960181e-01 -1.092163099620132360e+00 -6.929147457610960181e-01 -1.169279297768347625e+01 8.654177490034112852e-01 -1.092163099620132360e+00 8.654177490034112852e-01 -2.474306832338522888e+00
-2.742063199428929732e+00 4.095752080161632946e+00 3.994554708052328595e-01 4.095752080161632946e+00 -5.052993394768794388e-01 -4.221322074189806095e-01 3.994554708052328595e-01 -4.221322074189806095e-01 -5.513517924585128460e-01
-3.351370450899152864e+00 2.613223294453124734e-01 -1.007232444878201738e+00 2.613223294453124734e-01 -9.193777977878337282e+00 3.172309457069058425e+00 -1.007232444878201738e+00 3.172309457069058425e+00 -6.288188173810543624e+00
-2.599409959257209746e+00 8.342354648385481575e-01 -1.050883193116544545e+00 8.342354648385481575e-01 2.853106603077461223e+00 -2.532620635175833357e+00 -1.050883193116544545e+00 -2.532620635175833357e+00 -3.331001335564675703e+00
1.525732787982435508e-02 1.046099792835637921e+00 8.490541452296347380e-01 1.046099792835637921e+00 6.147478642982109331e-01 1.049660587230043074e+00 8.490541452296347380e-01 1.049660587230043074e+00 1.011055265726144903e+00
-5.243397005299004654e+00 -3.011545468520591684e-01 7.970542175390109285e-03 -3.011545468520591684e-01 2.816723631094021130e+00 1.138506414099755559e-01 7.970542175390109285e-03 1.138506414099755559e-01 -3.741298852080106041e+00
-2.439896929918289548e+00 -3.217286030504053485e-01 -2.288020133705009673e+00 -3.217286030504053485e-01 -5.150736283373132274e+00 4.665599177126310004e-01 -2.288020133705009673e+00 4.665599177126310004e-01 2.805336122035975599e+00
-3.767926744989434251e+00 -7.486870002082921527e-01 1.459908035246498370e+00 -7.486870002082921527e-01 -2.240738448427032736e+00 7.918356902813392661e-01 1.459908035246498370e+00 7.918356902813392661e-01 -4.365373224400046048e+00
-4.204958210211122704e+00 -1.425706296773534998e+00 1.435104792887965663e-01 -1.425706296773534998e+00 5.401887967219748177e+00 -5.287013168779192362e+00 1.435104792887965663e-01 -5.287013168779192362e+00 2.766918800623499042e+00
-2.639773097147187109e+00 4.684330894573224491e+00 2.742800059313509564e+00 4.684330894573224491e+00 -2.357325643690408423e+00 2.358178079876770195e+00 2.742800059313509564e+00 2.358178079876770195e+00 -6.294264053338117115e+00
-4.909638538211182457e+00 2.951307230814053661e-01 -3.223305265154238070e-02 2.951307230814053661e-01 -1.054856839725622208e+01 6.000396625219321933e-01 -3.223305265154238070e-02 6.000396625219321933e-01 -4.152570849791453078e+00
-5.529572496038872131e+00 1.595746126051857949e+00 7.842882704554933193e-01 1.595746126051857949e+00 -3.020121878302937990e+00 -1.823703349620599656e+00 7.842882704554933193e-01 -1.823703349620599656e+00 -5.673051901079890769e+00
-1.256392264813163129e-01 5.692719453138311847e-01 2.048384026812495318e+00 5.692719453138311847e-01 6.378642985086176997e-01 4.031531398858823056e-02 2.048384026812495318e+00 4.031531398858823056e-02 1.935682621312382556e+00
-5.785710425762175646e+00 -2.645020914009400759e+00 6.918470407867911565e-01 -2.645020914009400759e+00 -5.895161839082608601e+00 2.457303279356467807e-01 6.918470407867911565e-01 2.457303279356467807e-01 9.037266477194501046e-01
1.807245992523934808e+00 5.618947035201000695e-01 3.402171855107609111e-01 5.618947035201000695e-01 -3.874540149963529689e+00 -1.258763800275376044e+00 3.402171855107609111e-01 -1.258763800275376044e+00 1.811936163322255045e+00
-1.454359261789883950e+00 -1.653319293663860989e+00 -5.067582788126122617e-01 -1.653319293663860989e+00 -7.862460073818277273e+00 9.297458835612142369e-01 -5.067582788126122617e-01 9.297458835612142369e-01 1.667459573738322431e+00
-6.605881889034385779e+00 -1.445265908683835088e+00 -1.458099710299509022e+00 -1.445265908683835088e+00 -5.132345331923644949e+00 -7.001402774475758983e-01 -1.458099710299509022e+00 -7.001402774475758983e-01 -1.790003748764602109e+00
-1.269511013364404084e+00 -1.610665051612500953e+00 -3.835707023611067967e+00 -1.610665051612500953e+00 -3.278385581632769163e+00 5.645632743616464388e+00 -3.835707023611067967e+00 5.645632743616464388e+00 -2.029751306235483277e+00
4.237438393886440835e+00 -2.242202662907180344e-01 2.330484000388238552e+00 -2.242202662907180344e-01 2.312292517229975086e+00 -2.667845348025808860e+00 2.330484000388238552e+00 -2.667845348025808860e+00 -2.484329256470642289e+00
8.373392849060108389e-01 2.717488038871964662e+00 5.741531790849053150e-03 2.717488038871964662e+00 -9.168114036078809370e-01 2.597960469325558464e+00 5.741531790849053150e-03 2.597960469325558464e+00 -9.731828749643440801e+00
-5.218352677294144648e+00 -3.389807934827621327e+00 1.544338195125648738e+00 -3.389807934827621327e+00 -2.793782685712812075e+00 1.963094438981858314e+00 1.544338195125648738e+00 1.963094438981858314e+00 -3.691020109533694082e+00
3.637204048776564225e+00 3.987146101064098946e+00 1.561959015218763236e+00 3.987146101064098946e+00 -8.725449923425402377e-01 1.183065774222020750e+00 1.561959015218763236e+00 1.183065774222020750e+00 -5.105443995717985350e-01
3.723683009079058470e-01 8.661077429404659966e-01 5.958326451837255178e+00 8.661077429404659966e-01 5.248517364324562173e+00 -2.961127855948337384e+00 5.958326451837255178e+00 -2.961127855948337384e+00 3.501668590284128690e+00
-6.046767644295457877e+00 -1.932305300396201853e+00 1.980853804579075783e+00 -1.932305300396201853e+00 -6.082001947266972408e+00 -4.164507526438442575e+00 1.980853804579075783e+00 -4.164507526438442575e+00 -6.549292992826793558e+00
1.409698065514446708e-01 1.420655042443704774e+00 -4.476872897367861093e+00 1.420655042443704774e+00 3.305719152983068287e+00 -1.716957498240653912e+00 -4.476872897367861093e+00 -1.716957498240653912e+00 -8.879870757176790974e+00
-1.170427596685462746e+01 7.028526549607114378e-03 -5.273545960003263922e+00 7.028526549607114378e-03 -9.670154878239049623e+00 -1.896852371733011688e+00 -5.273545960003263922e+00 -1.896852371733011688e+00 -1.049348391398081004e+00
5.617141838543533439e+00 2.937859022277897303e+00 7.146689193982745936e-01 2.937859022277897303e+00 9.567289149740682008e-01 -1.499844078459606100e+00 7.146689193982745936e-01 -1.499844078459606100e+00 -1.166800180096574241e-01
3.206534380818002461e+00 2.488887201290499729e-01 1.037715790638721493e-04 2.488887201290499729e-01 9.468267118900643986e-01 -3.538981458860411822e-01 1.037715790638721493e-04 -3.538981458860411822e-01 -1.136122379064991605e+01
4.404767318918499264e+00 7.725126143994118788e-01 1.091851742086308308e+00 7.725126143994118788e-01 2.565146538878023463e+00 -1.649576566661520971e+00 1.091851742086308308e+00 -1.649576566661520971e+00 -2.394369746411877387e+00
2.050224856396387629e+00 -1.339975677143979471e+00 1.457502731273117025e+00 -1.339975677143979471e+00 -2.237034408161385546e+00 -5.847197281095161542e-02 1.457502731273117025e+00 -5.847197281095161542e-02 -4.866132562634230219e+00
-7.791207159298231488e+00 2.725100722587553648e+00 -1.385078790140257921e+00 2.725100722587553648e+00 -1.843120981478682419e+00 -4.911140109535550580e-01 -1.385078790140257921e+00 -4.911140109535550580e-01 1.914091628863570371e-01
-2.241911312986450522e+00 -2.936346362657598075e+00 -2.122532180440582561e+00 -2.936346362657598075e+00 -2.265151744532152289e+00 6.237747476988625417e-01 -2.122532180440582561e+00 6.237747476988625417e-01 -5.108716357412853348e+00
5.233506086088586251e-01 -2.690735506901321905e+00 -2.313139854966283604e+00 -2.690735506901321905e+00 8.955885540853470772e+00 -2.463543117394737081e+00 -2.313139854966283604e+00 -2.463543117394737081e+00 -6.692801529948575023e+00
-3.737592319456667145e+00 -4.345705870380896840e+00 -1.602271718425497538e+00 -4.345705870380896840e+00 -5.372862264559113754e+00 -3.623680740677531986e+00 -1.602271718425497538e+00 -3.623680740677531986e+00 -1.916825425012066209e+00
-3.388839610183099982e+00 -5.303658379064715156e-01 1.183054745051715928e+00 -5.303658379064715156e-01 -9.752804072398298940e-01 -5.441318260248784178e-01 1.183054745051715928e+00 -5.441318260248784178e-01 -5.413391643543145726e+00
9.946781644302550296e-01 -1.893293410058590753e+00 8.541935301213384735e-01 -1.893293410058590753e+00 2.907850100374619551e+00 -1.178755922661582245e+00 8.541935301213384735e-01 -1.178755922661582245e+00 3.709105834814044211e+00
-1.169066736466760181e+00 4.296556810086809564e-01 1.678612041332708804e+00 4.296556810086809564e-01 8.914562994273866892e-01 2.602414765241639394e+00 1.678612041332708804e+00 2.602414765241639394e+00 1.273460288021833753e+00
6.653408990406849632e+00 -3.439998445810950489e+00 -1.085793555195067928e+00 -3.439998445810950489e+00 -5.441557673042784593e+00 2.973605141834963828e+00 -1.085793555195067928e+00 2.973605141834963828e+00 1.743023989614406632e+00
-4.872623823132940402e+00 7.864687831543067942e-01 -6.488677859506326584e-01 7.864687831543067942e-01 -1.069292313488146640e+01 -1.030846858611753847e+00 -6.488677859506326584e-01 -1.030846858611753847e+00 -4.372878409144839162e-01
6.563580191827972143e+00 -1.874996411216591996e+00 9.134104537767818652e-03 -1.874996411216591996e+00 -9.244686741353037585e-01 -1.074164884989961211e+00 9.134104537767818652e-03 -1.074164884989961211e+00 -4.020407333800503302e+00
-5.208996736778114034e+00 -2.226874273307459351e+00 -2.422340463428589885e+00 -2.226874273307459351e+00 -2.341440203892118266e+00 -2.607261070551062598e+00 -2.422340463428589885e+00 -2.607261070551062598e+00 -2.392219391380712157e+00
1.189757248099035047e+00 4.908080578947929817e-01 6.775007646071826706e-01 4.908080578947929817e-01 5.054327007706716834e+00 7.176397359486300642e-01 6.775007646071826706e-01 7.176397359486300642e-01 2.510482270573059616e+00
-1.210366328842431649e+01 -2.089255191103346121e+00 1.764906168934828656e+00 -2.089255191103346121e+00 -2.535367134453057059e+00 -3.713088900948843474e+00 1.764906168934828656e+00 -3.713088900948843474e+00 6.024855907664983690e+00
-5.537614034890758319e+00 4.638792540016513755e+00 1.393897516468189268e+00 4.638792540016513755e+00 7.638554949868416877e-01 -8.306160157060631377e-01 1.393897516468189268e+00 -8.306160157060631377e-01 4.222105514278661431e+00
3.338335511523175647e+00 1.340889548108919138e+00 -9.644702783124390333e-01 1.340889548108919138e+00 2.434572939771638911e+00 1.013568443938066777e+00 -9.644702783124390333e-01 1.013568443938066777e+00 -5.457561498909452996e-02
-8.010952735672329794e+00 6.491215364283083877e-01 3.721456230126076181e-01 6.491215364283083877e-01 -9.114259767793340572e+00 1.556801070214263449e-01 3.721456230126076181e-01 1.556801070214263449e-01 -3.067683069846928401e+00
3.471977533756233303e+00 -6.173899500887046476e-02 1.173493426509918391e+00 -6.173899500887046476e-02 2.341737605459834448e+00 -4.733373230829110989e-01 1.173493426509918391e+00 -4.733373230829110989e-01 -7.918278767636572901e+00
-7.459814641370495991e+00 6.453179546496993213e-01 2.435435136905940379e+00 6.453179546496993213e-01 -1.417732265333350483e+01 2.068733897791678711e+00 2.435435136905940379e+00 2.068733897791678711e+00 2.142222270746293233e+00
-4.595736423471148413e+00 -2.148958427789148473e+00 3.571671312745421378e+00 -2.148958427789148473e+00 2.663285947914057150e+00 -1.620553120547801207e+00 3.571671312745421378e+00 -1.620553120547801207e+00 1.427332863118818018e+00
-6.732256878783853260e+00 -1.222142204779150365e+00 -1.741770363105677594e-02 -1.222142204779150365e+00 -1.994517183427876317e+00 -8.610721847968025866e-01 -1.741770363105677594e-02 -8.610721847968025866e-01 -4.803703215278630978e+00
-5.735002292338920782e+00 -2.084654462873198888e+00 -9.658446952798971363e-01 -2.084654462873198888e+00 -1.615406820353491479e+00 -1.944402075695786269e+00 -9.658446952798971363e-01 -1.944402075695786269e+00 -7.025409940361614147e+00
-5.980581167668419518e+00 -1.362849086242609697e+00 1.649593277501333333e+00 -1.362849086242609697e+00 -2.480354152417016511e+00 -4.115514976918908663e-01 1.649593277501333333e+00 -4.115514976918908663e-01 1.758754545211849152e+00
-8.189087928974512209e+00 3.152762396594495087e+00 -2.448654720037138688e+00 3.152762396594495087e+00 -7.186485877218158791e+00 -2.147563888341605498e+00 -2.448654720037138688e+00 -2.147563888341605498e+00 -7.280909338763647654e+00
-6.167148175105917396e+00 -1.228735711421895971e+00 3.757561650518593810e-01 -1.228735711421895971e+00 -5.465779391144438115e+00 2.041098672801094249e+00 3.757561650518593810e-01 2.041098672801094249e+00 3.629311090637959980e-01
-3.760238876080450154e+00 -5.050403829207129602e-01 1.929622584818371012e+00 -5.050403829207129602e-01 -5.827076092413453701e+00 -5.343377032682226080e-01 1.929622584818371012e+00 -5.343377032682226080e-01 -7.394257135622669175e+00
7.764045091632131523e+00 -2.931046674020989506e+00 1.841756383440723788e+00 -2.931046674020989506e+00 -4.805349988449658660e+00 -1.168043745354205409e+00 1.841756383440723788e+00 -1.168043745354205409e+00 -2.573496192343648126e+00
-3.142580046259659365e+00 -3.022294345474149102e-01 -2.539598289834306577e+00 -3.022294345474149102e-01 -1.524380274899703736e+00 5.023934292271395874e-01 -2.539598289834306577e+00 5.023934292271395874e-01 -5.192873343355641325e+00
-8.937070968911799085e+00 -9.370320156342701878e-01 8.393090679875954141e-01 -9.370320156342701878e-01 -5.281302417408003436e+00 -8.044345955285876482e-01 8.393090679875954141e-01 -8.044345955285876482e-01 -4.599272285525263015e+00
1.453336384605899978e+00 1.998285635494086998e+00 3.006400234966011720e+00 1.998285635494086998e+00 1.589066295790806826e+00 -1.306282193660281310e+00 3.006400234966011720e+00 -1.306282193660281310e+00 -1.085600964514840783e+00
-2.429045662468538147e+00 5.465930534479631620e-01 2.372429510676985931e+00 5.465930534479631620e-01 -3.092245948256036048e+00 3.469549208005577423e+00 2.372429510676985931e+00 3.469549208005577423e+00 2.741567126473893445e+00
3.866158552854153108e+00 1.181460088747654860e-02 -1.773440841469020368e+00 1.181460088747654860e-02 5.445181374695165388e+00 -9.767537563850976767e-02 -1.773440841469020368e+00 -9.767537563850976767e-02 -3.955057771613329720e+00
-7.484020852600983709e+00 -1.280370097107063510e+00 2.162075548942183900e+00 -1.280370097107063510e+00 -8.267099346498753221e+00 -1.335966484468798177e+00 2.162075548942183900e+00 -1.335966484468798177e+00 -4.189002996283376135e+00
-3.168115412538993869e+00 4.455649283268241057e+00 4.092381709415174318e-01 4.455649283268241057e+00 -1.024074316078857727e+01 6.784799476737639612e-01 4.092381709415174318e-01 6.784799476737639612e-01 -3.840633104240290141e+00
2.867445753379322393e-01 2.059013045123713415e+00 4.014084202595300077e+00 2.059013045123713415e+00 6.676886104364531116e-01 -1.699947935297895896e+00 4.014084202595300077e+00 -1.699947935297895896e+00 -4.253891421851130339e-01
-2.556940199197111685e+00 1.569307018430705192e+00 3.700579230943700892e+00 1.569307018430705192e+00 4.380437817191345395e+00 1.074762735314299666e+00 3.700579230943700892e+00 1.074762735314299666e+00 2.484421854405542529e+00
-3.366504863014339932e+00 -4.595866041347727582e-01 4.277037671430993782e-01 -4.595866041347727582e-01 -2.732138947043886379e+00 2.125880164357540902e+00 4.277037671430993782e-01 2.125880164357540902e+00 -1.567195248386519690e+00
4.170748728921326864e-01 -4.787114211997931967e+00 4.308836715784666871e-01 -4.787114211997931967e+00 2.124289371659580983e+00 2.599264429922276687e+00 4.308836715784666871e-01 2.599264429922276687e+00 -4.631392742496203141e+00
-8.205107437572580764e+00 -1.433158384259378915e+00 7.288826735049778183e-01 -1.433158384259378915e+00 -2.633988992932469575e+00 5.194914948760147588e+00 7.288826735049778183e-01 5.194914948760147588e+00 6.969485274715064627e+00
-5.336535747008664288e+00 -9.106774764983907033e-01 -2.035668653640151649e-01 -9.106774764983907033e-01 -7.783379875949299809e+00 1.190905100188471843e+00 -2.035668653640151649e-01 1.190905100188471843e+00 -2.094075367114907049e+00
-9.800231999787198944e+00 -2.046005284756806208e+00 -3.848128708912229579e-01 -2.046005284756806208e+00 -2.273238855536052316e+00 -6.045527131360304729e+00 -3.848128708912229579e-01 -6.045527131360304729e+00 -6.026952659182366334e-01
5.635115543356936207e+00 1.913499277721908642e+00 3.092882491298361014e+00 1.913499277721908642e+00 4.836487050073814964e-01 8.740263396936448492e-01 3.092882491298361014e+00 8.740263396936448492e-01 -2.510567718198080556e+00
-4.905539562701430434e+00 4.829610343001255468e-01 1.758617190909507855e+00 4.829610343001255468e-01 -8.657023664872051327e+00 -1.834242038159451083e+00 1.758617190909507855e+00 -1.834242038159451083e+00 -3.195700008047045682e+00
-7.467787137809001052e+00 1.290635477949276355e+00 4.965017178310472401e-01 1.290635477949276355e+00 -5.667295030898205077e+00 1.359481971365485709e-01 4.965017178310472401e-01 1.359481971365485709e-01 -5.973716451278332507e+00
-1.018962904090452959e+01 -1.304237976948823485e+00 -1.979801999824171599e+00 -1.304237976948823485e+00 -8.664145862671817966e+00 -1.064720638013336718e+00 -1.979801999824171599e+00 -1.064720638013336718e+00 3.467079058758624210e+00
-6.024745248135459086e+00 3.591813174201603509e+00 5.025821430320808858e+00 3.591813174201603509e+00 -3.122478614219704518e+00 -9.742974369259277401e-01 5.025821430320808858e+00 -9.742974369259277401e-01 -4.746953458696359540e+00
-5.182818700382219035e+00 -1.765454244118113358e+00 -5.082611273825732301e-01 -1.765454244118113358e+00 -5.209646660854382993e+00 1.343051031135967577e+00 -5.082611273825732301e-01 1.343051031135967577e+00 -6.109164118950948241e-01
2.581128426869125470e+00 3.540793796788599845e+00 4.005436860719989944e+00 3.540793796788599845e+00 2.061659097231379523e+00 3.249628847433603251e+00 4.005436860719989944e+00 3.249628847433603251e+00 5.655244401331993132e+00
-7.785252210416691021e+00 -5.296604080925271241e+00 -8.774740779402376289e-02 -5.296604080925271241e+00 7.749143350727734081e+00 -5.460000366710187514e+00 -8.774740779402376289e-02 -5.460000366710187514e+00 -3.637424930412470836e+00
1.954902752656304754e+00 -1.303398669916039143e+00 2.748400255907814116e-01 -1.303398669916039143e+00 4.804706496884582623e-01 9.661229928480798146e-02 2.748400255907814116e-01 9.661229928480798146e-02 -1.269680113850062630e+00
-1.109851079095810178e+01 -9.054970500679689893e-01 4.824906634966271701e-01 -9.054970500679689893e-01 -5.587576247691426801e+00 -6.465984114126874793e-01 4.824906634966271701e-01 -6.465984114126874793e-01 -1.917898616401209066e+00
-1.721963028204895219e+00 6.042915935773311709e-02 1.643742502727881805e+00 6.042915935773311709e-02 -7.708485772477395415e+00 -2.650574593534797962e-01 1.643742502727881805e+00 -2.650574593534797962e-01 3.354188833591053576e-01
-4.692490812694295244e+00 8.195104993035190466e-01 -1.341622200399137155e+00 8.195104993035190466e-01 -1.503036043781848852e+00 7.789169871010155344e-01 -1.341622200399137155e+00 7.789169871010155344e-01 -7.293455541532356534e+00
-9.115444653938860498e+00 -2.515792936474089636e+00 -3.094775256850960110e-01 -2.515792936474089636e+00 -1.681421119567078071e+00 -4.519461829570194489e+00 -3.094775256850960110e-01 -4.519461829570194489e+00 -4.025952045761330145e-01
-8.101793357393836104e+00 -2.120298008879580642e+00 -4.504151445249216512e-01 -2.120298008879580642e+00 -5.183913272110402204e+00 2.802281182828674666e+00 -4.504151445249216512e-01 2.802281182828674666e+00 -2.874341682360427530e+00
-9.396181904144757624e+00 -1.374066362176050493e+00 -1.939780961304199636e+00 -1.374066362176050493e+00 -5.874734894177193745e+00 -5.694718382817566926e+00 -1.939780961304199636e+00 -5.694718382817566926e+00 3.398936190958944170e+00
-5.374823204124736797e+00 5.095911161875822160e+00 3.069602985818626451e+00 5.095911161875822160e+00 -8.339248158771448871e+00 -1.066079085736268833e-01 3.069602985818626451e+00 -1.066079085736268833e-01 -3.507270487346267451e+00
-1.305857463762152726e+00 2.041797010328453954e+00 1.602530153375748334e+00 2.041797010328453954e+00 1.120583794567741487e+00 1.870099294903282416e+00 1.602530153375748334e+00 1.870099294903282416e+00 4.211484792476182015e+00
2.839924488602761643e-02 -1.219058001525384904e+00 3.267629516682613477e+00 -1.219058001525384904e+00 -2.453631245464542310e-01 -1.857594910436438929e-01 3.267629516682613477e+00 -1.857594910436438929e-01 -7.712209634792025703e+00
-3.122408828836049643e+00 -3.131806651960928001e+00 -2.447412769083465278e+00 -3.131806651960928001e+00 4.246312082444485547e+00 -1.521524274695581713e+00 -2.447412769083465278e+00 -1.521524274695581713e+00 1.750223204931824261e+00
-3.070339273741216513e+00 1.695521429152426762e-01 1.024548199846061491e+00 1.695521429152426762e-01 2.139463058083848956e+00 -4.538093707066265026e+00 1.024548199846061491e+00 -4.538093707066265026e+00 -5.340876686874177715e+00
-4.424471507244216006e+00 -3.573661784228494120e+00 1.693662807927505121e+00 -3.573661784228494120e+00 1.834838455953701652e+00 -1.791382390783182732e+00 1.693662807927505121e+00 -1.791382390783182732e+00 -2.569051377939187475e+00
3.062023818708992984e+00 -6.123731342130640520e+00 2.214020724298956022e+00 -6.123731342130640520e+00 3.397944842907665297e+00 7.590315444356825481e-01 2.214020724298956022e+00 7.590315444356825481e-01 8.787793973206143860e+00
