-7.653513698469920357e+00 -2.859296724802304901e+00 -1.428216102270277288e+00 -2.859296724802304901e+00 1.237019906122942992e+00 1.599307999962901405e+00 -1.428216102270277288e+00 1.599307999962901405e+00 -1.863591588082832873e+00
4.163877198525005596e+00 2.262959260320803259e-02 1.613154421463076416e+00 2.262959260320803259e-02 8.438511834651311716e+00 1.533977646964121311e+00 1.613154421463076416e+00 1.533977646964121311e+00 1.316868628019179255e+00
-1.175169193839443738e-01 2.212869233814112047e+00 2.672583424010176234e+00 2.212869233814112047e+00 1.507448404349501503e-01 -3.013900164590600284e+00 2.672583424010176234e+00 -3.013900164590600284e+00 3.869436884324664927e+00
-4.935781941647593207e+00 -1.540294682659157255e+00 6.288375686776108253e+00 -1.540294682659157255e+00 4.969737770066567251e+00 -3.158752289145524195e+00 6.288375686776108253e+00 -3.158752289145524195e+00 6.968842363745087809e+00
-8.130481931447269162e+00 6.047340385232371496e-01 -5.767267153334083574e-01 6.047340385232371496e-01 2.734275151578426932e+00 1.253437689144791367e+00 -5.767267153334083574e-01 1.253437689144791367e+00 -3.102622773844654791e+00
-1.917784129736194609e+00 -6.203285384304691341e+00 2.913202415939229351e+00 -6.203285384304691341e+00 -6.168740047067877263e+00 3.233795959841429646e+00 2.913202415939229351e+00 3.233795959841429646e+00 -4.317035220831343167e+00
-5.558417153004283406e+00 -1.011295893314368533e+00 -1.495076987157641479e+00 -1.011295893314368533e+00 5.230142450471815252e+00 -9.904728252918151288e-01 -1.495076987157641479e+00 -9.904728252918151288e-01 1.602428937253694563e-01
-2.230666311752627640e-01 -6.384015774262395693e-02 4.417538275293814820e+00 -6.384015774262395693e-02 5.532698150741969911e+00 5.312513446687659346e+00 4.417538275293814820e+00 5.312513446687659346e+00 5.647592194633624274e+00
-7.967408896488493930e+00 3.551258830603633676e+00 2.682048789919424969e+00 3.551258830603633676e+00 4.115306925033235252e+00 3.857561022209962776e+00 2.682048789919424969e+00 3.857561022209962776e+00 4.610829301024406135e-01
7.756713243609578257e+00 1.205968990994564560e+00 6.480280906880759417e+00 1.205968990994564560e+00 -2.033035562521242401e+00 -1.698217325250005738e-01 6.480280906880759417e+00 -1.698217325250005738e-01 4.939005523275473153e-01
-1.604496646204400134e+00 -5.377674202284386418e+00 2.435870256957239022e+00 -5.377674202284386418e+00 3.459060291049757124e-02 -1.352342681187843176e+00 2.435870256957239022e+00 -1.352342681187843176e+00 4.738589753111003056e+00
-6.102053412565487278e+00 2.186508527226762588e+00 3.576815825797818316e-01 2.186508527226762588e+00 -3.919987073610553541e+00 -4.284405161481680935e+00 3.576815825797818316e-01 -4.284405161481680935e+00 -8.783219129962720473e+00
7.559331785962640993e+00 9.720658295549398531e+00 -3.504331658808504280e+00 9.720658295549398531e+00 -5.404349958061787973e+00 -2.218963308946903190e+00 -3.504331658808504280e+00 -2.218963308946903190e+00 2.001800538321246492e+00
-1.538205502198481511e+00 -1.947038198817491850e+00 -3.260254451582221158e+00 -1.947038198817491850e+00 2.275404069007759933e+00 -3.883410275507047871e+00 -3.260254451582221158e+00 -3.883410275507047871e+00 7.200315256536980790e+00
-4.313866277326858345e+00 -4.631522845825368329e+00 3.293088519794232560e+00 -4.631522845825368329e+00 -1.117002445399291766e+01 -9.120308106096631784e-01 3.293088519794232560e+00 -9.120308106096631784e-01 -4.345162301343981071e+00
6.384171930575130993e+00 3.676757689165906506e-01 1.833833071566599138e+00 3.676757689165906506e-01 2.469709448448083933e+00 -1.880665571935969282e+00 1.833833071566599138e+00 -1.880665571935969282e+00 -4.938706424745701540e+00
6.104031143294375461e+00 3.238841429931009763e+00 3.947796561510572011e-01 3.238841429931009763e+00 1.239138587451369133e+01 -1.378772132086260038e+00 3.947796561510572011e-01 -1.378772132086260038e+00 2.139409134570057436e+00
1.988872339273834111e+00 2.054792245545054463e+00 -2.837932839591998491e+00 2.054792245545054463e+00 4.279071200886023774e-01 -1.300700300107511698e+00 -2.837932839591998491e+00 -1.300700300107511698e+00 3.778187746046027140e+00
-4.463606236524012338e+00 -9.353649538142482234e-01 -6.906327980045459114e-01 -9.353649538142482234e-01 6.237189528342218736e+00 1.021746046149779735e-01 -6.906327980045459114e-01 1.021746046149779735e-01 4.948262763227986305e+00
6.697812343238743971e+00 -3.623560453828022609e+00 1.671788003979393311e+00 -3.623560453828022609e+00 4.733148760008596412e+00 1.866581257757147227e+00 1.671788003979393311e+00 1.866581257757147227e+00 -6.779602470352974031e+00
-3.353494276921508366e+00 1.489623493522589104e-01 4.306019636651053695e+00 1.489623493522589104e-01 5.111671417978667975e+00 3.285169479783184077e+00 4.306019636651053695e+00 3.285169479783184077e+00 7.400524638284224466e+00
-1.786606562852925406e-01 -2.246375885247297866e-01 3.789492257556068555e-01 -2.246375885247297866e-01 -4.283378393380647964e+00 -3.707967492066663318e-01 3.789492257556068555e-01 -3.707967492066663318e-01 1.437112495054062578e+00
-7.780865609456038001e+00 -4.314818833637710682e+00 -3.790510898152520958e-01 -4.314818833637710682e+00 -1.867634759453764781e+00 -3.151049058138250203e+00 -3.790510898152520958e-01 -3.151049058138250203e+00 5.750146925245920748e+00
4.794479866477127317e+00 2.957699711848390756e+00 -8.913017012724117061e-01 2.957699711848390756e+00 2.710325082588359802e+00 -2.380209467734708095e+00 -8.913017012724117061e-01 -2.380209467734708095e+00 1.087689522345361759e+01
7.971938271911143126e+00 -3.224760428968472148e+00 1.439905890288251111e+00 -3.224760428968472148e+00 4.929200565459936456e+00 -1.400320402204102699e+00 1.439905890288251111e+00 -1.400320402204102699e+00 5.564943875263310247e+00
-2.341749887802297980e+00 1.373075531790464154e+00 6.084453157903962905e-01 1.373075531790464154e+00 -7.823565180227947558e+00 6.767350822299623980e-02 6.084453157903962905e-01 6.767350822299623980e-02 -8.504916976554925512e+00
-2.146188241079300507e+00 -1.771424408933482075e+00 -4.022286038824222310e+00 -1.771424408933482075e+00 1.044418073336736086e+01 -7.696444312935052601e+00 -4.022286038824222310e+00 -7.696444312935052601e+00 9.161320086280859698e+00
9.178792434348252982e+00 1.069082315474968237e+00 4.306247435304252358e-01 1.069082315474968237e+00 1.292671423299542788e+01 4.108928171901515825e+00 4.306247435304252358e-01 4.108928171901515825e+00 1.215999304365957379e+01
-8.233673055760293735e+00 -2.042748709758593684e+00 -2.233541581916700380e+00 -2.042748709758593684e+00 1.814976640843222633e+00 2.555730442552586190e-01 -2.233541581916700380e+00 2.555730442552586190e-01 5.492228673937558092e+00
-2.322843448364680263e+00 2.228047249778482897e+00 -4.164265015271254811e+00 2.228047249778482897e+00 7.408792933633159272e-01 -4.059539618101212888e+00 -4.164265015271254811e+00 -4.059539618101212888e+00 -6.036375739544119767e-01
-8.667953712038228842e-01 3.907683731854535658e+00 9.319318565020536793e-01 3.907683731854535658e+00 -7.458156723534321131e+00 5.436282121545039203e+00 9.319318565020536793e-01 5.436282121545039203e+00 -6.586482433258622038e+00
-8.097508925279502945e-01 -2.109573109121087420e+00 2.970256766185135344e+00 -2.109573109121087420e+00 -7.085843802362679966e+00 1.547649839922348614e+00 2.970256766185135344e+00 1.547649839922348614e+00 2.338575522825308284e-01
-1.465196080032252723e+01 -8.165053182300863188e-01 -2.704377581530669872e+00 -8.165053182300863188e-01 -6.357159639286830810e+00 -9.755996313220971494e-02 -2.704377581530669872e+00 -9.755996313220971494e-02 -5.995323320328128425e+00
9.389983066176820214e-01 -5.132246384665974936e+00 1.941698251550122656e+00 -5.132246384665974936e+00 -3.909834278200493785e+00 -6.457687117507646679e-01 1.941698251550122656e+00 -6.457687117507646679e-01 -3.450119015918293730e+00
-1.693939563094242873e+00 -5.181937557656437043e+00 1.817829821053948303e+00 -5.181937557656437043e+00 8.763218133835554147e-01 -5.680449890685394104e-02 1.817829821053948303e+00 -5.680449890685394104e-02 -3.492602024418804962e+00
-9.113337842002733780e+00 -1.002485203745743236e+00 -1.216791905969842436e+00 -1.002485203745743236e+00 -3.474884770424996994e+00 4.793472359951286843e-02 -1.216791905969842436e+00 4.793472359951286843e-02 -7.502155999848030277e+00
3.509207760622158889e-01 -1.476534640060485515e+00 -1.566250384241158367e+00 -1.476534640060485515e+00 3.240210380922790900e+00 -1.866935876590233745e+00 -1.566250384241158367e+00 -1.866935876590233745e+00 9.482226797253188622e+00
-5.254337265030670778e+00 -5.255266734158730024e+00 8.956111026400566999e+00 -5.255266734158730024e+00 -3.307956484708340028e+00 -3.164178474522415740e+00 8.956111026400566999e+00 -3.164178474522415740e+00 -2.133300643283378317e+00
-6.688963693669595756e+00 -1.759458228519317213e+00 -5.817446120814036004e-01 -1.759458228519317213e+00 -7.854651608365492699e+00 2.254617788058200567e+00 -5.817446120814036004e-01 2.254617788058200567e+00 -9.147388739405375446e+00
6.820812754414518064e-01 -6.332716550702235381e+00 -1.001134842363269106e+00 -6.332716550702235381e+00 5.602207127423912247e+00 -3.785727142946683443e+00 -1.001134842363269106e+00 -3.785727142946683443e+00 4.943559164807227013e+00
1.893912163516709768e+01 -1.281449375003705926e+00 -9.664799043740375240e+00 -1.281449375003705926e+00 -1.541046158000272670e-01 8.565972987007509643e-01 -9.664799043740375240e+00 8.565972987007509643e-01 4.064816166939910325e+00
-5.205699304297990437e+00 -1.364051869020807661e+00 4.965711438514463616e+00 -1.364051869020807661e+00 5.772197673253374184e-01 -4.218314608612131700e+00 4.965711438514463616e+00 -4.218314608612131700e+00 -2.972706144485854018e+00
-1.010144325160035939e+00 -7.371436052049858967e-01 -1.500569555718920700e+00 -7.371436052049858967e-01 -2.338795441885680670e+00 -2.945586708558826317e+00 -1.500569555718920700e+00 -2.945586708558826317e+00 1.315678970023790839e+01
5.722494928754865207e+00 6.911533800002017891e+00 4.585892418212423216e+00 6.911533800002017891e+00 -2.298738597788708482e+00 -9.966224582817637678e-01 4.585892418212423216e+00 -9.966224582817637678e-01 7.874086529837330595e+00
-3.493274562829449703e+00 7.444257457555011337e-01 4.401544455954162771e+00 7.444257457555011337e-01 -4.078187537377866434e+00 -3.478075370115074172e+00 4.401544455954162771e+00 -3.478075370115074172e+00 3.903652766117584161e+00
3.040020694791273570e+00 -1.823156675651740333e+00 -2.341789340630469951e+00 -1.823156675651740333e+00 1.086788144210362184e+01 -1.941024332357951021e+00 -2.341789340630469951e+00 -1.941024332357951021e+00 7.736488978224005386e+00
-5.125922922344687827e+00 2.335475999407255809e+00 -4.598467211407041288e-01 2.335475999407255809e+00 9.062151227720501856e-01 8.664633970301646032e-03 -4.598467211407041288e-01 8.664633970301646032e-03 -5.519899791689657498e+00
-2.260944427820056113e+00 5.362003387273274413e+00 -4.579199304753292843e+00 5.362003387273274413e+00 1.012291944805143729e+01 -1.117940023839347319e+00 -4.579199304753292843e+00 -1.117940023839347319e+00 -3.802317969595482960e+00
-8.788341053687085402e-01 -6.061673431943122914e+00 -4.623622781089371969e+00 -6.061673431943122914e+00 5.653977228739223371e+00 4.706014597921720721e+00 -4.623622781089371969e+00 4.706014597921720721e+00 1.997974691287681681e+00
-9.356540397721051505e+00 -5.797219906714520254e-01 -2.518313032587249367e+00 -5.797219906714520254e-01 1.826731877521049485e+00 3.316101451000772915e+00 -2.518313032587249367e+00 3.316101451000772915e+00 -2.259493423608482487e+00
-6.352944561562190451e+00 3.031868865899928767e-01 -1.858452220496092488e+00 3.031868865899928767e-01 3.495704895907501442e+00 -5.572197398874889629e-01 -1.858452220496092488e+00 -5.572197398874889629e-01 -1.769033577054030415e+00
-1.291231391914518856e+00 -2.084983622268137715e+00 3.205851260964420302e+00 -2.084983622268137715e+00 -2.334054952583242137e+00 2.359174612660391190e+00 3.205851260964420302e+00 2.359174612660391190e+00 -4.318207450662213454e+00
-1.437382458829017162e+00 5.027789012381137512e-01 2.976646800641579160e-01 5.027789012381137512e-01 4.706281049402316619e+00 2.409267435573395399e+00 2.976646800641579160e-01 2.409267435573395399e+00 2.551054162989326191e+00
-1.206645009946161862e+00 -2.385480436614625610e+00 1.042175530701944020e+00 -2.385480436614625610e+00 4.288830404671276852e+00 -5.969942508548536919e-01 1.042175530701944020e+00 -5.969942508548536919e-01 2.204837546330684184e+00
-1.074804946806409589e+01 -2.214960874006579150e+00 -2.057730693279469669e+00 -2.214960874006579150e+00 -6.759553923567198641e-01 -6.209609241850429839e+00 -2.057730693279469669e+00 -6.209609241850429839e+00 3.315127891923282277e+00
4.534299616165357705e+00 3.029473655462552983e+00 -2.036015026011938733e+00 3.029473655462552983e+00 3.244706507065138634e+00 -3.048103858314950010e+00 -2.036015026011938733e+00 -3.048103858314950010e+00 4.715423495062091241e+00
6.177648813230724123e+00 6.976279151307777093e-01 6.185561397527831851e+00 6.976279151307777093e-01 1.208750707643248568e+01 2.513987114686565327e+00 6.185561397527831851e+00 2.513987114686565327e+00 9.057288821447418314e+00
3.945617412357882436e+00 2.845746785210956808e+00 4.064093260015175346e+00 2.845746785210956808e+00 9.584220790759740538e+00 -4.068000954614594544e-01 4.064093260015175346e+00 -4.068000954614594544e-01 4.741696591216426171e+00
1.615551878121861407e+00 1.265537365897784872e+00 5.846145274735066621e+00 1.265537365897784872e+00 -4.742795623909798586e+00 -2.126426281016997155e+00 5.846145274735066621e+00 -2.126426281016997155e+00 3.413957247455279287e+00
8.765349478707549213e-01 3.721217718898804261e+00 5.718578240671154944e+00 3.721217718898804261e+00 1.152601743433880621e+01 3.144663217550477174e+00 5.718578240671154944e+00 3.144663217550477174e+00 1.740533345390117947e+00
-4.755457606502687007e+00 8.066935316219130403e-01 6.231055672520406929e-01 8.066935316219130403e-01 5.598256625896677607e-02 -1.848426709132639845e+00 6.231055672520406929e-01 -1.848426709132639845e+00 1.456428938271458362e+00
-1.653507633582485203e+00 -1.213247499908986837e+00 7.998958287124371402e-01 -1.213247499908986837e+00 4.678662644981198326e+00 -7.305159643309584006e+00 7.998958287124371402e-01 -7.305159643309584006e+00 -2.884252924847887201e+00
1.164804150177615405e+00 -4.395969363443229305e+00 2.383603297761850204e+00 -4.395969363443229305e+00 -5.539071715090380543e+00 -1.734394667497995979e+00 2.383603297761850204e+00 -1.734394667497995979e+00 -1.276926905561314718e-01
3.274698638846318399e+00 -1.246398252882161412e-01 -8.759556872682539463e+00 -1.246398252882161412e-01 1.686934812138330386e+01 2.903145490232674319e+00 -8.759556872682539463e+00 2.903145490232674319e+00 4.576198512001875329e+00
4.574705168463263361e-01 3.191904270813851419e+00 2.470459526365709646e+00 3.191904270813851419e+00 2.250979267970513842e+00 -1.070844848596760768e+00 2.470459526365709646e+00 -1.070844848596760768e+00 -3.791889066441350042e+00
-2.007585991831467354e+00 1.490292090508982037e+00 -3.358834476385591739e+00 1.490292090508982037e+00 7.479926777834711160e+00 -3.813553637486765346e+00 -3.358834476385591739e+00 -3.813553637486765346e+00 -2.721291140726548541e+00
-3.444411774888866073e+00 -2.263478421480526137e+00 2.339309218325373863e+00 -2.263478421480526137e+00 3.678657120003436365e+00 -2.017215913806437388e+00 2.339309218325373863e+00 -2.017215913806437388e+00 1.002435017998760713e+01
9.353183802965670424e+00 1.776958494845527259e+00 2.133666663741830227e+00 1.776958494845527259e+00 -5.165863468063170316e+00 1.276502846174106587e+00 2.133666663741830227e+00 1.276502846174106587e+00 -3.365058736512420712e+00
-3.583198253465330829e+00 3.639341033598883168e+00 3.891557558124924654e+00 3.639341033598883168e+00 4.283279060834960461e+00 -2.499172919933348780e+00 3.891557558124924654e+00 -2.499172919933348780e+00 3.991314758700748033e+00
-1.916914016586264147e+00 -3.121727593711702831e-01 -3.105914007945288269e+00 -3.121727593711702831e-01 -6.092539081729196893e-01 -1.363415225239260842e+00 -3.105914007945288269e+00 -1.363415225239260842e+00 -3.180230874190693058e+00
-3.545740628627142677e+00 3.302706521582401411e+00 -2.502627802200847462e+00 3.302706521582401411e+00 5.184367275240303385e+00 -1.208236687087236749e+00 -2.502627802200847462e+00 -1.208236687087236749e+00 5.643453538549915827e+00
2.403132965822022182e+00 -3.316640316192900895e-01 2.190676038802391812e+00 -3.316640316192900895e-01 3.890989187662773130e+00 -1.165002102909856285e+00 2.190676038802391812e+00 -1.165002102909856285e+00 3.709417906177435054e+00
-3.292025887112916216e+00 -2.739221086005800831e+00 -1.640373894138701827e+00 -2.739221086005800831e+00 1.559474111406966479e+01 2.133618321218039515e+00 -1.640373894138701827e+00 2.133618321218039515e+00 -2.173036055215134876e+00
-3.932581540702402845e-01 3.949315930237307093e+00 5.105664341515875337e-01 3.949315930237307093e+00 -5.038046097944614665e+00 -5.957777781099808934e-01 5.105664341515875337e-01 -5.957777781099808934e-01 -4.249362068506433943e+00
-2.704238778127200593e+00 9.401245039613728149e-01 9.365804619389881402e-01 9.401245039613728149e-01 -7.873825104141730868e+00 -2.100850079772238477e+00 9.365804619389881402e-01 -2.100850079772238477e+00 1.377202294663548487e+00
-2.122637978099544132e+00 -3.289518007518425491e-01 -2.042239895414930118e+00 -3.289518007518425491e-01 3.753694639224623320e+00 -1.126789598909122114e+00 -2.042239895414930118e+00 -1.126789598909122114e+00 2.425253824175382267e+00
-2.280987786447238097e+00 2.086034031845593439e+00 -1.237919239081588296e+00 2.086034031845593439e+00 2.512168145374574113e+00 -6.944428770319363231e+00 -1.237919239081588296e+00 -6.944428770319363231e+00 -7.489136733853202443e+00
8.237919807004846717e+00 4.470659686334322869e-01 -2.954981824432789672e+00 4.470659686334322869e-01 6.034357935841002885e+00 -4.755751548775077886e+00 -2.954981824432789672e+00 -4.755751548775077886e+00 3.456201755141790510e+00
-7.991964342098708762e+00 -2.845093497667839699e+00 -4.151854781222658275e+00 -2.845093497667839699e+00 -4.495345108892749408e+00 3.053326885052379147e+00 -4.151854781222658275e+00 3.053326885052379147e+00 -3.738392148080253108e+00
-2.912810302331817258e+00 -7.106292770414296633e+00 1.807397628359597386e+00 -7.106292770414296633e+00 2.237538187778980969e+01 -4.475461855083455176e-01 1.807397628359597386e+00 -4.475461855083455176e-01 2.816529549172495095e+00
-2.273928607808969105e+00 2.890204078602913174e-01 1.369493870034764083e+00 2.890204078602913174e-01 -7.355843868699923682e+00 6.170914017777731075e+00 1.369493870034764083e+00 6.170914017777731075e+00 -2.877609893232464078e+00
1.545179484419882288e+00 -6.156351716663838403e+00 3.297950820567692176e+00 -6.156351716663838403e+00 1.841062043245489388e+00 -4.352268852590850834e+00 3.297950820567692176e+00 -4.352268852590850834e+00 6.144045792542003781e+00
4.091778617137855067e-01 -2.271643389656741729e-01 -5.337780939447664963e+00 -2.271643389656741729e-01 7.865403057030514233e+00 -1.985947707728370037e+00 -5.337780939447664963e+00 -1.985947707728370037e+00 -4.484935949359152296e+00
4.242343463243135049e-01 -7.130703529811865948e+00 -2.700220808846784504e+00 -7.130703529811865948e+00 8.157119947727876408e+00 -2.519155797133463270e+00 -2.700220808846784504e+00 -2.519155797133463270e+00 6.677353518164222734e+00
6.406269095638030819e+00 -1.244378043060808237e+00 2.759192216004110687e+00 -1.244378043060808237e+00 5.731184493683941561e+00 3.633975302160016851e-01 2.759192216004110687e+00 3.633975302160016851e-01 2.413658496401904774e+00
-9.538001471970487533e-01 1.675698133819178093e+00 3.228274726174074960e+00 1.675698133819178093e+00 -6.585059573918365494e+00 5.420074317151285292e+00 3.228274726174074960e+00 5.420074317151285292e+00 -4.250366002124022380e+00
7.987337337275493887e+00 2.020467433027649307e+00 -1.749127887145362381e+00 2.020467433027649307e+00 2.721270063029168629e+00 5.605436714486367933e+00 -1.749127887145362381e+00 5.605436714486367933e+00 -8.688808565747359047e-01
8.277445126621831406e+00 -3.904878977412399865e-01 2.599769426229354141e-01 -3.904878977412399865e-01 4.969517648094419648e+00 5.039768804157539250e+00 2.599769426229354141e-01 5.039768804157539250e+00 -4.364628061898542022e+00
4.980598039988207715e-01 -1.566247719071967470e+00 4.784752796421235743e+00 -1.566247719071967470e+00 -8.301758554741539342e+00 -9.322789723430183750e-01 4.784752796421235743e+00 -9.322789723430183750e-01 -1.851073705412924264e+00
3.464343625808417926e+00 -2.375244103134458218e+00 -2.893652265907485255e+00 -2.375244103134458218e+00 9.774500191526051651e+00 -6.392834637614831728e+00 -2.893652265907485255e+00 -6.392834637614831728e+00 7.910421644041375266e+00
2.390713566115711952e+00 -2.071940995833892796e+00 -2.968155916885034884e+00 -2.071940995833892796e+00 3.366177719248676148e+00 4.033810126264109286e+00 -2.968155916885034884e+00 4.033810126264109286e+00 -1.485082361972353722e-02
8.087430761994871986e+00 1.419274944923337500e+00 1.138500686737353895e+01 1.419274944923337500e+00 8.019310697704620239e+00 8.237332332040178784e+00 1.138500686737353895e+01 8.237332332040178784e+00 1.104088647457290406e+01
-2.333273226777961007e+00 -2.647061433584664059e+00 -2.049411416958713816e-01 -2.647061433584664059e+00 -5.626994350284551416e+00 -8.692301440170988158e+00 -2.049411416958713816e-01 -8.692301440170988158e+00 -3.023813670697448330e+00
-2.585056804574796807e+00 -5.157917690008446243e+00 1.944809960983645780e+00 -5.157917690008446243e+00 1.904308836616100820e+01 5.194105216721693619e-02 1.944809960983645780e+00 5.194105216721693619e-02 6.210179814703419510e+00
-3.439153707590326903e+00 -2.050552904758474071e+00 1.234586227125684887e+00 -2.050552904758474071e+00 9.143586423605272184e-01 -2.509378640256296311e+00 1.234586227125684887e+00 -2.509378640256296311e+00 1.963498747717560278e+00
7.974433762237289613e-01 4.368416656821680455e+00 4.934497624370528079e+00 4.368416656821680455e+00 7.763783469857769681e+00 -2.469572873026717907e+00 4.934497624370528079e+00 -2.469572873026717907e+00 3.703918168361837626e+00
-1.246798031079786151e+00 -3.719814884868981597e-01 -4.867732050382596043e+00 -3.719814884868981597e-01 3.384164450181037065e+00 -2.231053865767949063e+00 -4.867732050382596043e+00 -2.231053865767949063e+00 -3.093435945048663704e+00
1.395417687050221067e+00 -8.490657414026452077e-02 -9.129129820244471505e-01 -8.490657414026452077e-02 1.828989644362852163e+00 -1.449643515288639550e+00 -9.129129820244471505e-01 -1.449643515288639550e+00 4.801727945086449623e+00
-4.478975469198931414e+00 4.606145857667530708e-01 -3.102917318242699452e+00 4.606145857667530708e-01 8.592039574913163946e+00 -5.017275311515633440e+00 -3.102917318242699452e+00 -5.017275311515633440e+00 1.175808400792908381e+00
-8.037771463903716551e+00 1.127135169733152642e+00 3.071097926468809192e+00 1.127135169733152642e+00 6.133565016317602314e+00 -1.067488866726780783e+00 3.071097926468809192e+00 -1.067488866726780783e+00 1.384950927604858961e+01
3.008956674449018376e+00 1.168768624307644777e-01 1.684365514274075215e+00 1.168768624307644777e-01 -9.107769450367905861e+00 1.997066402219483505e+00 1.684365514274075215e+00 1.997066402219483505e+00 -3.500927186565971017e+00
1.966614122515482621e-01 -3.851555281472665015e+00 1.886804158125929831e+00 -3.851555281472665015e+00 4.536908975674364797e+00 -2.172349030718523366e+00 1.886804158125929831e+00 -2.172349030718523366e+00 9.175328406055731634e+00
1.382683175853721558e+01 3.765878139976155392e+00 -7.876412704009353227e+00 3.765878139976155392e+00 1.604736058705456259e+01 -2.409527490867979349e+00 -7.876412704009353227e+00 -2.409527490867979349e+00 6.984330990670368777e+00
-5.473147997345917837e+00 -1.507797716834884394e+00 -3.450784196519844360e-01 -1.507797716834884394e+00 2.468050375330494095e+00 -4.347579564284115072e+00 -3.450784196519844360e-01 -4.347579564284115072e+00 2.182344013100963931e+00
-9.789479659439741965e+00 1.449440583800319260e+00 -9.020066402585855680e-01 1.449440583800319260e+00 -2.475903475980308244e+00 -2.051925233688255634e+00 -9.020066402585855680e-01 -2.051925233688255634e+00 -2.033649869378221897e+00
-5.327007629633291330e+00 -2.693916910496728878e+00 2.222830503110401423e+00 -2.693916910496728878e+00 1.026851344273878031e+00 -8.989438632675842200e+00 2.222830503110401423e+00 -8.989438632675842200e+00 8.223980531783010584e-01
-1.344901691780587960e+01 -1.391670507938934875e+00 -2.374436899608123319e+00 -1.391670507938934875e+00 -4.309742363020526490e+00 2.429279385933225954e-01 -2.374436899608123319e+00 2.429279385933225954e-01 -3.578100264397817476e+00
-6.198990878417949268e+00 1.880815890957808545e+00 6.345912324379636704e-01 1.880815890957808545e+00 3.477772395955157414e+00 -5.171062283117040081e+00 6.345912324379636704e-01 -5.171062283117040081e+00 -1.123378575551879921e+00
9.951498614127645581e+00 -6.052612434743677161e-01 -6.571473685151397071e+00 -6.052612434743677161e-01 -4.233276755860280183e-01 -1.904997604737517447e+00 -6.571473685151397071e+00 -1.904997604737517447e+00 2.348783580870827059e+00
-2.453450795876187751e+00 -1.324901704147988524e-01 -2.689269104744387739e+00 -1.324901704147988524e-01 3.995464525026656055e+00 -4.248202135358769560e-01 -2.689269104744387739e+00 -4.248202135358769560e-01 2.518099003192610930e+00
-5.034486832847921534e+00 5.718994924403552060e-01 3.654717093375944970e+00 5.718994924403552060e-01 -8.326567148493754900e+00 -1.685995641268228873e+00 3.654717093375944970e+00 -1.685995641268228873e+00 2.320007845770274635e+00
-6.532771965395239633e+00 -8.062571155563839298e+00 3.901231313439582404e+00 -8.062571155563839298e+00 3.815934657489340742e-02 1.907642824065135745e+00 3.901231313439582404e+00 1.907642824065135745e+00 -4.527705625318738214e+00
1.508113728596349457e-01 -2.390596963975673006e+00 2.823175105253399320e+00 -2.390596963975673006e+00 8.115764953853780383e+00 4.284418276904598422e+00 2.823175105253399320e+00 4.284418276904598422e+00 -6.404190161006567017e+00
-1.576882704652888378e+00 -8.140047058463666108e-02 2.697011955810188599e+00 -8.140047058463666108e-02 8.571299686006032204e+00 6.110787829984315245e+00 2.697011955810188599e+00 6.110787829984315245e+00 -1.558937293009469593e+00
8.475143905582882553e+00 -4.274773412192033994e+00 1.511305002266679187e+00 -4.274773412192033994e+00 -7.191893564108656101e+00 1.296279424029272098e+00 1.511305002266679187e+00 1.296279424029272098e+00 -4.662720059778435733e+00
-5.457641967417131923e+00 -5.746186545619914376e+00 2.053413609890241354e+00 -5.746186545619914376e+00 -2.251156409807296033e+00 -5.576308177853599168e-02 2.053413609890241354e+00 -5.576308177853599168e-02 5.904545029443434956e+00
-8.595155880293171791e+00 2.945962445597071877e+00 -5.135845178235729058e+00 2.945962445597071877e+00 2.538899289546414639e+00 -3.595702869759719089e+00 -5.135845178235729058e+00 -3.595702869759719089e+00 2.593900501392982338e+00
-1.032091734779321435e+01 1.133529002353552917e+00 1.439609643629855169e-02 1.133529002353552917e+00 -4.335944744408289253e+00 -2.592227788061937321e+00 1.439609643629855169e-02 -2.592227788061937321e+00 -4.091906371012285604e+00
-7.779466052492792549e+00 1.557314110908290639e+00 9.685239649743465629e-01 1.557314110908290639e+00 -3.178387194205580357e+00 -2.859822290589248084e+00 9.685239649743465629e-01 -2.859822290589248084e+00 1.197550357251686348e+00
-4.544436173319627237e+00 -5.344896288453481192e-01 1.085191543397612257e+00 -5.344896288453481192e-01 -2.361997537826558968e+00 -2.277912108402167846e+00 1.085191543397612257e+00 -2.277912108402167846e+00 -1.084453242177022769e+00
-2.095649030518062617e+00 -1.876458656936919267e+00 9.991536177506362693e-01 -1.876458656936919267e+00 -3.510437224587659166e+00 -3.052122560431766787e-02 9.991536177506362693e-01 -3.052122560431766787e-02 -2.353750126482101024e+00
3.213010009268217448e+00 6.127286805945026948e-01 4.134482003940015638e+00 6.127286805945026948e-01 4.265931206898444294e+00 -2.011071056894553788e+00 4.134482003940015638e+00 -2.011071056894553788e+00 6.179517635576130985e+00
5.051690684269935616e+00 1.523801368781020349e+00 5.997899243379922751e+00 1.523801368781020349e+00 1.291945030105484093e+01 4.577184980642379664e+00 5.997899243379922751e+00 4.577184980642379664e+00 8.363760692584261136e+00
4.451734661611648214e+00 6.093777016701956706e-02 -6.078519971129724420e-01 6.093777016701956706e-02 -4.550724633587338808e+00 -1.522641846593542070e+00 -6.078519971129724420e-01 -1.522641846593542070e+00 -5.511172604632219141e+00
-6.076622527364762050e+00 -2.972799510410534474e+00 7.413645862440938483e-01 -2.972799510410534474e+00 -9.866386659600335562e+00 -3.238959438593170148e+00 7.413645862440938483e-01 -3.238959438593170148e+00 -1.071561826438016496e+01
-1.625176389518564246e+00 1.684334858006011792e+00 1.873686127751512887e+00 1.684334858006011792e+00 2.997255323156332363e+00 1.265527434481859670e+00 1.873686127751512887e+00 1.265527434481859670e+00 -2.531898125599210125e+00
-2.524309277118731210e+00 -3.098636382223590946e+00 -3.234775085254276039e+00 -3.098636382223590946e+00 -1.944161637226710093e+00 4.255429039303853522e-01 -3.234775085254276039e+00 4.255429039303853522e-01 -2.292028731785066054e+00
-2.753296896967889040e+00 1.662020019261662762e+00 1.733405075863343192e-01 1.662020019261662762e+00 -7.312408353184373100e-01 -2.513481085535292259e+00 1.733405075863343192e-01 -2.513481085535292259e+00 3.719331353877501911e+00
3.293865880298534748e-02 -3.961302851472970676e+00 2.522393779031571359e+00 -3.961302851472970676e+00 2.122351448245454630e+00 -1.749274744824458550e+00 2.522393779031571359e+00 -1.749274744824458550e+00 4.647899915725762554e+00
-2.002529828878131024e+00 -1.889872644816617209e+00 4.407329667309384469e+00 -1.889872644816617209e+00 5.710892336398052826e+00 -1.784569552832830475e+00 4.407329667309384469e+00 -1.784569552832830475e+00 5.176823391155264353e+00
4.512529397876324788e-01 2.429359719266454831e-01 3.296874779638055752e+00 2.429359719266454831e-01 1.895292494281408224e+00 -1.128951347678472050e+00 3.296874779638055752e+00 -1.128951347678472050e+00 -1.735592867979102172e+00
7.988916392313497816e+00 -6.768509169584047136e-02 -2.527696143927098849e+00 -6.768509169584047136e-02 1.690860511238444985e+01 1.477778176065259963e+00 -2.527696143927098849e+00 1.477778176065259963e+00 1.037668194068167438e+01
-5.520033625425131873e+00 3.595881352161217404e+00 -3.648436229425106703e+00 3.595881352161217404e+00 3.104848131212929907e+00 3.856062151235211122e+00 -3.648436229425106703e+00 3.856062151235211122e+00 7.288524349903911848e+00
-3.801213231353217092e-01 -1.142549513146689621e+00 5.636165610634613188e+00 -1.142549513146689621e+00 2.388007991050597134e+00 -2.194951627286598317e+00 5.636165610634613188e+00 -2.194951627286598317e+00 6.242453029146288301e+00
-6.536839451285029412e+00 -8.093474066670128808e-01 5.383738613308551635e+00 -8.093474066670128808e-01 -2.242913865469540469e-01 -5.037234014622686828e+00 5.383738613308551635e+00 -5.037234014622686828e+00 -1.238299340035289742e+00
4.413228041452597061e+00 -2.746212736365325480e+00 -5.848087526968574146e+00 -2.746212736365325480e+00 -4.956239771226129243e+00 2.894495800285214138e+00 -5.848087526968574146e+00 2.894495800285214138e+00 -1.109671277896314834e+01
-1.537309032269470022e+00 -8.170771348899098285e+00 2.868726614713787093e+00 -8.170771348899098285e+00 9.843223122926231028e+00 -5.283453617053525342e+00 2.868726614713787093e+00 -5.283453617053525342e+00 -2.690913958648883053e+00
7.769493607156655379e+00 -4.754699830280798567e-01 2.794816967691535314e+00 -4.754699830280798567e-01 9.111092189066198443e+00 1.218061540015821897e+00 2.794816967691535314e+00 1.218061540015821897e+00 3.821175720147999666e+00
3.242840800204308760e+00 2.573316154702174341e+00 2.099268490220195460e+00 2.573316154702174341e+00 6.796718335165758518e+00 4.084534524589552795e+00 2.099268490220195460e+00 4.084534524589552795e+00 -3.011875991195847035e+00
-9.011270615039421727e+00 -6.343007340082750467e+00 -2.942593926325400844e+00 -6.343007340082750467e+00 -3.098362560545591560e+00 6.020190566434389545e+00 -2.942593926325400844e+00 6.020190566434389545e+00 -5.124760200256755382e+00
-1.044984092677368714e+01 -2.167039892750811436e+00 1.517963714565560285e-01 -2.167039892750811436e+00 1.007300385915584506e+01 6.889512798934838145e-01 1.517963714565560285e-01 6.889512798934838145e-01 2.932505233293650093e+00
-1.431560710531932479e+01 -5.379921602403623382e-01 -3.190940334128881339e+00 -5.379921602403623382e-01 -5.740425921434280987e+00 -8.162181397031224028e-01 -3.190940334128881339e+00 -8.162181397031224028e-01 -7.303036583639793911e+00
-7.734698035214186085e+00 -1.281412147782769129e+00 -4.880355065940932824e-01 -1.281412147782769129e+00 -8.819996225445239091e-01 3.583307518265314684e+00 -4.880355065940932824e-01 3.583307518265314684e+00 -4.414285857355811693e+00
-2.971458767661485201e+00 1.702489254026651411e+00 3.485098775758847189e+00 1.702489254026651411e+00 9.235942474170805383e+00 4.943517955015829801e-01 3.485098775758847189e+00 4.943517955015829801e-01 4.351761793150831004e+00
-6.372524715898451042e+00 7.780060524079649431e-01 1.642483052699458490e+00 7.780060524079649431e-01 -1.786342989678904480e+00 -2.021212741349233344e+00 1.642483052699458490e+00 -2.021212741349233344e+00 -5.873935732313973368e+00
-6.075231033966820959e+00 1.450184362914013425e+00 -1.528277665516510009e+00 1.450184362914013425e+00 -2.652145322054618060e+00 -3.376185966980629338e+00 -1.528277665516510009e+00 -3.376185966980629338e+00 -5.642545025322571739e+00
-5.830447516527867080e+00 -3.356156435432554042e-01 -4.536252456174236225e-01 -3.356156435432554042e-01 1.302518971880354481e+00 -3.360134036108410882e+00 -4.536252456174236225e-01 -3.360134036108410882e+00 5.369202260626918521e-01
-2.977718576646592119e+00 3.528538086893439729e+00 4.963892990183451648e-01 3.528538086893439729e+00 -2.672415619796193909e+00 1.499168912225984807e+00 4.963892990183451648e-01 1.499168912225984807e+00 1.300989799884498366e+00
-7.280487993056786955e+00 -1.199392360229292631e+00 2.471752022636471757e+00 -1.199392360229292631e+00 -6.055103611106889439e+00 2.640822872935820964e+00 2.471752022636471757e+00 2.640822872935820964e+00 -4.651679458057914607e-01
5.155961738898416691e+00 -1.272469161337416832e+00 -2.513608416541840196e+00 -1.272469161337416832e+00 1.731571029270242645e+00 1.528680201287991647e+00 -2.513608416541840196e+00 1.528680201287991647e+00 4.024522825576575258e+00
3.230659090912062936e+00 -1.567172263117547981e+00 6.932248868834017808e-01 -1.567172263117547981e+00 5.320394400867288986e+00 -3.406692763889458408e+00 6.932248868834017808e-01 -3.406692763889458408e+00 1.427043109219539863e-01
8.859750233933655350e-01 5.416429681303522869e-01 -1.268402194792845883e-01 5.416429681303522869e-01 7.242113521976470403e-02 -1.628610143704059432e+00 -1.268402194792845883e-01 -1.628610143704059432e+00 4.142501234654164755e+00
8.445895238164514041e+00 -3.068671289748035602e-01 2.742469548891586673e+00 -3.068671289748035602e-01 3.372263036879999731e+00 -7.733110804218398471e+00 2.742469548891586673e+00 -7.733110804218398471e+00 8.306696987070990801e+00
2.312724253669069086e+00 1.861489216846969663e+00 -4.890238184517295750e+00 1.861489216846969663e+00 1.343470942860215800e+01 1.893956231321437089e+00 -4.890238184517295750e+00 1.893956231321437089e+00 -2.696738454435771093e+00
4.059478962137466063e+00 -4.149704351787456780e+00 7.502234003235596305e+00 -4.149704351787456780e+00 7.855744389386299709e+00 -1.466759796713305919e+00 7.502234003235596305e+00 -1.466759796713305919e+00 7.424391890078640088e+00
-5.716970943607257105e+00 -1.159028044794516044e+00 -2.970182657637462365e-01 -1.159028044794516044e+00 -1.164062060087703632e+00 4.441467375663364692e+00 -2.970182657637462365e-01 4.441467375663364692e+00 1.518840821867867563e-01
6.613649737489243563e+00 -2.728402274384448045e+00 3.123590364683647369e+00 -2.728402274384448045e+00 3.483190253461712960e+00 -1.502796306356369405e+00 3.123590364683647369e+00 -1.502796306356369405e+00 7.310591977837046507e-01
-2.582478842837203192e+00 -1.455656721224570793e+00 1.335676386105635105e+00 -1.455656721224570793e+00 3.936063691731835235e+00 2.925338909159481471e+00 1.335676386105635105e+00 2.925338909159481471e+00 -5.716618970095169949e+00
-7.033814417257823415e+00 -1.917846940382044396e+00 -1.831718930124609290e+00 -1.917846940382044396e+00 4.771738021302708077e+00 8.342629144493023396e-01 -1.831718930124609290e+00 8.342629144493023396e-01 4.790832724303301760e+00
-4.946884432683106070e+00 -2.540295357465803594e+00 6.232981095072960276e-01 -2.540295357465803594e+00 -2.458785749003690846e+00 1.963766307091303343e-01 6.232981095072960276e-01 1.963766307091303343e-01 -9.213018167003762526e-01
-4.479500073122195225e+00 -1.764710388458744283e+00 2.825234894739276470e+00 -1.764710388458744283e+00 6.834124848315529910e+00 8.084481368293806369e+00 2.825234894739276470e+00 8.084481368293806369e+00 1.405601441827368170e+01
-3.161841594336645578e+00 -1.468279639524723956e+00 2.466422172514270983e+00 -1.468279639524723956e+00 3.139367103818252236e+00 -4.872536183240542940e+00 2.466422172514270983e+00 -4.872536183240542940e+00 -9.138336359898913130e-01
-7.649199723067098056e+00 -2.775007604834450081e+00 -3.619169293112598496e+00 -2.775007604834450081e+00 3.688464956572541364e+00 -4.622200071581168856e+00 -3.619169293112598496e+00 -4.622200071581168856e+00 5.289474814600527708e+00
-5.923450925041660042e+00 -2.351694577709207701e-01 4.177787602890163932e+00 -2.351694577709207701e-01 -6.322495902735104423e+00 -2.149636804745251872e-01 4.177787602890163932e+00 -2.149636804745251872e-01 1.116628734409407908e+00
1.294607597265466126e+01 4.686708115644877548e-01 6.741751158431481983e+00 4.686708115644877548e-01 3.135729421015496232e+00 9.712441207920550212e-01 6.741751158431481983e+00 9.712441207920550212e-01 -1.865289701001110745e-01
-7.243171283421451001e+00 -1.886798307603541947e+00 3.774705358538629207e-01 -1.886798307603541947e+00 -7.834957379780041364e+00 4.004758286126821609e+00 3.774705358538629207e-01 4.004758286126821609e+00 -2.740530672893449982e+00
2.758482529192227251e+00 2.197199751420837899e+00 1.105531377188633257e+01 2.197199751420837899e+00 8.779099573710727356e+00 6.357402876901288025e+00 1.105531377188633257e+01 6.357402876901288025e+00 9.529763760747604451e+00
-4.222671773822726848e+00 8.456768711326763110e-01 3.478650940820644522e+00 8.456768711326763110e-01 -3.093814060017607281e-01 -3.589004706941708367e+00 3.478650940820644522e+00 -3.589004706941708367e+00 -1.626217423758942626e+00
-6.125110889918244261e+00 1.063160225432393746e+00 6.819037690769457427e+00 1.063160225432393746e+00 -1.851570732692091159e+00 -3.494337639436668308e+00 6.819037690769457427e+00 -3.494337639436668308e+00 -2.395318900533434547e+00
-1.181420781589256563e+01 -2.371884682684175072e+00 -2.740623270886286988e+00 -2.371884682684175072e+00 -1.793467480642509937e+00 -1.172789865988130398e+00 -2.740623270886286988e+00 -1.172789865988130398e+00 -5.154197622315358496e-01
-5.453539626229138904e+00 -6.216274046112365781e+00 3.362995701177423080e-01 -6.216274046112365781e+00 6.579853555359580497e+00 -4.501933159832922193e+00 3.362995701177423080e-01 -4.501933159832922193e+00 4.909864429091115312e+00
-1.313273095414366942e+01 3.024263441277451392e+00 4.147065545116216612e+00 3.024263441277451392e+00 5.108481754889384163e+00 3.768600738742107659e+00 4.147065545116216612e+00 3.768600738742107659e+00 -2.273809255543040919e+00
-8.288087234704020645e+00 6.070786894267089506e-01 -3.365734920758382653e+00 6.070786894267089506e-01 -1.570437240907240559e-02 -1.989992636792617287e+00 -3.365734920758382653e+00 -1.989992636792617287e+00 -6.000248088196339147e+00
1.075082080993520206e+00 2.203848387808890585e+00 2.731573201063432155e+00 2.203848387808890585e+00 -1.222360983329819639e+01 -1.230744152312496009e+00 2.731573201063432155e+00 -1.230744152312496009e+00 -5.363409096633046325e+00
