8.798929824674932121e+00 -1.897499465759119985e+00 -5.368545780516438271e-01 -1.897499465759119985e+00 -1.132846469152082314e+00 -2.182412103871886000e+00 -5.368545780516438271e-01 -2.182412103871886000e+00 1.459308866989626585e+00
-4.530624536065078090e+00 -8.270865497896355556e-02 1.910840008513431387e+00 -8.270865497896355556e-02 -1.731214722797884020e+00 -4.783448020200467887e+00 1.910840008513431387e+00 -4.783448020200467887e+00 -7.484290723012686497e-01
-5.505068844746367596e+00 -5.658371861497755617e+00 2.327098569474115308e+00 -5.658371861497755617e+00 3.876843014493505990e+00 -8.646806156030180546e+00 2.327098569474115308e+00 -8.646806156030180546e+00 -2.300695058951581107e+00
1.070639855722491651e+00 3.406745829682516380e+00 3.017868665889779756e+00 3.406745829682516380e+00 -4.436607427737142118e+00 -5.385218826006591408e-01 3.017868665889779756e+00 -5.385218826006591408e-01 -1.682150990604248941e-01
-2.582595705213180270e+00 2.893130720425562519e+00 6.046568393397305785e-01 2.893130720425562519e+00 -3.963600749735785023e+00 -1.107371263513099890e+00 6.046568393397305785e-01 -1.107371263513099890e+00 -4.624274359516075350e+00
-5.201730621392454346e+00 -4.582159702252791011e-01 -7.902537158865752254e-01 -4.582159702252791011e-01 -3.756871573147793963e+00 2.663559833021364120e+00 -7.902537158865752254e-01 2.663559833021364120e+00 -3.087440008312488882e+00
8.814427641450114592e+00 -3.521764445101702723e+00 -1.945386289092197574e+00 -3.521764445101702723e+00 4.787759583534524133e+00 4.404214742661522131e+00 -1.945386289092197574e+00 4.404214742661522131e+00 -1.714273021116389906e+00
-5.757297617669503431e+00 -3.854057382275095645e-01 -1.913500798233014999e+00 -3.854057382275095645e-01 -5.779718544287306692e+00 -2.320787002465919124e-01 -1.913500798233014999e+00 -2.320787002465919124e-01 -3.676442371924417252e+00
-4.674123756477528424e+00 2.126207571959372600e-01 -1.700209007174692921e+00 2.126207571959372600e-01 -1.162766315815835405e+01 -1.818813568714151785e+00 -1.700209007174692921e+00 -1.818813568714151785e+00 -1.295817922351324203e+00
-2.362906405756988626e+00 -7.031143707714477831e-01 -4.712222930529995857e+00 -7.031143707714477831e-01 1.911357046100845780e+00 -4.169096038591217912e+00 -4.712222930529995857e+00 -4.169096038591217912e+00 7.780343464660206543e-01
2.228054796564681972e+00 -8.493767795199046455e-01 3.688680046532456291e+00 -8.493767795199046455e-01 -1.379747647256659715e-01 1.727415129153974327e+00 3.688680046532456291e+00 1.727415129153974327e+00 2.545433665208631346e+00
-4.481645779930162554e+00 -2.405874032827807429e+00 2.034894087952443975e+00 -2.405874032827807429e+00 -8.234263243810950428e+00 1.505654246134695118e+00 2.034894087952443975e+00 1.505654246134695118e+00 -7.296668357479558331e+00
8.304769633892993275e-01 -7.913436241256276427e-01 7.272942246717015724e-01 -7.913436241256276427e-01 -6.364883199425408478e+00 4.195530199128981508e+00 7.272942246717015724e-01 4.195530199128981508e+00 -2.779294969592814191e+00
-9.866047106966691516e+00 1.484207540966393735e+00 5.572206418910399250e-01 1.484207540966393735e+00 -4.552599341564596003e+00 -7.985104561476915608e-01 5.572206418910399250e-01 -7.985104561476915608e-01 -2.727831872409910652e+00
2.801340216412036899e+00 2.369905436021811695e+00 -7.209771061019604188e-01 2.369905436021811695e+00 -5.013509587985076621e+00 -1.988758758779823221e+00 -7.209771061019604188e-01 -1.988758758779823221e+00 -3.112512141034689872e+00
-6.926768256951226554e+00 1.226150791689395447e+00 -1.568487067665854884e+00 1.226150791689395447e+00 -5.806277569035821706e+00 3.656363931632060638e+00 -1.568487067665854884e+00 3.656363931632060638e+00 4.551534044614456320e+00
2.164520768905759063e+00 -1.597208030753753727e+00 -3.076295606632816870e+00 -1.597208030753753727e+00 -8.082818601301044126e+00 -5.956529198066227160e-01 -3.076295606632816870e+00 -5.956529198066227160e-01 -4.900548331931230628e+00
3.817492924185498904e+00 -1.515761654794268498e+00 -2.017696420372575572e-01 -1.515761654794268498e+00 7.915994757946982041e+00 -1.793212059585672924e-01 -2.017696420372575572e-01 -1.793212059585672924e-01 -2.916384296501969509e+00
-9.442023137248003906e+00 -8.281364402675150060e+00 6.339486148228107076e+00 -8.281364402675150060e+00 5.474840558554081582e+00 8.159793316375472949e-02 6.339486148228107076e+00 8.159793316375472949e-02 -1.112217526460196915e+01
4.246053546399916279e+00 5.927613974020645493e+00 5.540800735173365688e-01 5.927613974020645493e+00 -7.221288246780291686e+00 2.087601247693810169e+00 5.540800735173365688e-01 2.087601247693810169e+00 1.230379946765438187e-01
-1.006832855941829052e+01 -4.504650927955444750e+00 -8.271764699003848476e-01 -4.504650927955444750e+00 -2.031024311066477850e+00 -5.521133716962711713e-01 -8.271764699003848476e-01 -5.521133716962711713e-01 -8.459910192942468043e+00
-2.174930041135818115e+00 1.689998318290852009e+00 2.486951296268628209e+00 1.689998318290852009e+00 -1.249079128775107961e+00 1.331168153401824705e+00 2.486951296268628209e+00 1.331168153401824705e+00 -4.553881131716343234e+00
-7.604803696696040838e-01 -3.048295864060485139e-01 3.218107724065497055e-02 -3.048295864060485139e-01 -9.637908761801553537e-01 5.457386616597988960e-01 3.218107724065497055e-02 5.457386616597988960e-01 -3.149866469011033399e+00
5.174619539471249752e+00 -3.552554744936926578e+00 -5.723305165173477427e+00 -3.552554744936926578e+00 9.497109744323704028e-01 3.042635720607025807e+00 -5.723305165173477427e+00 3.042635720607025807e+00 1.069661952735551935e+01
-5.309801880639864358e+00 -3.841389656820093368e-02 -6.718329149406122580e-01 -3.841389656820093368e-02 -8.441279024101657313e+00 4.519954120882426984e+00 -6.718329149406122580e-01 4.519954120882426984e+00 -5.373698413499549353e+00
-7.218751256005571104e-01 1.078370860101603101e+00 -1.486585157524647371e+00 1.078370860101603101e+00 3.362467828712968343e-01 5.149399748099177110e-01 -1.486585157524647371e+00 5.149399748099177110e-01 -9.380288780542138660e-01
-7.762053139496534193e+00 4.425023884215696368e-01 2.501806803861082784e+00 4.425023884215696368e-01 -4.427488065320918764e+00 2.384159757380271305e+00 2.501806803861082784e+00 2.384159757380271305e+00 -9.973843428566423697e+00
-4.397273835559655453e+00 -4.157633043932160710e+00 -3.053998356976854289e+00 -4.157633043932160710e+00 -3.710935751352079648e-01 1.917929035796502646e+00 -3.053998356976854289e+00 1.917929035796502646e+00 2.618130749314196315e+00
9.668229825695719981e-01 7.484175309934925302e+00 1.511645826076938093e+00 7.484175309934925302e+00 1.113358312753310031e+01 6.408913837004355518e-02 1.511645826076938093e+00 6.408913837004355518e-02 -4.836697910105147713e+00
-1.317549560619475102e+01 -3.908503728136424993e+00 1.908976172660423742e+00 -3.908503728136424993e+00 -6.624414031594656471e+00 2.209025769186606869e+00 1.908976172660423742e+00 2.209025769186606869e+00 -8.336708043960653569e+00
-6.187902761982937427e+00 3.207516657738015198e+00 -8.894695565893356859e-01 3.207516657738015198e+00 -9.230780152601266719e-01 -1.277307309074284136e+00 -8.894695565893356859e-01 -1.277307309074284136e+00 -4.250722928910777298e+00
5.899251619601692198e+00 2.300760436961875488e+00 -2.539716920405593825e+00 2.300760436961875488e+00 -2.058092425529436387e+00 -9.811474393967645202e-01 -2.539716920405593825e+00 -9.811474393967645202e-01 7.634097184738927844e+00
-4.070459961667208582e+00 9.713859936245070603e-01 3.952603741404041027e-01 9.713859936245070603e-01 -1.059336876891173240e+01 1.238840560038411365e+00 3.952603741404041027e-01 1.238840560038411365e+00 -1.227887716219791425e+00
-1.684690141784693340e+00 -2.248987829643351422e+00 -4.912705734557646364e-01 -2.248987829643351422e+00 1.208732191635998321e+00 1.083351135212281768e+00 -4.912705734557646364e-01 1.083351135212281768e+00 -6.061944124856329941e-01
-6.799964556784247272e+00 -1.718234196397628644e+00 3.985975271834116818e-01 -1.718234196397628644e+00 -1.843162066285727319e-01 1.759168943916648020e+00 3.985975271834116818e-01 1.759168943916648020e+00 -7.662252450273891569e+00
2.030756947685224134e-01 1.375513814831777593e+00 -5.871764826867498677e+00 1.375513814831777593e+00 -7.050533888674963556e+00 4.811310296810709985e+00 -5.871764826867498677e+00 4.811310296810709985e+00 -3.111138070193550043e+00
4.290598685520158106e+00 -2.731960439906091942e+00 -2.171485288530169644e+00 -2.731960439906091942e+00 2.244598127578441460e+00 5.978588110029821934e+00 -2.171485288530169644e+00 5.978588110029821934e+00 6.063030541792051586e+00
7.718434641973641597e+00 -5.718955774263428937e-02 2.188940224893556052e-01 -5.718955774263428937e-02 6.880974767645434476e+00 -1.665230734611579555e+00 2.188940224893556052e-01 -1.665230734611579555e+00 3.180997763572390169e-01
-5.559541950917233244e+00 5.901102450362029073e-01 6.666444269372478360e+00 5.901102450362029073e-01 -1.821897467876269161e+00 7.095143968625397868e+00 6.666444269372478360e+00 7.095143968625397868e+00 -6.804282813282485520e+00
-3.510354689616573154e+00 -8.113897999631101143e+00 7.733652898371992102e-01 -8.113897999631101143e+00 5.956942194662816270e+00 1.125241554630754148e+00 7.733652898371992102e-01 1.125241554630754148e+00 -6.133958599576836868e+00
4.401189841036750039e+00 1.491913166735935992e+00 4.502842828874823233e+00 1.491913166735935992e+00 -5.243801525358541937e+00 2.202191970205276128e+00 4.502842828874823233e+00 2.202191970205276128e+00 5.921591479857467588e-01
-1.009940102779398785e+01 3.984097480921068968e+00 1.812135017839124895e+00 3.984097480921068968e+00 -1.191056458439055099e+01 7.136102427541404225e-01 1.812135017839124895e+00 7.136102427541404225e-01 -9.027951237339678414e+00
-3.015454963733475324e+00 -3.886891472276134962e+00 -3.086812314029384385e+00 -3.886891472276134962e+00 1.823090326326728183e+00 -1.945906108784675848e+00 -3.086812314029384385e+00 -1.945906108784675848e+00 -3.003840172649088203e+00
-1.706973033389268313e+00 2.863315170289296052e+00 -2.319601668551415918e-01 2.863315170289296052e+00 1.112406484522339589e+00 -1.239084216975823827e+00 -2.319601668551415918e-01 -1.239084216975823827e+00 3.364277290179482627e+00
-2.214968222387275087e+00 -8.360205295665359415e-01 -1.482167072416405773e+00 -8.360205295665359415e-01 -1.606692617789348132e+00 -1.555462992057834892e+00 -1.482167072416405773e+00 -1.555462992057834892e+00 -1.027211569978371042e+00
6.324704701136653284e+00 3.393647805650848337e+00 -8.828429674786616999e-02 3.393647805650848337e+00 -4.591653503436866401e+00 -3.457401669921323251e+00 -8.828429674786616999e-02 -3.457401669921323251e+00 -2.869899215430614881e+00
5.061970110075288076e+00 1.338184829593894509e+00 5.361952635445780047e+00 1.338184829593894509e+00 -4.155887652191530557e-01 -4.273923657043192215e+00 5.361952635445780047e+00 -4.273923657043192215e+00 -2.703031107750128559e+00
1.658170535744169172e+01 -4.072719439601311997e+00 1.663154373495435934e+00 -4.072719439601311997e+00 1.844987850644312388e+01 5.899137188422820532e-01 1.663154373495435934e+00 5.899137188422820532e-01 5.091972508239304140e+00
-7.753375396898436911e+00 4.315130524934531309e+00 3.397509620933823360e+00 4.315130524934531309e+00 -7.403288952409775803e+00 -6.717554072360181650e+00 3.397509620933823360e+00 -6.717554072360181650e+00 -1.696622813491698967e+00
1.109918991818920508e+00 -1.629386288108539416e-01 3.546006619423427431e+00 -1.629386288108539416e-01 2.739616918753390085e+00 3.976248257195576397e+00 3.546006619423427431e+00 3.976248257195576397e+00 -1.009790129578234996e+01
-1.694842185753655750e+00 5.313325248182241722e+00 4.641535507468483313e-02 5.313325248182241722e+00 -1.624678124159039427e+01 4.737267177310020699e-02 4.641535507468483313e-02 4.737267177310020699e-02 1.309507709843006573e+00
2.952399286342307638e-01 -1.153409877321880606e+00 -8.800701813225193793e-02 -1.153409877321880606e+00 -8.353549503174788171e+00 -3.025879767603219417e+00 -8.800701813225193793e-02 -3.025879767603219417e+00 -1.053617057352327357e+01
-6.921090118856645823e+00 -4.644327580667868993e+00 5.438238662349181851e-01 -4.644327580667868993e+00 3.255797628870840121e+00 -1.994166827594952229e+00 5.438238662349181851e-01 -1.994166827594952229e+00 -1.290996782947708921e+00
-6.789231612600102883e-01 3.846712343598969408e+00 1.785700563399330809e+00 3.846712343598969408e+00 -9.866475781269324896e-01 -9.545559520857815894e-01 1.785700563399330809e+00 -9.545559520857815894e-01 2.091480919112314041e+00
-5.038920677959966843e-02 4.969977073359802766e+00 -2.667731902516101261e+00 4.969977073359802766e+00 -1.559976540571682335e+00 -2.643592641859481840e-01 -2.667731902516101261e+00 -2.643592641859481840e-01 -2.529784699672025905e+00
-5.612822898016012196e+00 2.062291719415584978e+00 -3.596823883429847601e+00 2.062291719415584978e+00 -7.981646164526628340e+00 -3.973129612871455940e+00 -3.596823883429847601e+00 -3.973129612871455940e+00 -1.290783180814945119e+01
-4.554130144617656306e+00 -1.372841403669358140e-01 -1.206436848385807004e+00 -1.372841403669358140e-01 -5.726492514325764560e+00 7.953412981373872981e-01 -1.206436848385807004e+00 7.953412981373872981e-01 -3.618492513024032409e+00
2.463192350856544532e+00 1.428676977662266312e+00 1.579346672953223063e+00 1.428676977662266312e+00 -5.466155859597051858e+00 -2.075633891167120382e+00 1.579346672953223063e+00 -2.075633891167120382e+00 -8.929834318632110524e+00
6.997896638673785752e+00 5.382989681272729587e-01 4.142678326724516857e+00 5.382989681272729587e-01 -6.125505682204271940e-01 -2.113948885403259814e-01 4.142678326724516857e+00 -2.113948885403259814e-01 -7.466075797614795118e-01
-3.650024342878002592e+00 2.648326778289360472e+00 1.589271507629989477e+00 2.648326778289360472e+00 5.228348489726638348e+00 -2.680424046613639977e+00 1.589271507629989477e+00 -2.680424046613639977e+00 -5.764178938035063204e+00
5.221002628399611822e+00 3.531279153015335126e+00 -1.214192932588761042e+00 3.531279153015335126e+00 -5.510389199677648620e+00 8.530499438800447365e-01 -1.214192932588761042e+00 8.530499438800447365e-01 -3.185343368293128918e+00
-5.437187981462971997e+00 -1.603974001676744310e+00 4.301955137712049071e-01 -1.603974001676744310e+00 -2.329573512850247941e+00 2.251074627252282578e+00 4.301955137712049071e-01 2.251074627252282578e+00 -1.705185877125677374e+00
3.173055842753439437e-01 -2.853128192439923771e-01 1.897622412570693973e+00 -2.853128192439923771e-01 1.517891486848120142e+00 3.917105640879200656e+00 1.897622412570693973e+00 3.917105640879200656e+00 -1.398534091626389531e+00
-1.435042940289972035e+00 1.059950672911187386e+00 1.873962874957781466e+00 1.059950672911187386e+00 -4.930144105625307915e+00 -3.294450300895320982e+00 1.873962874957781466e+00 -3.294450300895320982e+00 6.864522241372081890e-01
1.260986618147154203e+01 -5.261414707152990644e+00 -7.012609151952569064e-01 -5.261414707152990644e+00 1.430506952065722182e+01 2.537332676587534142e+00 -7.012609151952569064e-01 2.537332676587534142e+00 5.185724810441048049e+00
7.289053615111201978e+00 -4.580713648824810136e+00 2.871294581825516001e+00 -4.580713648824810136e+00 1.262681460136115152e+00 -7.439931897380595238e+00 2.871294581825516001e+00 -7.439931897380595238e+00 7.404602660283602589e+00
1.059422937122922193e+01 -4.127517743180705523e+00 -1.666507990979877674e+00 -4.127517743180705523e+00 4.693614753152248298e+00 -3.007845336539020753e+00 -1.666507990979877674e+00 -3.007845336539020753e+00 1.594812309646914894e+00
1.091307552794902103e+00 1.070650485230748433e-01 8.727702255089965222e-01 1.070650485230748433e-01 1.365883834122735951e+00 -1.662853806850918548e-01 8.727702255089965222e-01 -1.662853806850918548e-01 8.808681462376073412e+00
-6.620966286228770592e+00 1.613280602921437934e+00 3.396489504480803223e+00 1.613280602921437934e+00 -1.034884739853129965e+01 -2.831793558555363299e-01 3.396489504480803223e+00 -2.831793558555363299e-01 -1.477218626753753483e+01
-1.497524175932364443e+01 5.078470855743540957e-01 -9.139361573509753589e-02 5.078470855743540957e-01 -1.263384761957193980e+01 3.495521643918971799e-01 -9.139361573509753589e-02 3.495521643918971799e-01 -5.738693957676604285e+00
-3.479881107887488056e+00 5.407603213731428049e+00 5.458931948936267098e+00 5.407603213731428049e+00 2.564349912100870044e-01 -1.834803260092909283e-01 5.458931948936267098e+00 -1.834803260092909283e-01 -5.722068041399569260e+00
8.364861482639298629e+00 1.301022317855735355e-01 -2.363479534482300706e-02 1.301022317855735355e-01 1.634798079506425417e+00 3.512399179857589537e+00 -2.363479534482300706e-02 3.512399179857589537e+00 2.336468339802502570e+00
-5.600750155399039643e-02 -2.795312375109017644e+00 -7.513440638513896097e+00 -2.795312375109017644e+00 6.793771326476238936e-01 5.896062436320079758e-01 -7.513440638513896097e+00 5.896062436320079758e-01 -3.450791529337279062e+00
4.976188430102165938e+00 3.105269659181766784e+00 -1.237996596184620435e+00 3.105269719688052099e+00 3.231245863767679971e+00 -7.211186478099200770e-01 -1.237996596184620435e+00 -7.211186402466343015e-01 -1.521495152414929608e+00
2.405306702953846076e-01 8.075217906715947969e-01 1.014518888367782923e+00 8.075217906715947969e-01 -5.786401873371683990e+00 6.729309047550430023e+00 1.014518888367782923e+00 6.729309047550430023e+00 -9.684145032852907065e+00
-3.535828379194685844e+00 2.003015636137889466e+00 1.635891932454416331e-01 2.003015636137889466e+00 -3.962296975505993135e+00 4.007793147779175474e-02 1.635891932454416331e-01 4.007793147779175474e-02 5.440690499385310019e+00
-2.252078123890504990e+00 3.044720141698747384e-01 -2.324540023764700702e+00 3.044720141698747384e-01 -7.304851117643115233e-01 5.570669666597503067e-01 -2.324540023764700702e+00 5.570669666597503067e-01 1.887888701911076161e+00
-2.881028692727001683e+00 2.268283536899788455e+00 1.736667413314698205e+00 2.268283536899788455e+00 -4.623660597830571817e+00 -1.089979148396121866e+00 1.736667413314698205e+00 -1.089979148396121866e+00 -1.977889675724704643e+00
4.599650906330649547e-01 1.124930811039156930e+00 9.241614661255724839e-01 1.124930811039156930e+00 -4.732176008846410653e+00 4.975502466471072305e-01 9.241614661255724839e-01 4.975502466471072305e-01 -4.355284356338303020e+00
-1.521860623488848319e+00 -1.543329060475041148e+00 -1.345136637657455003e-01 -1.543329060475041148e+00 2.492182413516545569e+00 2.705944921819387172e+00 -1.345136637657455003e-01 2.705944921819387172e+00 6.354040169411664607e+00
1.731043239632801267e-01 -5.047540625684817428e+00 -1.949006653783972309e+00 -5.047540625684817428e+00 2.122330641165247389e+00 1.935845949871067839e+00 -1.949006653783972309e+00 1.935845949871067839e+00 -6.088114888476278352e+00
7.781899410321747590e-01 2.334103526974266873e-01 6.314669518131468262e-01 2.334103526974266873e-01 7.403740541047977075e+00 7.595890972802541441e-01 6.314669518131468262e-01 7.595890972802541441e-01 -2.626995778767142187e-01
-3.445387519663196230e+00 7.845502117910644335e-01 2.075567075765204716e+00 7.845502117910644335e-01 -1.266119590450101384e+01 1.717669732791732295e+00 2.075567075765204716e+00 1.717669732791732295e+00 -4.320509024751613691e-01
-2.640900030957189948e+00 7.316130707669380229e+00 -6.273996576189714958e+00 7.316130707669380229e+00 2.078710645917681177e+00 -3.168583628636169602e-01 -6.273996576189714958e+00 -3.168583628636169602e-01 -1.300833111151367127e+00
-6.363105660454078105e+00 -9.614094454073375540e-02 1.114158021448531777e+01 -9.614094454073375540e-02 -1.004206700587980094e+01 3.752087506438609221e+00 1.114158021448531777e+01 3.752087506438609221e+00 -7.859503388666103874e+00
1.113627829253277940e-01 -2.736541446137079614e+00 2.108567587195908644e+00 -2.736541446137079614e+00 -3.698212665149209766e+00 2.916373251112944764e+00 2.108567587195908644e+00 2.916373251112944764e+00 3.145469632921947145e+00
-5.910992723660507764e+00 -8.911449726635958801e-02 4.948631348681209907e+00 -8.911449726635958801e-02 -1.338244867536040883e-01 -3.369149926094686665e-01 4.948631348681209907e+00 -3.369149926094686665e-01 1.098292118946132412e+01
1.507220711500472932e-01 -1.628151043217536786e+00 -4.250526811223931944e-01 -1.628151043217536786e+00 4.163352495793640529e+00 -2.347422010836297090e+00 -4.250526811223931944e-01 -2.347422010836297090e+00 2.179039682932919053e+00
-6.373488240646028480e+00 -1.235556586580446314e+00 3.840273383218963499e+00 -1.235556586580446314e+00 -6.063295212484365315e+00 3.413577195363114658e+00 3.840273383218963499e+00 3.413577195363114658e+00 -7.132062660174791624e+00
-1.052456418917424230e+01 -2.285273546998049632e+00 -6.654648187412373628e-02 -2.285273546998049632e+00 4.907460434165092700e+00 3.986207817672205445e-01 -6.654648187412373628e-02 3.986207817672205445e-01 9.602970904245934136e+00
-6.324697508541182067e+00 -8.255978480819868848e-01 -1.006600579225327641e+00 -8.255978480819868848e-01 -1.139398934072721481e+01 2.363715942742887322e+00 -1.006600579225327641e+00 2.363715942742887322e+00 -2.654150194871831778e-02
3.756389785652300528e+00 2.242998350158520893e+00 1.556377717833017815e+00 2.242998350158520893e+00 -3.535220073000402974e-01 -5.442604101391274041e-01 1.556377717833017815e+00 -5.442604101391274041e-01 -9.768528820527103917e+00
-6.729386445679390150e+00 9.863367390948461377e+00 4.696621207085573069e+00 9.863367390948461377e+00 -4.267532953929922712e+00 1.590872891439932824e+00 4.696621207085573069e+00 1.590872891439932824e+00 -2.736926785669244300e+00
-1.229968439928615886e+01 2.626429962732622636e-01 1.498449786818175866e+00 2.626429962732622636e-01 -6.217542382865837602e+00 2.307834224989683936e+00 1.498449786818175866e+00 2.307834224989683936e+00 -6.031216367257536071e+00
4.716924803138694777e+00 -2.843290894802164015e+00 -2.201798376085086772e+00 -2.843290894802164015e+00 -4.299539673088399461e+00 -6.305814067550754576e-01 -2.201798376085086772e+00 -6.305814067550754576e-01 -3.441167043674224768e+00
-1.247005275633542576e+00 -7.857723269905932950e-01 3.978651542978996203e-02 -7.857723269905932950e-01 -1.346072596215365680e+00 -3.267450550549862776e+00 3.978651542978996203e-02 -3.267450550549862776e+00 -1.020002218741448807e+00
-5.143778736827364639e+00 -1.787516153393059470e+00 -1.402641474968189916e+00 -1.787516153393059470e+00 3.190615077747925632e+00 7.887516591502369279e-01 -1.402641474968189916e+00 7.887516591502369279e-01 -6.567092567412488258e+00
-7.902924271339895945e+00 -2.979323133531129653e+00 1.281733040548616920e+00 -2.979323133531129653e+00 -2.898949653832902928e+00 -1.111120772762988596e+00 1.281733040548616920e+00 -1.111120772762988596e+00 -3.931218932924133158e-01
1.228673016216803049e+01 3.448880645366215081e+00 4.198550789031957109e+00 3.448880645366215081e+00 -2.231127660626291753e+00 -1.969214058672783985e+00 4.198550789031957109e+00 -1.969214058672783985e+00 -5.703980239271643216e-01
-2.223545073114651327e+00 -2.832187202151728478e+00 -3.009099573919945314e+00 -2.832187202151728478e+00 -9.597030443370707431e+00 -4.533636070023105979e+00 -3.009099573919945314e+00 -4.533636070023105979e+00 -3.543720362565216941e-01
