8.451373522337641830e+00 -1.548067572034854678e+00 -6.586769834187878203e+00 -1.548067572034854678e+00 -5.832108315549425770e-01 6.723500399089007651e+00 -6.586769834187878203e+00 6.723500399089007651e+00 3.615613358220679086e+00
-3.749170016777430448e+00 5.859285861492581127e+00 2.811353105972210109e+00 5.859285861492581127e+00 1.657154538758083051e+00 -3.543602625319047128e+00 2.811353105972210109e+00 -3.543602625319047128e+00 8.122039237479905527e-01
-5.613668265088166409e-01 8.645441359979896490e+00 2.703152722455374413e+00 8.645441359979896490e+00 -5.603119608333422264e-01 4.375768537655884138e+00 2.703152722455374413e+00 4.375768537655884138e+00 1.701884623379166683e+00
2.696995275066793152e+00 -6.631860548247548337e+00 5.124612588959459591e-01 -6.631860548247548337e+00 1.187758576365416152e+00 -3.019563996435847830e+00 5.124612588959459591e-01 -3.019563996435847830e+00 -3.717018116320300880e-01
9.411713629235880063e+00 -2.505780558394152369e+00 -5.243144866056638209e-01 -2.505780558394152369e+00 -3.266894092437712338e+00 4.573816494707449998e+00 -5.243144866056638209e-01 4.573816494707449998e+00 -7.428756499615623454e+00
-1.141139841660083531e+00 1.121244554782640179e+00 -3.812495706336473944e+00 1.121244554782640179e+00 4.358431347191856098e+00 -2.959985996689446175e+00 -3.812495706336473944e+00 -2.959985996689446175e+00 1.821112629988900888e+00
-3.259738750162439747e+00 -3.806613598449032576e+00 1.071210336519893502e+00 -3.806613598449032576e+00 1.790305103996228553e+00 2.827748323493436411e-01 1.071210336519893502e+00 2.827748323493436411e-01 -8.474707911549066441e-01
5.269875370234235135e+00 2.520163117416974963e+00 -3.771479996979377969e+00 2.520163117416974963e+00 3.771473049156035984e+00 2.593059679922492311e+00 -3.771479996979377969e+00 2.593059679922492311e+00 1.833947449385859629e+00
