3.324403294455770652e+00 2.467790239501674865e+00 -1.281085415105972958e+00 2.467790239501674865e+00 -2.880473860301693279e+00 1.388731871381855942e+00 -1.281085415105972958e+00 1.388731871381855942e+00 8.458349809063820945e-01
-1.222927470778656378e+01 -2.250380253648267548e+00 -1.647763460653332457e+00 -2.250380253648267548e+00 -3.148803557463586866e+00 1.314110645326946436e+00 -1.647763460653332457e+00 1.314110645326946436e+00 -6.934472825639248050e+00
-8.061143866709977956e+00 8.606454380329634501e-01 -4.580530727604726904e-01 8.606454380329634501e-01 3.194013040405177528e-01 -1.605838946139033441e+00 -4.580530727604726904e-01 -1.605838946139033441e+00 -3.943958740034699151e+00
-6.945429761706083838e+00 3.763966191154909158e+00 9.443145094910962989e-01 3.763966191154909158e+00 -5.803657328367278545e+00 -3.617783800298588925e+00 9.443145094910962989e-01 -3.617783800298588925e+00 -1.865654508556779723e+00
-1.023437586853152936e+01 6.460679166673350515e+00 2.348800334663781797e+00 6.460679166673350515e+00 -2.080029927341582408e+01 -7.944537246021091903e+00 2.348800334663781797e+00 -7.944537246021091903e+00 6.934418588703908704e+00
2.692351097653610914e+00 -2.337841299066213185e+00 1.352379266952776771e+00 -2.337841299066213185e+00 -2.631114799823171868e+00 1.604025600092905846e+00 1.352379266952776771e+00 1.604025600092905846e+00 3.442772613980753960e+00
3.123146757714350130e+00 -3.248841822729362949e+00 2.289850396964412393e+00 -3.248841822729362949e+00 -5.550007604391300475e-01 6.254182853092808081e+00 2.289850396964412393e+00 6.254182853092808081e+00 1.436362360854223530e+00
7.978895679468374080e-01 -4.153022665948957304e+00 -4.465056901754221874e-01 -4.153022665948957304e+00 -1.806106441314765387e+00 1.670606643026725902e+00 -4.465056901754221874e-01 1.670606643026725902e+00 4.960823982501878504e+00
9.652534847196596601e-01 4.546664123002908120e+00 -2.547815706667334368e+00 4.546664123002908120e+00 2.412766604723777686e+00 -5.316901068926374041e-01 -2.547815706667334368e+00 -5.316901068926374041e-01 2.525974489318182581e+00
-6.065953400990542477e+00 1.024577498323596542e-01 -5.612830707538412511e+00 1.024577498323596542e-01 -4.644309548568826607e+00 3.394788496432762592e+00 -5.612830707538412511e+00 3.394788496432762592e+00 4.516285487841023460e+00
1.206116418865109896e+00 3.974845406236041101e-01 2.760475439000769970e+00 3.974845406236041101e-01 -6.330871579565462426e+00 8.961702820321084673e-01 2.760475439000769970e+00 8.961702820321084673e-01 3.549660687505503676e-01
5.507074195677670758e+00 2.496570076140258276e+00 1.442259753171347247e+00 2.496570076140258276e+00 2.844631664821042794e+00 -1.161000846944181042e+00 1.442259753171347247e+00 -1.161000846944181042e+00 2.568837251100915875e+00
7.599118116367154840e+00 1.728835840759292530e+00 1.085656540553666005e+00 1.728835840759292530e+00 -2.373410432897665068e+00 4.559682049139843762e+00 1.085656540553666005e+00 4.559682049139843762e+00 1.085287605254331922e+01
-6.274766762695314526e+00 8.173277702192496275e-01 -3.257550528980162063e+00 8.173277702192496275e-01 -1.495202769958782518e+01 -6.031358513033342916e+00 -3.257550528980162063e+00 -6.031358513033342916e+00 -8.567737929858445511e+00
-4.708005118800542732e+00 -5.949761506170577974e+00 3.255912609467512375e+00 -5.949761506170577974e+00 -1.228215096664793471e+01 -1.366632458624916224e-01 3.255912609467512375e+00 -1.366632458624916224e-01 1.146766448478909695e+01
7.925634487403422135e+00 2.293502367597704872e+00 3.124702942617153312e+00 2.293502367597704872e+00 7.302359572310456848e+00 7.061805614405622933e-01 3.124702942617153312e+00 7.061805614405622933e-01 -5.814499733868276898e-01
3.937713993484508457e-01 5.203664782132938482e-01 1.304068960188665138e-01 5.203664782132938482e-01 5.389481962276742033e-01 -9.009425778061339596e-01 1.304068960188665138e-01 -9.009425778061339596e-01 -2.082791142742237422e+00
-1.819101555297039541e+00 2.719025537184329266e+00 -2.053027789003363246e+00 2.719025537184329266e+00 -1.559119884017334101e+01 5.782419047154407910e-01 -2.053027789003363246e+00 5.782419047154407910e-01 5.907904084737459982e+00
2.621425443417775281e+00 1.894398670254404227e+00 -2.617453220244072121e+00 1.894398670254404227e+00 -5.092866482315551835e+00 -5.584945782226926170e+00 -2.617453220244072121e+00 -5.584945782226926170e+00 -3.439095124722038044e+00
-2.755715544298938724e+00 1.849590591203068790e+00 -2.570572670273512994e+00 1.849590591203068790e+00 -1.100159216674626528e+01 -6.873184424264160874e+00 -2.570572670273512994e+00 -6.873184424264160874e+00 -7.359025975116796126e+00
-7.743164776049273890e-01 -4.709028503295164647e+00 9.062628910402762417e-01 -4.709028503295164647e+00 -1.073512845493382706e+01 1.774308935433545287e+00 9.062628910402762417e-01 1.774308935433545287e+00 9.469121014049770579e+00
-3.946889451403956084e+00 3.692911532213401515e-01 -3.212531101233615072e+00 3.692911532213401515e-01 -1.569160372766319966e+01 -4.340914301042667844e+00 -3.212531101233615072e+00 -4.340914301042667844e+00 -4.540428667054414724e+00
5.637094079386879564e+00 3.227799713204519971e+00 4.346328460877731281e+00 3.227799713204519971e+00 5.925356300312579094e+00 1.933390037488378788e+00 4.346328460877731281e+00 1.933390037488378788e+00 -4.175290371545242962e+00
-9.352812138460691926e+00 4.626047170423279731e+00 -3.940893789895933086e+00 4.626047170423279731e+00 -2.502284427156397939e+01 -4.806534330953380341e+00 -3.940893789895933086e+00 -4.806534330953380341e+00 2.304564943322682247e+00
-7.913298470089809022e+00 5.880054002006903424e+00 2.954055955741417439e+00 5.880054002006903424e+00 -1.450474673790423630e+01 -6.038721480093300897e+00 2.954055955741417439e+00 -6.038721480093300897e+00 2.720873684564314221e+00
-7.312260722025193393e-02 1.231088128714711516e+00 -8.076843953109941188e-01 1.231088128714711516e+00 -1.330733160012342964e+01 -3.564649707187091732e+00 -8.076843953109941188e-01 -3.564649707187091732e+00 1.442778386196541751e+00
-1.327796490266508478e-01 4.142984922715743146e+00 1.946425559372585989e-01 4.142984922715743146e+00 -1.130835341903368096e+00 -3.654453326308176653e+00 1.946425559372585989e-01 -3.654453326308176653e+00 3.274472386096387133e+00
