5.979576101277924716e-01 1.296363259560057435e-01 5.593886415117687906e-06 1.296363259560057157e-01 4.740548413814660300e-01 -2.318376805101610559e-05 5.593886415117687906e-06 -2.318376805101610559e-05 -7.986719515496131239e-01
1.256752656946423796e+00 -1.282586010982139091e-01 -3.014310343867902114e-02 -1.282586010982139091e-01 -9.238254341991129770e-02 6.671087104815777435e-02 -3.014310343867902461e-02 6.671087104815776048e-02 -6.018572134756802194e-01
1.964203864034237856e+00 -3.766202753370496148e-01 -6.738453997212050239e-02 -3.766202753370496148e-01 -6.351772904082245708e-01 1.405561156329002415e-01 -6.738453997212048852e-02 1.405561156329002692e-01 -3.922862191746979699e-01
2.807820930118380076e+00 -6.287138249404371493e-01 -1.205461639012845310e-01 -6.287138249404370383e-01 -1.078804729995457956e+00 2.137889802320585009e-01 -1.205461639012845448e-01 2.137889802320584731e-01 -8.841563699242560581e-02
3.779153147398986778e+00 -8.784122745936618903e-01 -1.871501999979740261e-01 -8.784122745936618903e-01 -1.391621800397184083e+00 2.801433680505381885e-01 -1.871501999979740261e-01 2.801433680505382440e-01 3.253886263833291048e-01
4.679897593238470321e+00 -1.110286021337925755e+00 -2.606859817321899309e-01 -1.110286021337925755e+00 -1.765885124277753571e+00 3.559168240139222172e-01 -2.606859817321899309e-01 3.559168240139222172e-01 6.489745484576489032e-01
5.573576942478630336e+00 -1.336988734238716781e+00 -3.482115381865070747e-01 -1.336988734238717003e+00 -2.180103036088711033e+00 4.378945284266586579e-01 -3.482115381865071302e-01 4.378945284266587135e-01 9.304541380935937855e-01
6.628401457110459027e+00 -1.568209168558343025e+00 -4.508475667331802716e-01 -1.568209168558342581e+00 -2.460667051367305458e+00 5.166827107338747282e-01 -4.508475667331802716e-01 5.166827107338747282e-01 1.360612399045331378e+00
7.724933391678520778e+00 -1.789558507667174503e+00 -5.655136530304423204e-01 -1.789558507667174503e+00 -2.707385278358590330e+00 5.950145415195906562e-01 -5.655136530304423204e-01 5.950145415195905452e-01 1.817625445264130501e+00
8.657103201625968580e+00 -1.997288666176724181e+00 -6.881794476595003429e-01 -1.997288666176724403e+00 -3.100362953016234879e+00 6.803251898945414933e-01 -6.881794476595001209e-01 6.803251898945414933e-01 2.101963858955118170e+00
3.426399388500278587e+00 4.807136985597408874e+00 -1.599712206726264574e+00 4.807136985597408874e+00 2.104134413576852225e+01 1.007290977029330764e-01 -1.599712206726264574e+00 1.007290977029330764e-01 1.527732236164671420e+01
3.612065950227147937e+00 4.219677009749383423e+00 -1.682529827124501276e+00 4.219677009749383423e+00 2.116540820013033297e+01 8.901998088814544463e-02 -1.682529827124501276e+00 8.901998088814544463e-02 1.575651996134901367e+01
3.805275367172018974e+00 3.612578458901888112e+00 -1.755930312012191408e+00 3.612578458901888112e+00 2.123815514690499739e+01 7.787713300406613748e-02 -1.755930312012191408e+00 7.787713300406613748e-02 1.623225501010809069e+01
4.190973385219436409e+00 2.976198651878618318e+00 -1.820152299125177286e+00 2.976198651878618318e+00 2.138359298748287074e+01 6.522414588206655595e-02 -1.820152299125177286e+00 6.522414588206655595e-02 1.683425877963406947e+01
4.715737657822796969e+00 2.319410651075428653e+00 -1.869882465277423078e+00 2.319410651075428653e+00 2.155094241563849877e+01 4.960644131144622410e-02 -1.869882465277423078e+00 4.960644131144622410e-02 1.752025666530527559e+01
5.163164078606991225e+00 1.669830932310790716e+00 -1.905370660084400258e+00 1.669830932310790716e+00 2.159990632582572445e+01 3.678139532115886484e-02 -1.905370660084400258e+00 3.678139532115886484e-02 1.810437462367334760e+01
5.772522796556063263e+00 9.983631863426410957e-01 -1.929270901146093120e+00 9.983631863426410957e-01 2.170583828755215805e+01 2.425621030079966323e-02 -1.929270901146093120e+00 2.425621030079966323e-02 1.879386608361997091e+01
6.394788436718695124e+00 3.005782522394442879e-01 -1.929763456583006409e+00 3.005782522394442879e-01 2.171837766291538330e+01 1.347438895798173768e-02 -1.929763456583006409e+00 1.347438895798173768e-02 1.945141581830107214e+01
7.113176472491350211e+00 -4.026976814067199650e-01 -1.916009074718558747e+00 -4.026976814067199650e-01 2.173248360712698712e+01 4.125022434791862126e-03 -1.916009074718558747e+00 4.125022434791862126e-03 2.013653852078763506e+01
7.838943967288756198e+00 -1.090610868178281123e+00 -1.885653877140736068e+00 -1.090610868178281123e+00 2.169188163817204895e+01 -2.281798529954253904e-03 -1.885653877140736068e+00 -2.281798529954253904e-03 2.077935098811253667e+01
-8.472735511539129405e+00 -2.394744870674322179e+00 -2.004176757072973825e+00 -2.394744870674322179e+00 5.635676772066085860e+00 -1.071846267086995041e+00 -2.004176757072973825e+00 -1.071846267086995041e+00 -1.241880571902790331e+00
-8.630833956360325132e+00 -2.653818873080193264e+00 -2.024807203971367375e+00 -2.653818873080193264e+00 5.910770686524134732e+00 -1.026179651461217590e+00 -2.024807203971367375e+00 -1.026179651461217590e+00 -1.030602965712015262e+00
-8.680818350393652238e+00 -2.911611423717913372e+00 -2.044349306020239343e+00 -2.911611423717913372e+00 6.266244672404675420e+00 -9.851645027969542223e-01 -2.044349306020239343e+00 -9.851645027969542223e-01 -7.397700343611995910e-01
-8.721680766849672750e+00 -3.163816181011055217e+00 -2.059819066436784585e+00 -3.163816181011055217e+00 6.604387875207850200e+00 -9.460567259369092596e-01 -2.059819066436784585e+00 -9.460567259369092596e-01 -4.635644606708725357e-01
-8.592467550392546727e+00 -3.406354990153957374e+00 -2.074042479177337306e+00 -3.406354990153957374e+00 7.048543963066324025e+00 -9.093419488512282101e-01 -2.074042479177337306e+00 -9.093419488512282101e-01 -5.664298476900191809e-02
-8.501753123785544375e+00 -3.643183034509347440e+00 -2.084374902936433127e+00 -3.643183034509347440e+00 7.423775456339428480e+00 -8.748095360718259883e-01 -2.084374902936433127e+00 -8.748095360718259883e-01 2.858419505287259077e-01
-8.289455713852589724e+00 -3.875739605272146449e+00 -2.093086499950984170e+00 -3.875739605272146449e+00 7.871441060820322022e+00 -8.432844733250463021e-01 -2.093086499950984170e+00 -8.432844733250463021e-01 7.267629765564218580e-01
-8.042520352744492840e+00 -4.105996410790905493e+00 -2.097883689417047393e+00 -4.105996410790905493e+00 8.309276396218720606e+00 -8.136492295502861793e-01 -2.097883689417047393e+00 -8.136492295502861793e-01 1.187284388793591106e+00
-7.822972820401672855e+00 -4.328002961717204222e+00 -2.096238846125405342e+00 -4.328002961717204222e+00 8.664320105876742062e+00 -7.862899619125441886e-01 -2.096238846125405342e+00 -7.862899619125441886e-01 1.602963843193865312e+00
-7.514496469571128934e+00 -4.539307634211843023e+00 -2.093686941673902790e+00 -4.539307634211843023e+00 9.060500773117366791e+00 -7.631842825470200875e-01 -2.093686941673902790e+00 -7.631842825470200875e-01 2.085524887102742309e+00
1.447692634060836170e+01 4.375434201303383119e+00 1.149119527232223659e+00 4.375434201303383119e+00 -2.848610078480095176e+00 9.186517324053976585e-01 1.149119527232223659e+00 9.186517324053976585e-01 3.648119402002360179e+00
1.422503448539017157e+01 4.388413989339757570e+00 1.355878638766834898e+00 4.388413989339757570e+00 -2.965315829598585751e+00 8.742597774293945356e-01 1.355878638766834898e+00 8.742597774293945356e-01 3.870900875926102103e+00
1.397579272992020272e+01 4.397715807368257401e+00 1.564781680312147705e+00 4.397715807368257401e+00 -2.999298792531390756e+00 8.271514155181115546e-01 1.564781680312147705e+00 8.271514155181115546e-01 4.158842154912377964e+00
1.363515122423729409e+01 4.402687763898621931e+00 1.773175177396015378e+00 4.402687763898621931e+00 -3.046067280706153735e+00 7.742044545751124440e-01 1.773175177396015378e+00 7.742044545751124440e-01 4.415759958708825650e+00
1.338587491774444693e+01 4.392413455976821091e+00 1.977101851719464953e+00 4.392413455976821091e+00 -2.905712874847933502e+00 7.230643904557664259e-01 1.977101851719464953e+00 7.230643904557664259e-01 4.824407345676621439e+00
1.304695480115238482e+01 4.381343217141084878e+00 2.176475784124416446e+00 4.381343217141084878e+00 -2.799176409727992532e+00 6.663088258960861987e-01 2.176475784124416446e+00 6.663088258960861987e-01 5.182096364710027103e+00
1.268278044338220312e+01 4.359590159518891284e+00 2.374705047396838520e+00 4.359590159518891284e+00 -2.633935018437059572e+00 6.027655795420256979e-01 2.374705047396838520e+00 6.027655795420256979e-01 5.579520124485617849e+00
1.225228342708830453e+01 4.328172334071436644e+00 2.574065489842797927e+00 4.328172334071436644e+00 -2.461116816856550926e+00 5.332238689055035508e-01 2.574065489842797927e+00 5.332238689055035508e-01 5.968810136275668476e+00
1.182637154260156009e+01 4.286632310445614102e+00 2.769227488553177796e+00 4.286632310445614102e+00 -2.220576522532587749e+00 4.593992590432343648e-01 2.769227488553177796e+00 4.593992590432343648e-01 6.406840690944211048e+00
1.135837746309529983e+01 4.239315959565275627e+00 2.957108684283053179e+00 4.239315959565275627e+00 -1.964431346216921170e+00 3.795134079862040322e-01 2.957108684283053179e+00 3.795134079862040322e-01 6.838097608460198096e+00
1.096238017823240707e+00 -7.404301083171149767e-01 7.141075843995700057e-01 -7.404301083171149767e-01 -2.214346913744454692e+00 2.020376564533483243e+00 7.141075843995700057e-01 2.020376564533483243e+00 4.590149818142386096e+00
1.709905935808006650e+00 -7.706838970959296597e-01 6.909994429968845386e-01 -7.706838970959296597e-01 -2.330656100581173895e+00 1.950236978171592472e+00 6.909994429968845386e-01 1.950236978171592472e+00 4.735660462042687868e+00
2.380398442673498760e+00 -7.901727013866693961e-01 6.636361484055313120e-01 -7.901727013866693961e-01 -2.399806456944878263e+00 1.874153947685909483e+00 6.636361484055313120e-01 1.874153947685909483e+00 4.915748806258974923e+00
3.093695458812168120e+00 -8.007118593912843085e-01 6.273059033151958674e-01 -8.007118593912843085e-01 -2.432938636584648151e+00 1.790526053159203101e+00 6.273059033151958674e-01 1.790526053159203101e+00 5.105445053654759313e+00
4.010593371011732522e+00 -8.050128190946482798e-01 5.793897696200769332e-01 -8.050128190946482798e-01 -2.251339470816654309e+00 1.700954744993377510e+00 5.793897696200769332e-01 1.700954744993377510e+00 5.467985530771823477e+00
4.817424391860837929e+00 -7.940162053146750942e-01 5.310515618452231745e-01 -7.940162053146750942e-01 -2.163062691675894822e+00 1.607954938086659791e+00 5.310515618452231745e-01 1.607954938086659791e+00 5.723783764195373713e+00
5.658253717433908925e+00 -7.701328767788701013e-01 4.766255883747737010e-01 -7.701328767788701013e-01 -2.045705562020089019e+00 1.508479922490025826e+00 4.766255883747737010e-01 1.508479922490025826e+00 5.986131097816463686e+00
6.530675914486992362e+00 -7.228697465130811128e-01 4.140248252632285908e-01 -7.228697465130811128e-01 -1.909015546909736516e+00 1.404339323035518117e+00 4.140248252632285908e-01 1.404339323035518117e+00 6.255252915135745440e+00
7.515484562502220633e+00 -6.673913232596877521e-01 3.443535493838025263e-01 -6.673913232596877521e-01 -1.640158447469660663e+00 1.289988876886789759e+00 3.443535493838025263e-01 1.289988876886789759e+00 6.619308540524113660e+00
8.441927175226458857e+00 -5.921638965850849479e-01 2.714968587143251066e-01 -5.921638965850849479e-01 -1.404417099496603427e+00 1.176442064261365994e+00 2.714968587143251066e-01 1.176442064261365994e+00 6.926034544337219323e+00
