2.198256367343638384e+00 -3.219402044129081042e-01 -9.318613573068378342e-01 -3.219402044129081042e-01 5.209981838859606418e-01 6.847283886234418748e-01 -9.318613573068378342e-01 6.847283886234418748e-01 -3.800184510135564242e+00
-1.047169204424463373e+00 -2.289666247224125595e+00 -1.069940819581070457e+00 -2.289666247224125595e+00 2.772315620264561353e+00 -1.293113232531894807e+00 -1.069940819581070457e+00 -1.293113232531894807e+00 1.688055597792849305e+00
5.538922312082581456e+00 2.831580834232126989e-02 5.738107263210532466e-02 2.831580834232126989e-02 5.318800287076875577e+00 3.331672348266385975e-02 5.738107263210532466e-02 3.331672348266385975e-02 5.690346479649495137e-01
5.613057131758423246e+00 9.365474048930418072e-02 1.462461082935337109e-01 9.365474048930418072e-02 5.254817188871211187e+00 1.066543945598405208e-01 1.462461082935337109e-01 1.066543945598405208e-01 4.678921612369034699e-01
1.035594869083513281e+00 2.070213393260990298e+00 1.086577395426913681e-03 2.070213393260990298e+00 3.134279739604385551e+00 -7.142277937621400730e-01 1.086577395426913681e-03 -7.142277937621400730e-01 9.061031890458970395e-01
-2.818333056896906719e+00 2.787663929493082282e+00 8.240252010937378913e-01 2.787663929493082282e+00 -6.396703715654867839e-01 -1.342545401772378133e-01 8.240252010937378913e-01 -1.342545401772378133e-01 -2.366726597054718439e+00
4.230370174374016301e+00 3.478647707349082352e-01 1.106030774761985080e+00 3.478647707349082352e-01 3.128266664865162028e+00 -3.407470923919085903e-01 1.106030774761985080e+00 -3.407470923919085903e-01 3.426190104407062620e+00
-4.312426077431179283e-02 -2.669750795810141852e+00 -7.196422433824374298e-01 -2.669750795810141852e+00 4.093682894558780205e+00 2.022380429248597622e+00 -7.196422433824374298e-01 2.022380429248597622e+00 -3.310265123016331135e+00
-9.281339209495694575e+00 -1.488753494258079568e+00 4.649554583547176878e-01 -1.488753494258079568e+00 -7.252341356023158880e+00 -3.190738950057005141e+00 4.649554583547176878e-01 -3.190738950057005141e+00 -2.934045888829949877e+00
-1.880416270443859394e+00 3.782626165279306951e-01 6.393746101462487452e-01 3.782626165279306951e-01 3.664209391352027279e+00 4.619393719079796234e-01 6.393746101462487452e-01 4.619393719079796234e-01 5.919999871314765905e+00
1.290062124063017901e+00 2.729979871481081677e+00 -1.998152123819322001e-01 2.729979871481081677e+00 1.176503577046993820e+00 -2.252108224989192831e+00 -1.998152123819322001e-01 -2.252108224989192831e+00 -2.240189206297633628e+00
-3.898659961892319004e-01 2.004213089123921598e+00 1.346576071139503394e+00 2.004213089123921598e+00 -2.820141447753671038e+00 -5.158563005414280589e-01 1.346576071139503394e+00 -5.158563005414280589e-01 -2.495411873588308183e+00
5.574112675433902986e+00 5.661117697698445778e-02 7.229524598661477008e-02 5.661117697698445778e-02 5.427478212694865967e+00 -6.772356470709177401e-02 7.229524598661477008e-02 -6.772356470709177401e-02 9.861613886150781827e-01
-6.649092156677694376e+00 -5.823092283935805691e-01 2.516123878744135123e+00 -5.823092283935805691e-01 -7.675679296686075403e+00 -7.262783736205822294e-01 2.516123878744135123e+00 -7.262783736205822294e-01 -3.622152668889858096e-01
3.044444567326946238e+00 -2.244929381917111666e+00 1.190764983179496639e+00 -2.244929381917111666e+00 1.545787821932000261e+00 1.142512223730483223e+00 1.190764983179496639e+00 1.142512223730483223e+00 -1.175272162837949663e+00
1.492974615531094951e-01 -4.552844371074285412e+00 -1.377940777280261653e+00 -4.552844371074285412e+00 8.322449772904271015e+00 1.579676677595521495e-01 -1.377940777280261653e+00 1.579676677595521495e-01 -1.939122339273991802e+00
5.623488195899928321e+00 -8.339400724495002470e-03 -2.300148435122151280e-02 -8.339400724495002470e-03 5.351953492898275044e+00 5.580721514243346809e-02 -2.300148435122151280e-02 5.580721514243346809e-02 7.028193478229428637e-01
-4.011711875377642400e+00 -2.225110934821064479e+00 -2.198371777105948333e+00 -2.225110934821064479e+00 -4.496186702739188412e+00 -3.225463288017795249e-01 -2.198371777105948333e+00 -3.225463288017795249e-01 -8.723678780174097369e+00
-1.289020128329392501e+00 -4.101198059741905766e+00 -5.939702698071864795e+00 -4.101198059741905766e+00 -4.223880305043357986e+00 2.889275639117705907e+00 -5.939702698071864795e+00 2.889275639117705907e+00 1.322166724449028719e+00
-4.200255057644945111e+00 -2.559537091108761597e+00 -2.967100744769787024e+00 -2.559537091108761597e+00 1.066988236096678033e+00 -1.229041410708347076e-01 -2.967100744769787024e+00 -1.229041410708347076e-01 3.260082646480295221e+00
-1.287244758890272678e+00 -4.882516642186913280e+00 5.291860273418917959e-01 -4.882516642186913280e+00 1.973070036874690347e-01 2.246807853958743273e+00 5.291860273418917959e-01 2.246807853958743273e+00 1.137865386180464178e+00
-5.858341860906594256e+00 -5.750946454505374561e-01 1.061681606781124110e+00 -5.750946454505374561e-01 1.739822311956195744e+00 -1.167183678702457428e+00 1.061681606781124110e+00 -1.167183678702457428e+00 -3.544641503968863905e+00
-1.148365898496919790e+01 -1.154631013847992715e+00 -1.884453433521652288e+00 -1.154631013847992715e+00 -1.535526478787368754e-01 -9.158780646012376625e-01 -1.884453433521652288e+00 -9.158780646012376625e-01 3.519293764826464610e+00
4.545273851284640898e+00 -3.631470504073768257e-01 2.000431078231449944e-01 -3.631470504073768257e-01 -6.431642324783802822e-01 2.030500436999374270e-01 2.000431078231449944e-01 2.030500436999374270e-01 4.953309095436907228e+00
-1.533729285789030117e+00 -2.914701304768819057e+00 -6.573256131833394855e-01 -2.914701304768819057e+00 -1.082086516792075459e+00 -2.615251953930672446e+00 -6.573256131833394855e-01 -2.615251953930672446e+00 -2.015286511564370553e+00
5.578691169949311579e+00 -8.442961909962588829e-02 -1.169628204553968265e-01 -8.442961909962588829e-02 5.285592575368387891e+00 4.752232030502667737e-02 -1.169628204553968265e-01 4.752232030502667737e-02 4.339554332886113031e-01
-5.941522209657705833e-01 9.515349637971411978e-01 -2.037509147218809213e-01 9.515349637971411978e-01 -2.302347436261509728e+00 6.855824119395551586e-01 -2.037509147218809213e-01 6.855824119395551586e-01 1.775498205318640554e+00
5.558994105002812880e+00 -3.782708563921263062e-02 -4.460625534580783119e-02 -3.782708563921263062e-02 5.243180181977880494e+00 6.777125735829395148e-02 -4.460625534580783119e-02 6.777125735829395148e-02 4.427581340533560672e-01
6.228539092152850232e-02 -3.635089048080201390e+00 -2.851060836751760696e+00 -3.635089048080201390e+00 -6.940525543548943688e+00 -1.404962834836679164e+00 -2.851060836751760696e+00 -1.404962834836679164e+00 -2.953308497930719145e+00
-2.816535194293509292e+00 -4.183928970257188240e+00 -3.889172831391655150e-01 -4.183928970257188240e+00 -7.959581226234054840e-01 -1.029460239159081913e+00 -3.889172831391655150e-01 -1.029460239159081913e+00 -4.498412173905750322e+00
2.252559604728959997e+00 6.266109949984778327e-01 -2.444981717694389545e+00 6.266109949984778327e-01 -6.021241560259373848e+00 7.754203684694910281e-01 -2.444981717694389545e+00 7.754203684694910281e-01 -3.497024077574518053e+00
-6.913484578184877494e-01 -2.971802238091685755e+00 -1.307148036193823026e+00 -2.971802238091685755e+00 1.777492542521230012e+00 5.192965467165457927e-01 -1.307148036193823026e+00 5.192965467165457927e-01 3.921544183518575366e+00
-2.982919310943431324e+00 -2.399607370555834951e+00 1.467339824779500812e-01 -2.399607370555834951e+00 9.979534837001079239e+00 -1.435535933311898327e-01 1.467339824779500812e-01 -1.435535933311898327e-01 1.004431552940884709e+00
2.183484723471944111e+00 -1.203996589184226584e+00 6.617301533490722587e-01 -1.203996589184226584e+00 -6.452591510589149593e-01 -2.541774058120320312e+00 6.617301533490722587e-01 -2.541774058120320312e+00 -1.401100366471006442e+00
1.726005304135762308e-01 -7.075222324307639532e-01 -4.153775433390969885e-01 -7.075222324307639532e-01 4.165708553696728877e+00 4.993885356255323149e-01 -4.153775433390969885e-01 4.993885356255323149e-01 3.560420230220723070e+00
1.637799822424727658e+00 4.599810799549624435e-02 1.608808030748010154e+00 4.599810799549624435e-02 -5.261901366911784228e-01 -2.991115343711051033e-01 1.608808030748010154e+00 -2.991115343711051033e-01 3.079471637630283531e+00
-4.769145176672196840e+00 -1.812463259588534381e+00 -1.061689572832318573e+00 -1.812463259588534381e+00 -7.683310688175871983e-02 -3.208525506117272386e+00 -1.061689572832318573e+00 -3.208525506117272386e+00 2.458542058036724764e+00
1.479474915943351121e+00 9.452549361240468739e-01 -2.043667557695028891e-01 9.452549361240468739e-01 7.694291743055559074e-01 1.419337163586485984e+00 -2.043667557695028891e-01 1.419337163586485984e+00 1.758280709603964320e+00
-1.468862389077609520e-01 -3.715666910719441218e-01 4.516857339538780658e-01 -3.715666910719441218e-01 -1.691854951239708971e+00 1.021523768053626879e+00 4.516857339538780658e-01 1.021523768053626879e+00 -5.720991697629178585e-01
5.617547054207315149e+00 -6.766224558411754186e-02 -1.005429219700757909e-01 -6.766224558411754186e-02 5.246688998459183573e+00 1.061025224530724592e-01 -1.005429219700757909e-01 1.061025224530724592e-01 5.705131201522170015e-01
-3.249661207723942846e-01 -2.266520489510852165e+00 1.122451518955564831e+00 -2.266520489510852165e+00 9.099186256541700324e-01 -6.857190522346581218e-01 1.122451518955564831e+00 -6.857190522346581218e-01 6.674405040778601084e+00
-3.528877944105943687e+00 1.644649978043245087e+00 7.997786380060277756e-01 1.644649978043245087e+00 -2.841137869562506690e+00 -4.340162779659967884e-01 7.997786380060277756e-01 -4.340162779659967884e-01 -1.277759713001912933e+00
3.615596089617815423e+00 -3.450284031809787155e-01 -7.080434297520775688e-01 -3.450284031809787155e-01 5.575148774854449485e+00 -2.390159943622521155e+00 -7.080434297520775688e-01 -2.390159943622521155e+00 6.044404790249857662e-01
-3.138994910636468738e+00 -3.798539592497511386e+00 4.461877805243947837e-01 -3.798539592497511386e+00 2.531515855958126782e+00 -6.476967137364333382e-01 4.461877805243947837e-01 -6.476967137364333382e-01 2.512345672161504062e+00
-9.830251430429106652e-01 -3.055564946860740427e-01 -1.057483512961069350e+00 -3.055564946860740427e-01 2.956160554996518086e-01 2.022176936984863893e+00 -1.057483512961069350e+00 2.022176936984863893e+00 -1.233973770510067736e+00
-7.532684735843474755e+00 -3.375630898918129841e+00 -3.095832244031605729e+00 -3.375630898918129841e+00 3.699488745035784287e+00 2.108398014884759475e-01 -3.095832244031605729e+00 2.108398014884759475e-01 3.643114921010962792e+00
6.527089661692568434e+00 3.191610723568703012e+00 -2.143640936256051344e+00 3.191610723568703012e+00 -6.252925991149342888e-01 1.137040069704212814e-01 -2.143640936256051344e+00 1.137040069704212814e-01 7.741564059119334651e+00
-2.908389840622652489e+00 -3.539732493742512864e-01 -9.940582710042054071e-01 -3.539732493742512864e-01 -5.784096197557391239e-01 -5.277007932210414642e-01 -9.940582710042054071e-01 -5.277007932210414642e-01 -4.184072855521814738e+00
8.282459502973077647e+00 -1.601784060798428166e+00 -1.137462052457120620e+00 -1.601784060798428166e+00 1.713819952530215351e+00 5.129897487252132571e+00 -1.137462052457120620e+00 5.129897487252132571e+00 2.093950446589616377e+00
-1.362394638723440077e-01 6.108036905249683013e-01 -1.885981750350615549e+00 6.108036905249683013e-01 -3.104635008931422746e+00 1.467662460708913041e+00 -1.885981750350615549e+00 1.467662460708913041e+00 -7.329877506494550943e-01
1.665555805359441921e+00 -8.314692843489450702e-01 -2.097470803702092379e+00 -8.314692843489450702e-01 5.218785669620140677e-01 1.191299909097530918e+00 -2.097470803702092379e+00 1.191299909097530918e+00 -1.874879555582888102e+00
5.570556166301398271e+00 -3.318045876494335467e-02 -5.144674417537725697e-02 -3.318045876494335467e-02 5.284931691487443572e+00 5.023398818766475898e-02 -5.144674417537725697e-02 5.023398818766475898e-02 2.119325154707039083e-01
-2.357538381317031639e+00 1.098387758447738838e+00 -1.597527380165779887e+00 1.098387758447738838e+00 -6.889046493565347262e-01 5.807057700828018865e-01 -1.597527380165779887e+00 5.807057700828018865e-01 -4.403192440912523153e+00
3.888026725701848818e+00 2.869528017350173599e-01 -1.709023559014924420e-01 2.869528017350173599e-01 4.514711107968350512e-01 -6.430374213575795750e-01 -1.709023559014924420e-01 -6.430374213575795750e-01 -1.755597912453723985e+00
5.741956741486136551e+00 2.950131138648967241e-03 9.722487609358145683e-03 2.950131138648967241e-03 5.283351020761886119e+00 1.734241062428887314e-01 9.722487609358145683e-03 1.734241062428887314e-01 6.860792272509785850e-01
5.797375503188727741e+00 -3.088817897397866830e+00 -2.598192558559166088e+00 -3.088817897397866830e+00 3.629362915766538578e-01 -1.935723099210324483e+00 -2.598192558559166088e+00 -1.935723099210324483e+00 -3.142736583903485759e+00
-2.403609486068421230e-01 9.762729742027649316e-01 -3.193641680588227061e+00 9.762729742027649316e-01 -3.974727160311413598e+00 4.536215525351579458e+00 -3.193641680588227061e+00 4.536215525351579458e+00 -1.496203849012633258e+00
-4.440825927042627019e-01 -2.552180753676354552e+00 2.786939196290259546e-01 -2.552180753676354552e+00 1.561465924576142417e+00 3.531319768473181742e-01 2.786939196290259546e-01 3.531319768473181742e-01 -1.114613183796604456e+00
7.624665512494266384e-01 2.098503444674808538e+00 3.330322792321136038e+00 2.098503444674808538e+00 -6.201806095572131916e+00 1.288032735442818932e+00 3.330322792321136038e+00 1.288032735442818932e+00 3.602928731430316667e+00
6.005078488749041044e-02 -2.161180424827332303e+00 -9.023102477022980628e-01 -2.161180424827332303e+00 -8.871091274283841699e+00 -5.086264348186597672e-01 -9.023102477022980628e-01 -5.086264348186597672e-01 1.369538693728634682e+00
8.307957122002365136e-01 -2.389058458804454776e+00 4.374057154189286423e-01 -2.389058458804454776e+00 -6.207873463821991677e+00 -2.852657865069532672e+00 4.374057154189286423e-01 -2.852657865069532672e+00 -9.998470258169699365e-01
-1.088944714217918275e+00 -9.744249656040542273e-01 -1.508898779704454518e-01 -9.744249656040542273e-01 4.268885757806828884e+00 -1.756714632784195373e+00 -1.508898779704454518e-01 -1.756714632784195373e+00 4.226305163735279535e+00
9.084430691691284920e+00 1.152125360829294509e+00 8.243902122388204745e-01 1.152125360829294509e+00 3.978292849949405241e+00 9.074970011112996060e-01 8.243902122388204745e-01 9.074970011112996060e-01 2.346770117515302109e-02
-3.996778999592942583e+00 -3.846956795410691576e+00 4.256546831245490159e-01 -3.846956795410691576e+00 1.450137731304192990e+00 1.452863897564009577e+00 4.256546831245490159e-01 1.452863897564009577e+00 5.502127079225967776e+00
-2.620565611759658076e+00 -3.739162888280630703e+00 8.204557604567217499e-01 -3.739162888280630703e+00 -6.818063336058965973e+00 2.645337693229491194e+00 8.204557604567217499e-01 2.645337693229491194e+00 3.302236121393198331e+00
1.299408825101759257e+00 1.139554447975021229e-01 6.396992371891317974e-01 1.139554447975021229e-01 3.550040281285487875e+00 1.812497669661406352e+00 6.396992371891317974e-01 1.812497669661406352e+00 1.395813334428311014e+00
-1.297078208590715931e-01 1.585598867533044576e+00 -9.252787892593348218e-01 1.585598867533044576e+00 -6.490489105251699975e+00 6.050064926960933009e-01 -9.252787892593348218e-01 6.050064926960933009e-01 6.141876891165982261e-02
-3.710028248066890022e+00 4.766547196445128365e-01 -1.676891038308440329e+00 4.766547196445128365e-01 -1.575354082311616333e+00 -1.946225546784108529e+00 -1.676891038308440329e+00 -1.946225546784108529e+00 -7.967470139983676702e+00
5.570556166301398271e+00 -3.318045876494335467e-02 -5.144674417537725697e-02 -3.318045876494335467e-02 5.284931691487443572e+00 5.023398818766475898e-02 -5.144674417537725697e-02 5.023398818766475898e-02 2.119325154707039083e-01
-3.638056276055425364e+00 -2.358573640957273287e+00 -3.035858658469216209e+00 -2.358573640957273287e+00 -1.263658070611638706e+00 1.015554903757460492e+00 -3.035858658469216209e+00 1.015554903757460492e+00 -1.680123187082846803e+00
2.805736586806894528e-01 -6.306216800030300940e-01 3.119357592542087332e+00 -6.306216800030300940e-01 -5.130298601010172987e+00 -7.896725513775605387e-01 3.119357592542087332e+00 -7.896725513775605387e-01 5.371455537324836271e-01
2.522931390957936504e+00 -2.075547668291766179e+00 -3.675362762417686557e+00 -2.075547668291766179e+00 4.972339086225027849e+00 -1.965542194240419649e+00 -3.675362762417686557e+00 -1.965542194240419649e+00 -4.551100031839544258e+00
2.537748535731308763e+00 -9.609273815573925459e-01 -1.909454010583425454e+00 -9.609273815573925459e-01 1.229908176526430807e+00 -1.954543454880680597e+00 -1.909454010583425454e+00 -1.954543454880680597e+00 -3.116216683161572742e+00
-1.137026519922498125e+01 -1.987847089875047768e+00 -9.633550580244576444e-01 -1.987847089875047768e+00 -5.811540240381408928e+00 -1.028552391475911820e+00 -9.633550580244576444e-01 -1.028552391475911820e+00 -4.503154965298030277e+00
-1.147996341126423658e+01 -1.405772981695738499e+00 2.181911030777227908e-02 -1.405772981695738499e+00 -1.006922796043712864e+01 3.721796709982038820e+00 2.181911030777227908e-02 3.721796709982038820e+00 3.043498072139841693e+00
-3.916861174018439584e+00 -1.354615343957092266e+00 -8.616841359123043054e-01 -1.354615343957092266e+00 -3.368894915158857639e+00 9.333924886470872373e-01 -8.616841359123043054e-01 9.333924886470872373e-01 -1.211691931443739378e-01
5.626867560899396992e+00 -1.137810392966230079e-02 -1.678099998728038722e-02 -1.137810392966230079e-02 5.383015035302664231e+00 3.080263944072051535e-02 -1.678099998728038722e-02 3.080263944072051535e-02 8.223098787920550823e-01
-4.046380038391921730e+00 1.640032969097380056e+00 2.103935769070568895e+00 1.640032969097380056e+00 -2.991359342967864876e+00 -8.432493271278702629e-01 2.103935769070568895e+00 -8.432493271278702629e-01 -2.769756020178583356e+00
5.554129454580190917e+00 7.296294310344525469e-02 1.143942305263652842e-01 7.296294310344525469e-02 5.359018818512082838e+00 -3.282617049887003730e-02 1.143942305263652842e-01 -3.282617049887003730e-02 7.759594350594247736e-01
7.232907604647597744e+00 -1.682813055543446179e+00 -2.440078930537997071e+00 -1.682813055543446179e+00 6.440619163317187201e+00 -3.218513740563515024e-01 -2.440078930537997071e+00 -3.218513740563515024e-01 2.591127491543240513e+00
-1.085606337249770981e+01 2.332466324928800461e+00 -1.817778578491993535e+00 2.332466324928800461e+00 -1.400275306872781833e+01 8.453668165039233129e-01 -1.817778578491993535e+00 8.453668165039233129e-01 5.480543935564678115e+00
-3.091278265886819199e+00 2.077516196927764014e+00 6.696217804956338115e-01 2.077516196927764014e+00 2.676519876644516405e+00 -1.726880995420883469e+00 6.696217804956338115e-01 -1.726880995420883469e+00 -5.417012769624606427e+00
2.935318926027865150e+00 4.986987635710235511e-01 4.400188663918305210e-01 4.986987635710235511e-01 1.507875130123371488e+00 1.138261425352957046e+00 4.400188663918305210e-01 1.138261425352957046e+00 -2.442367991174928310e+00
-7.468517381002209854e-01 -4.355203142861030052e+00 -2.088562378766638084e+00 -4.355203142861030052e+00 3.481577180867130750e+00 -1.050574231514565637e+00 -2.088562378766638084e+00 -1.050574231514565637e+00 -2.345764351628961131e-01
5.544556858160324175e+00 -2.822723627580294228e-02 -2.779800241498334504e-02 -2.822723627580294228e-02 5.396225899685667571e+00 -2.206125779895001457e-02 -2.779800241498334504e-02 -2.206125779895001457e-02 6.473459812389246171e-01
1.255988638244566413e+00 1.251066430290510345e+00 -3.068579922897598955e+00 1.251066430290510345e+00 6.225413619080056860e-01 1.155091238138426402e+00 -3.068579922897598955e+00 1.155091238138426402e+00 3.573318537892403945e+00
6.836098113981003976e-02 2.005210040068175381e+00 -8.388075207566182412e-01 2.005210040068175381e+00 4.950553845932185837e+00 1.140047514941348039e+00 -8.388075207566182412e-01 1.140047514941348039e+00 -4.649586291944971528e+00
6.799569465139408964e-01 3.095022520626446560e+00 6.555296100320051264e-03 3.095022520626446560e+00 -8.240701114581390208e-01 1.325195922802876014e+00 6.555296100320051264e-03 1.325195922802876014e+00 -1.472188102926268671e+00
4.812601415284503581e+00 -1.503958201425626529e+00 5.000326375429925418e-01 -1.503958201425626529e+00 4.101188498271586824e-01 1.293542994154864845e+00 5.000326375429925418e-01 1.293542994154864845e+00 1.604038398567748880e+00
5.538922312082581456e+00 2.831580834232126989e-02 5.738107263210532466e-02 2.831580834232126989e-02 5.318800287076875577e+00 3.331672348266385975e-02 5.738107263210532466e-02 3.331672348266385975e-02 5.690346479649495137e-01
6.615086157164689062e+00 -1.355044446830610649e+00 -1.675309078090330694e-01 -1.355044446830610649e+00 6.112591229058717879e+00 1.025346328440557148e-01 -1.675309078090330694e-01 1.025346328440557148e-01 1.722468991024988405e+00
1.048444731329183455e+01 6.610292747046485617e-01 1.028563930841620150e-01 6.610292747046485617e-01 3.620605274567237242e+00 1.369111960857535060e+00 1.028563930841620150e-01 1.369111960857535060e+00 3.148271549693416382e+00
-2.339583848269950028e+00 1.835822653119234260e-01 1.398470921858684379e+00 1.835822653119234260e-01 -1.829258835522126425e+00 -1.452941163572815553e+00 1.398470921858684379e+00 -1.452941163572815553e+00 -3.674454997943705781e+00
1.861674891360769468e+00 2.513570259449678268e+00 3.504966838915227534e+00 2.513570259449678268e+00 -3.292412374439481315e+00 9.652378091367060930e-01 3.504966838915227534e+00 9.652378091367060930e-01 6.954162223495397033e-01
8.157153891007501656e+00 -8.879109641764223460e-01 2.023906688554466093e+00 -8.879109641764223460e-01 2.064450177402569864e+00 -1.643143341646508215e+00 2.023906688554466093e+00 -1.643143341646508215e+00 2.204551233569872259e+00
5.501292336424794982e+00 3.641413891883218845e+00 2.633662178163685308e+00 3.641413891883218845e+00 3.648534624008305249e-02 3.690310083936281238e+00 2.633662178163685308e+00 3.690310083936281238e+00 -1.082956507884275554e+00
3.210862848716011353e+00 3.199152543355136824e-02 -1.980388139808326509e+00 3.199152543355136824e-02 4.857098786715202898e+00 -7.438615935048411565e-01 -1.980388139808326509e+00 -7.438615935048411565e-01 2.650061771637396202e+00
-1.658632603721609033e+00 -1.211471990466506776e+00 2.458857067571525779e+00 -1.211471990466506776e+00 -1.173992420242793244e+01 7.295337839653405210e-01 2.458857067571525779e+00 7.295337839653405210e-01 2.845380676015329957e+00
-3.343434150816749550e+00 -6.317724367210135750e-01 -1.788786800475981265e+00 -6.317724367210135750e-01 5.172658970821523816e+00 -2.584897117082933793e-01 -1.788786800475981265e+00 -2.584897117082933793e-01 -6.903170996696912809e+00
2.777090422367299194e+00 -4.821592451423907910e+00 -1.721833778152765504e+00 -4.821592451423907910e+00 -5.233018141011362978e-01 1.984194775755012685e+00 -1.721833778152765504e+00 1.984194775755012685e+00 5.384442040949691588e+00
