-8.148070874932095364e+00 -7.064136937259136495e+00 3.269793938628990482e+00 -7.064136937259136495e+00 -1.263993657393550851e+00 -2.577948246653302800e+00 3.269793938628990482e+00 -2.577948246653302800e+00 -6.723956259019202575e-01
6.057903670278251163e+00 -6.780582071552206935e-01 8.855849872412401291e-01 -6.780582071552206935e-01 5.862963491757033019e+00 -5.027102496411902655e-01 8.855849872412401291e-01 -5.027102496411902655e-01 1.584293519820909379e+00
-1.061103388681247495e+01 1.091019706114642940e+00 7.842916400431300117e-01 1.091019706114642940e+00 -5.456699368883819901e+00 2.279176791764883969e+00 7.842916400431300117e-01 2.279176791764883969e+00 -6.147904122605161170e+00
-1.004711496880056032e+01 -2.434461345824468825e+00 -1.287762064304850851e+00 -2.434461345824468825e+00 -1.424766002746517657e+00 5.305204600735747428e-02 -1.287762064304850851e+00 5.305204600735747428e-02 -1.997908315504494103e+00
-3.394030996430339009e+00 -3.273316920926161444e+00 -3.318104223917140772e+00 -3.273316920926161444e+00 -2.773365812677488051e+00 1.097592381377775261e+00 -3.318104223917140772e+00 1.097592381377775261e+00 -1.861209672592451791e-01
3.506458212126010165e-01 1.912611008159781134e+00 -2.082991325409426775e+00 1.912611008159781134e+00 -2.741155934426098284e+00 4.083716478285280616e+00 -2.082991325409426775e+00 4.083716478285280616e+00 1.032068449716539327e+00
-3.703319757362275588e+00 -8.441059958685618314e-01 -9.154874700932821296e-01 -8.441059958685618314e-01 3.729217502796586259e-01 -1.115309326127194467e+00 -9.154874700932821296e-01 -1.115309326127194467e+00 2.670880324637667780e+00
-8.749264176548351202e+00 1.055192911443919801e+00 8.559223071141558448e-01 1.055192911443919801e+00 -2.058677151656435278e+00 7.659456975820979618e-01 8.559223071141558448e-01 7.659456975820979618e-01 3.178102386685903280e+00
2.453137147062793844e+00 -1.841850666952113524e+00 -1.079613304494256854e+00 -1.841850666952113524e+00 4.240835252705212888e+00 1.379573737633379649e+00 -1.079613304494256854e+00 1.379573737633379649e+00 1.406215865958602595e+00
-1.642238988493315954e+00 4.790474123437237775e-01 1.907282001518857850e+00 4.790474123437237775e-01 8.474044171144106130e-01 -2.084610449085984030e-01 1.907282001518857850e+00 -2.084610449085984030e-01 5.326184482514778606e-01
1.971385235999592589e-01 4.697020520332183757e+00 -2.487277214713995432e-01 4.697020520332183757e+00 -1.366397726688689751e+00 -1.903669466440343627e-01 -2.487277214713995432e-01 -1.903669466440343627e-01 1.136531113826726225e+00
-3.547133627713748183e+00 8.909311005442814846e-01 -2.114994533335770033e+00 8.909311005442814846e-01 1.208232375431754102e+00 2.660218174717297046e+00 -2.114994533335770033e+00 2.660218174717297046e+00 6.368455240809401952e-01
-4.318631060161987278e+00 1.414426326855953153e+00 1.199423926182817013e+00 1.414426326855953153e+00 1.013488470225728522e+00 3.090792620684768455e+00 1.199423926182817013e+00 3.090792620684768455e+00 2.464968402304072992e+00
-1.480150264092211287e+01 5.530973177276014008e-01 8.034751336487635509e-01 5.530973177276014008e-01 -7.883134415451453769e+00 5.461083411729777265e-03 8.034751336487635509e-01 5.461083411729777265e-03 -4.838996423921306800e+00
-1.369581836402160357e+00 -3.737749636925885799e+00 8.126540308161682713e-01 -3.737749636925885799e+00 -2.634506199912681534e+00 4.218452444766842002e-01 8.126540308161682713e-01 4.218452444766842002e-01 1.561438774483263181e+00
-3.698773659556960358e-01 -2.454543848613098156e+00 -6.555403217166875240e-01 -2.454543848613098156e+00 3.283536504464052985e+00 -2.622796281581690092e+00 -6.555403217166875240e-01 -2.622796281581690092e+00 4.796453745789512446e+00
-1.019982636100308682e+01 -9.585885742559101530e-01 1.295996612383757407e-01 -9.585885742559101530e-01 -7.727962955802068379e+00 4.812454706172808461e-01 1.295996612383757407e-01 4.812454706172808461e-01 -3.063702836226436244e+00
-6.368655584494342214e+00 -2.767840571007287753e+00 2.597998856180438576e+00 -2.767840571007287753e+00 -1.556884776097067880e+00 -2.334688984941870160e+00 2.597998856180438576e+00 -2.334688984941870160e+00 -1.797514188668181967e-01
-4.434734684763748547e+00 5.581929925162519845e-01 4.812529590071632467e-03 5.581929925162519845e-01 -1.023338709630114174e+01 -2.236851665478883255e+00 4.812529590071632467e-03 -2.236851665478883255e+00 5.692519890844573105e+00
-4.375246730241383553e+00 -1.314820168663640487e+00 1.484794490738696071e+00 -1.314820168663640487e+00 2.698391024619210210e+00 -3.475472110308268192e+00 1.484794490738696071e+00 -3.475472110308268192e+00 8.956686761087363502e-01
-4.997488683059796877e+00 -2.146640537090172440e+00 1.593581190425468641e+00 -2.146640537090172440e+00 5.282779948976270568e-01 -1.639597535056524780e-01 1.593581190425468641e+00 -1.639597535056524780e-01 1.244764781561230160e+00
-6.579675568584311129e+00 -3.141680042452846600e+00 -6.768889070210415415e-01 -3.141680042452846600e+00 -9.164191680408695362e-01 4.324014376976241802e-01 -6.768889070210415415e-01 4.324014376976241802e-01 -7.787102576067111315e+00
-6.104844930566141414e+00 -4.948618098262966392e+00 3.256663131734988670e-01 -4.948618098262966392e+00 4.279155000819962473e-01 -2.173617611485301193e+00 3.256663131734988670e-01 -2.173617611485301193e+00 1.063679569726988516e+00
-5.510249286450162209e+00 1.246885252248608911e+00 4.291663674677987927e+00 1.246885252248608911e+00 -1.789403278037839717e+00 1.264298036498043620e+00 4.291663674677987927e+00 1.264298036498043620e+00 1.743366103339289708e-01
-6.674193823840215423e+00 3.670784706596650793e+00 -4.795638908242291221e-01 3.670784706596650793e+00 -8.045436678151034471e+00 -5.190606744136981865e-01 -4.795638908242291221e-01 -5.190606744136981865e-01 -9.160301538430038804e+00
3.837281447223082953e+00 1.205124146525822892e+00 2.901285872310243041e-01 1.205124146525822892e+00 -4.333961570794209628e+00 -3.192805378977900954e-01 2.901285872310243041e-01 -3.192805378977900954e-01 -8.996022395501979130e-01
-2.586446293531311280e+00 -1.415598372806581073e+00 8.561156881363644056e-01 -1.415598372806581073e+00 4.910843187604187143e+00 -1.818454487260052543e+00 8.561156881363644056e-01 -1.818454487260052543e+00 7.128438195498700836e-01
-5.189320589242083948e+00 1.476489702917752389e+00 1.162154953057048967e+00 1.476489702917752389e+00 -3.743769438890160117e+00 -1.433229234452105261e-01 1.162154953057048967e+00 -1.433229234452105261e-01 1.015330591185644726e+00
-3.849677412154191014e+00 1.150424776294604712e+00 2.078729026251251166e-01 1.150424776294604712e+00 -1.434687029106740841e+00 3.998343845816604292e-01 2.078729026251251166e-01 3.998343845816604292e-01 -7.446784634033409844e+00
-2.947527030455200148e+00 -4.659730431598202993e-01 -3.429390237430264499e+00 -4.659730431598202993e-01 -2.935549300371632420e+00 4.407484098901558234e+00 -3.429390237430264499e+00 4.407484098901558234e+00 1.122625866385401494e+01
1.078289462752394678e+00 4.958397381821010974e+00 2.331263796006547651e+00 4.958397381821010974e+00 8.649042152711858833e+00 4.224168736851414141e-01 2.331263796006547651e+00 4.224168736851414141e-01 -9.032090850766003598e-01
-3.227654610291613935e+00 1.177779439491146718e+00 5.744940534449070046e-01 1.177779439491146718e+00 -4.187075166501100121e+00 -1.298707358358090369e+00 5.744940534449070046e-01 -1.298707358358090369e+00 1.625309262655570519e+00
-5.011615910938764351e+00 1.184057293378966591e+00 1.600895650037541751e+00 1.184057293378966591e+00 -2.355887248913759002e+00 6.280148257190050209e-01 1.600895650037541751e+00 6.280148257190050209e-01 2.227280660182673344e+00
7.502441522108620475e+00 3.909363371157816403e+00 -2.216446267115571800e+00 3.909363371157816403e+00 -1.123427099540178054e+00 -1.849471665239861951e+00 -2.216446267115571800e+00 -1.849471665239861951e+00 2.486777767189386257e+00
-1.261866588679464884e+00 -1.936470113545891436e-01 -1.948677131655329187e-01 -1.936470113545891436e-01 4.643790815113669979e+00 -1.067240001797574944e+00 -1.948677131655329187e-01 -1.067240001797574944e+00 2.226665595910494844e+00
-6.572094673905513051e-01 4.626133976910235646e+00 -1.037031244435950184e+00 4.626133976910235646e+00 -5.239253529260537334e+00 -6.520300143057708997e-01 -1.037031244435950184e+00 -6.520300143057708997e-01 -7.757199451752750941e-01
8.774755409699837472e+00 3.769979983448014327e+00 -6.802529417121080599e-03 3.769979983448014327e+00 -2.096285039643559500e+00 1.811321173704516285e+00 -6.802529417121080599e-03 1.811321173704516285e+00 1.392003564177433761e+00
-9.592470553124064381e+00 3.819238049491412657e+00 -1.486159308551735947e+00 3.819238049491412657e+00 -7.902241943554300541e+00 1.861034127661711723e+00 -1.486159308551735947e+00 1.861034127661711723e+00 -4.093894580929477556e+00
-1.060371170312816025e+00 -5.815881388186645157e-02 -8.765705108694893388e-01 -5.815881388186645157e-02 2.609073834100388289e+00 -7.937448368710602331e-01 -8.765705108694893388e-01 -7.937448368710602331e-01 -3.727300003595687694e-01
-1.076776657187730635e+00 3.095503289642206890e-02 -3.925999483861692507e+00 3.095503289642206890e-02 2.980169450423707511e-01 -5.509967378071963795e-01 -3.925999483861692507e+00 -5.509967378071963795e-01 2.051603896004540406e+00
-2.634157807625784109e+00 3.337052447438185521e+00 7.815776282670251485e-01 3.337052447438185521e+00 -1.151182859283267845e+01 1.066122685213410221e-01 7.815776282670251485e-01 1.066122685213410221e-01 -2.529174747108335009e+00
5.660317289144860986e+00 3.137659100810035184e+00 1.340096138773668955e+00 3.137659100810035184e+00 1.069257492843346391e+01 6.990210162653931469e-01 1.340096138773668955e+00 6.990210162653931469e-01 7.137988055468560411e+00
-4.188036993611709669e+00 2.107590151901101549e+00 8.137590328208957891e-01 2.107590151901101549e+00 3.652604944822159250e-01 -3.422880910327772419e+00 8.137590328208957891e-01 -3.422880910327772419e+00 3.872459994454290344e-01
-2.463763069682595397e+00 -1.502291278708050237e+00 1.270217284365021015e+00 -1.502291278708050237e+00 -4.831834138996875527e-01 2.509452567363132380e-02 1.270217284365021015e+00 2.509452567363132380e-02 6.848634082504970522e+00
2.654401322548306297e+00 1.510963297525388382e+00 -7.423158853112815647e-02 1.510963297525388382e+00 -2.321070068513057111e-02 4.575884783156155544e-01 -7.423158853112815647e-02 4.575884783156155544e-01 2.631140859258337183e+00
8.779318925858781153e-01 -6.671571102476381299e-01 -4.272752241886665914e+00 -6.671571102476381299e-01 3.257344477792127324e-01 9.156898381455387259e-01 -4.272752241886665914e+00 9.156898381455387259e-01 6.346652626609365022e+00
-5.253166984357461544e+00 -7.632429575017699364e+00 1.011425544219333394e+00 -7.632429575017699364e+00 -1.733171185209721465e-01 -4.356253836247551275e-02 1.011425544219333394e+00 -4.356253836247551275e-02 -2.267274877299684022e+00
-5.328214352234228457e+00 2.198259137773644900e-01 1.612249632325718940e+00 2.198259137773644900e-01 -4.710996281038868361e-01 1.775816781439682190e-01 1.612249632325718940e+00 1.775816781439682190e-01 -1.639915979557309278e-01
5.483015257717227531e-01 -5.310720482136140896e-01 -7.110283361941418523e-01 -5.310720482136140896e-01 -4.596357638681477731e+00 -1.757113959754322385e+00 -7.110283361941418523e-01 -1.757113959754322385e+00 3.266674671709378641e-01
-1.140055158303304061e+00 2.496046175745818108e+00 5.416167016994948014e-02 2.496046175745818108e+00 -2.053966473899986322e+00 2.359238677382567317e+00 5.416167016994948014e-02 2.359238677382567317e+00 -1.794978279183932601e+00
-8.707414711911319216e+00 1.324605052103509761e+00 -1.445841208243159981e+00 1.324605052103509761e+00 -9.898502064803485823e+00 1.330653827062039163e+00 -1.445841208243159981e+00 1.330653827062039163e+00 -8.804701092423027120e+00
-1.399796223568059883e+00 -1.858620511670774800e+00 -2.469877714637184418e+00 -1.858620511670774800e+00 -5.816715255400916718e+00 4.500429256999418648e-01 -2.469877714637184418e+00 4.500429256999418648e-01 -6.944031192346714620e-01
-5.769723296738614060e+00 -2.144152648884647405e+00 -1.808314395789808682e+00 -2.144152648884647405e+00 -1.067283610622118406e+00 -5.506245179472689655e-01 -1.808314395789808682e+00 -5.506245179472689655e-01 -6.961927895227350005e-01
-4.204345740738438586e+00 -2.241955768084528344e+00 5.284371574792888770e-01 -2.241955768084528344e+00 -7.788917847048384413e-01 -4.289453712227654369e-01 5.284371574792888770e-01 -4.289453712227654369e-01 -4.181141944018800238e+00
2.998783622063293297e+00 2.326491816122211453e+00 -1.893692530916316175e+00 2.326491816122211453e+00 -3.242471053331313247e+00 5.439609359590337201e-01 -1.893692530916316175e+00 5.439609359590337201e-01 -2.339153071793449445e+00
-4.639274505805584425e+00 -4.139434751918596334e+00 4.758190648958882996e+00 -4.139434751918596334e+00 -1.911026622432158373e+00 1.320851797690715479e+00 4.758190648958882996e+00 1.320851797690715479e+00 -9.050029176789331498e-01
-4.230564487419087527e+00 1.271192586370428756e-01 1.882954497547974171e+00 1.271192586370428756e-01 3.075746528311183781e+00 9.675302975312444209e-01 1.882954497547974171e+00 9.675302975312444209e-01 -1.660436400572840587e-01
4.377471979517400413e+00 1.438639277548953821e+00 7.312751804028376768e-01 1.438639277548953821e+00 1.941665694503022621e+00 2.267549564850551924e+00 7.312751804028376768e-01 2.267549564850551924e+00 5.413117594374982744e+00
-2.534755363667684946e+00 -2.728351855312357022e-01 2.161762648624653560e-01 -2.728351855312357022e-01 -8.303580671078318431e+00 1.469286343142188533e+00 2.161762648624653560e-01 1.469286343142188533e+00 1.190727656447396976e+00
-5.972800466989801826e+00 -9.393931464450130386e-01 7.361379452551424230e-01 -9.393931464450130386e-01 -2.552073434192280388e+00 1.184302439752581010e-01 7.361379452551424230e-01 1.184302439752581010e-01 -1.415164433559157997e+00
-2.292509339823900483e+00 -3.584982396376782621e+00 3.333235709514091316e-01 -3.584982396376782621e+00 2.982834687789800654e+00 -3.010162980387530940e+00 3.333235709514091316e-01 -3.010162980387530940e+00 3.860786140599565819e+00
-2.640153645372446345e+00 -8.039212688496856218e-01 -3.094527376122262474e+00 -8.039212688496856218e-01 -1.233268583617487257e+00 -2.616162700206846381e+00 -3.094527376122262474e+00 -2.616162700206846381e+00 2.447898692539516308e-01
-9.393643628867048179e+00 -2.436066196202049117e+00 -4.756928817740203597e-01 -2.436066196202049117e+00 -6.886180595393811998e+00 8.267212716617161616e-01 -4.756928817740203597e-01 8.267212716617161616e-01 -4.461131531852777776e+00
8.121978003711149974e-01 -9.494644829346422510e-01 -2.905250838786461731e+00 -9.494644829346422510e-01 -4.444868835278310115e+00 4.152238178949497538e+00 -2.905250838786461731e+00 4.152238178949497538e+00 4.460130961234326286e+00
2.989624224921351825e+00 8.979845804727228931e-01 2.327231162786455254e+00 8.979845804727228931e-01 -2.610116439818781942e+00 -3.918543540060903663e-01 2.327231162786455254e+00 -3.918543540060903663e-01 -3.657467898138873519e+00
1.039050957705953904e+00 1.887724346267330544e+00 1.079204036757701823e+00 1.887724346267330544e+00 2.257187755150269037e+00 1.330404411015311483e+00 1.079204036757701823e+00 1.330404411015311483e+00 -1.491334505723415305e+00
6.259500143836584485e+00 -1.966315285585080730e+00 -1.591356640823192503e+00 -1.966315285585080730e+00 5.619824010408223991e+00 2.606261546349568636e+00 -1.591356640823192503e+00 2.606261546349568636e+00 3.615763905153387969e-01
-2.216562616682246745e+00 1.797136464173464399e+00 -2.421288648536748245e-01 1.797136464173464399e+00 1.426166092638969374e-01 1.791906497840055693e-02 -2.421288648536748245e-01 1.791906497840055693e-02 -5.925866225313166646e-01
-9.241175481130884606e+00 9.717244528988191465e-01 -1.251275187255227461e-01 9.717244528988191465e-01 -1.512438061049259375e+01 6.859776267466729527e-01 -1.251275187255227461e-01 6.859776267466729527e-01 -5.157048721795251645e+00
-3.747689779580742009e+00 -3.909205957375212925e+00 1.174447898519081379e+00 -3.909205957375212925e+00 -2.700343297486728744e+00 6.721831830508438743e-02 1.174447898519081379e+00 6.721831830508438743e-02 1.639612511895046365e-01
-9.971138285906553378e+00 -6.887355261882124324e+00 2.326626898098006713e+00 -6.887355261882124324e+00 -1.858769577630669412e+00 4.098509335473232262e+00 2.326626898098006713e+00 4.098509335473232262e+00 -6.115203999711200239e-02
-6.608893932544363636e+00 1.699459805021147796e+00 2.528600408350427375e-02 1.699459805021147796e+00 -7.577514215309629542e+00 1.978609669864192178e+00 2.528600408350427375e-02 1.978609669864192178e+00 -2.933103202159160094e+00
8.135072414417523490e+00 -2.946033063916091432e+00 -3.715001660688835639e+00 -2.946033063916091432e+00 4.023024009793539690e+00 -2.618909920409740799e+00 -3.715001660688835639e+00 -2.618909920409740799e+00 7.139480238528629563e+00
-1.888845046101800484e+00 1.201070686117958530e+00 5.059486951396686694e-01 1.201070686117958530e+00 -6.096916795336361439e+00 -2.402855829702112089e+00 5.059486951396686694e-01 -2.402855829702112089e+00 1.308118976368691122e+00
-1.070850527489705151e+01 -2.275214327621576160e+00 -1.481806013345093431e+00 -2.275214327621576160e+00 -1.066173465621673344e+01 -1.139573566706727631e-01 -1.481806013345093431e+00 -1.139573566706727631e-01 -1.459141457257629115e+00
-2.540814399782961530e+00 5.184838323484759481e-01 -5.603733628986884430e-01 5.184838323484759481e-01 1.040092533336193642e-01 5.379142951668881567e-01 -5.603733628986884430e-01 5.379142951668881567e-01 1.662955864117725335e+00
-2.185686576616899801e-01 4.383690962550056136e-03 1.615857471876694929e+00 4.383690962550056136e-03 5.838801022849606781e+00 -7.348152918761799990e-01 1.615857471876694929e+00 -7.348152918761799990e-01 -9.481843848523727303e+00
-1.852907617426680642e-01 -9.531806330849030839e-01 2.676755166248974138e+00 -9.531806330849030839e-01 1.127365290900231187e+00 -3.006020215574909837e+00 2.676755166248974138e+00 -3.006020215574909837e+00 2.897647324798513058e+00
2.051895069200964095e+00 3.777537916435426357e+00 5.736715692892837559e-01 3.777537916435426357e+00 -2.975163223513829003e+00 -2.520053488499402472e-01 5.736715692892837559e-01 -2.520053488499402472e-01 -3.563526852825800173e-01
-4.485059280899557077e-01 -1.233019961634062911e+00 2.303620686299720166e+00 -1.233019961634062911e+00 -3.418980823108925260e-01 2.464547207535393802e+00 2.303620686299720166e+00 2.464547207535393802e+00 4.718547963960847191e+00
1.335693306841647665e+00 1.706569004820134294e+00 9.255608032710667399e-02 1.706569004820134294e+00 5.243052003668825511e-01 2.538399734928521445e-01 9.255608032710667399e-02 2.538399734928521445e-01 5.442418709591093418e+00
-5.081262607911772200e+00 7.137232585558489495e-01 -1.548742832295219030e+00 7.137232585558489495e-01 -4.629850966260685041e+00 1.426208126652807273e+00 -1.548742832295219030e+00 1.426208126652807273e+00 -3.735791676975272591e+00
7.073243617306052000e-01 5.919656014658676302e-01 1.604458411634535953e+00 5.919656014658676302e-01 -5.156163555122790676e+00 9.349382244078656701e-01 1.604458411634535953e+00 9.349382244078656701e-01 -1.884524829225115106e+00
-4.663391273802939274e+00 -1.491737386202559801e+00 -3.703251241855678444e-01 -1.491737386202559801e+00 -9.902041145619572049e+00 3.481909256247203710e-01 -3.703251241855678444e-01 3.481909256247203710e-01 -1.022368640394249795e+01
-8.082364343796713868e+00 1.016222513753200080e-01 9.854443815791592565e-01 1.016222513753200080e-01 -2.620837341179904634e+00 -1.549312584123432979e+00 9.854443815791592565e-01 -1.549312584123432979e+00 -6.488543106921719428e+00
-2.190870442181568567e+00 3.339671805094426738e+00 1.805039810122499366e+00 3.339671805094426738e+00 -6.307446876230848432e+00 -3.346115182000184873e+00 1.805039810122499366e+00 -3.346115182000184873e+00 -1.819149506169985386e+00
-3.812420144837838643e-02 -3.299127170960744593e+00 -3.361362866985362352e+00 -3.299127170960744593e+00 2.419349702448012174e+00 -1.804265621849907353e+00 -3.361362866985362352e+00 -1.804265621849907353e+00 -3.458487939474325645e-01
8.433315835457410259e+00 5.489635050793504334e+00 2.324194339635262008e+00 5.489635050793504334e+00 -2.967710801148673472e+00 2.378316473284908472e+00 2.324194339635262008e+00 2.378316473284908472e+00 2.098684194335093789e+00
-2.256228398700550031e+00 -1.925302872978492674e+00 -4.047756673056132293e+00 -1.925302872978492674e+00 -3.797805099287825392e+00 1.810370095692751313e+00 -4.047756673056132293e+00 1.810370095692751313e+00 -2.823738147436233525e+00
1.169548385513183408e+00 1.078932842463772523e+00 1.494201427542097838e+00 1.078932842463772523e+00 -5.284998852052282814e-01 -1.020229192991271905e+00 1.494201427542097838e+00 -1.020229192991271905e+00 -3.118744856455340830e+00
-5.362498263888487493e+00 -2.381518271713954693e+00 -9.413424707984284767e-01 -2.381518271713954693e+00 3.547723593133161213e+00 -1.565270463031753989e+00 -9.413424707984284767e-01 -1.565270463031753989e+00 1.853491365912822708e+00
-1.115287254262561145e+00 -3.531918258702029689e+00 1.204354018944500115e+00 -3.531918258702029689e+00 1.753065027150740196e+00 -4.441979644883007339e-01 1.204354018944500115e+00 -4.441979644883007339e-01 -2.968153614049900302e+00
3.275392760369984918e-02 -1.342803992772596766e+00 -1.814891764438808286e+00 -1.342803992772596766e+00 -3.753023622025151607e+00 1.758734528619673165e+00 -1.814891764438808286e+00 1.758734528619673165e+00 3.792283990429679896e+00
-7.135421633016723497e+00 1.708082848527627817e+00 -1.135051221307346037e+00 1.708082848527627817e+00 -7.512078266649763414e+00 -1.097069102930452678e+00 -1.135051221307346037e+00 -1.097069102930452678e+00 -6.184628410476997740e-01
4.692885624372079012e-01 4.557852209044235825e-01 2.106908131601508583e+00 4.557852209044235825e-01 -3.686499827692492737e+00 1.931634758505967886e+00 2.106908131601508583e+00 1.931634758505967886e+00 3.618705754094384108e+00
-5.191569895521153555e+00 2.260297208734512175e-01 -2.232987034781146740e-01 2.260297208734512175e-01 -2.936097242715803857e-01 7.600269285584217993e-01 -2.232987034781146740e-01 7.600269285584217993e-01 -1.586337170558035803e+00
-8.906747353648026833e-01 3.240978325631826973e+00 2.286987692975429587e-01 3.240978325631826973e+00 -2.764838629537298420e+00 -1.969852608963126583e-01 2.286987692975429587e-01 -1.969852608963126583e-01 3.797990801734817956e-01
-3.760027583110867155e+00 -2.167014929143299629e+00 1.707435445749288516e-01 -2.167014929143299629e+00 -1.518986069293123187e+00 -1.506754061085015195e+00 1.707435445749288516e-01 -1.506754061085015195e+00 -1.959544779923526159e+00
-6.452690644134506215e+00 4.050104935565501663e+00 -9.629298083584436618e-02 4.050104935565501663e+00 -1.186318050156313042e+01 -1.412150356023385900e+00 -9.629298083584436618e-02 -1.412150356023385900e+00 -3.434923793002056858e+00
-2.445429912757430380e+00 -9.605209759725242824e-01 8.204111488437411115e-01 -9.605209759725242824e-01 -4.326332372816930061e+00 -1.860602709634570751e+00 8.204111488437411115e-01 -1.860602709634570751e+00 1.100601125103610300e+00
