5.558994105002812880e+00 -3.782708563921263062e-02 -4.460625534580783119e-02 -3.782708563921263062e-02 5.243180181977880494e+00 6.777125735829395148e-02 -4.460625534580783119e-02 6.777125735829395148e-02 4.427581340533560672e-01
6.095945318942804114e+00 2.647721453705043970e+00 1.018576155706500286e+00 2.647721453705043970e+00 1.086099105816035504e+01 1.149517489836601181e-01 1.018576155706500286e+00 1.149517489836601181e-01 1.960654730537244816e+00
4.893334026320943053e+00 -3.837361546850905469e+00 1.454618744846454925e+00 -3.837361546850905469e+00 3.438684368478704401e-01 -1.159314624374627289e+00 1.454618744846454925e+00 -1.159314624374627289e+00 -1.165597690767644856e+00
7.084207803314963137e+00 4.945544308763911712e-01 1.577392277752674543e+00 4.945544308763911712e-01 -4.736260603238658107e-02 -3.717371400249069868e-01 1.577392277752674543e+00 -3.717371400249069868e-01 -7.131159750913542705e-01
4.765361372309523169e+00 1.373441547292012288e+00 -1.123647379467242136e+00 1.373441547292012288e+00 9.579810221208534537e-01 1.156253495470934839e-01 -1.123647379467242136e+00 1.156253495470934839e-01 1.314865272321993073e-01
8.090691993014571537e+00 -3.628900794676375718e-01 1.244746667312231381e+00 -3.628900794676375718e-01 7.196940937441290709e-01 2.444121756146448554e+00 1.244746667312231381e+00 2.444121756146448554e+00 -3.750952291925205184e+00
5.570556166301398271e+00 -3.318045876494335467e-02 -5.144674417537725697e-02 -3.318045876494335467e-02 5.284931691487443572e+00 5.023398818766475898e-02 -5.144674417537725697e-02 5.023398818766475898e-02 2.119325154707039083e-01
6.109887424146501544e+00 -4.917445895839125392e+00 -2.282696974658400713e+00 -4.917445895839125392e+00 6.479240956478147240e+00 1.809661697652742651e+00 -2.282696974658400713e+00 1.809661697652742651e+00 -5.110807276428349644e-01
-1.291606170168491197e+01 -5.050129385937693893e-01 3.608854267894246792e+00 -5.050129385937693893e-01 -1.084646514449972621e+01 -1.367591061525342377e+00 3.608854267894246792e+00 -1.367591061525342377e+00 1.779734373761824529e+00
5.741956741486136551e+00 2.950131138648967241e-03 9.722487609358145683e-03 2.950131138648967241e-03 5.283351020761886119e+00 1.734241062428887314e-01 9.722487609358145683e-03 1.734241062428887314e-01 6.860792272509785850e-01
3.799755867730290948e+00 -2.329695970203854660e+00 3.111813423201136852e-01 -2.329695970203854660e+00 -8.740863678083389265e-01 1.100077380671995453e+00 3.111813423201136852e-01 1.100077380671995453e+00 2.709128812135991549e+00
-2.208076721485276117e+00 1.833373172999271272e+00 8.201342727906521524e-02 1.833373172999271272e+00 -2.425423276519274030e+00 -9.376837168207955431e-01 8.201342727906521524e-02 -9.376837168207955431e-01 -2.209573717338706889e+00
4.877727418002419491e+00 5.766776243133067137e-01 -1.149873294118251454e+00 5.766776243133067137e-01 -3.833463184633383314e+00 -4.241772202510413758e-01 -1.149873294118251454e+00 -4.241772202510413758e-01 -2.603850064472315040e+00
-9.357629283691057509e+00 1.792581348033186694e+00 -3.530191618489507022e+00 1.792581348033186694e+00 -8.093270525991997033e+00 5.363975303488287549e-01 -3.530191618489507022e+00 5.363975303488287549e-01 3.861456489818395621e+00
5.626867560899396992e+00 -1.137810392966230079e-02 -1.678099998728038722e-02 -1.137810392966230079e-02 5.383015035302664231e+00 3.080263944072051535e-02 -1.678099998728038722e-02 3.080263944072051535e-02 8.223098787920550823e-01
-5.254338084847876011e+00 -8.733045408203983229e-01 -2.326800705300367533e-01 -8.733045408203983229e-01 -4.904346304779541033e-01 -4.358015828168603223e-01 -2.326800705300367533e-01 -4.358015828168603223e-01 9.728387700747895828e-01
1.134693931814031442e+00 -5.187004671802647238e+00 -7.010742517234278548e-01 -5.187004671802647238e+00 -1.308086691044814343e+00 2.858559500496697492e+00 -7.010742517234278548e-01 2.858559500496697492e+00 4.075906893982833568e-01
4.321564358199498024e+00 2.181581450540122535e+00 1.570647444004049098e-01 2.181581450540122535e+00 2.917760883534822103e+00 2.127078363410016548e-01 1.570647444004049098e-01 2.127078363410016548e-01 -1.097987490332204219e+00
-8.938318932791488799e-03 4.117947483703779388e-01 -6.884438991662529539e-02 4.117947483703779388e-01 -5.824868951649555981e+00 -8.982936165401096684e-02 -6.884438991662529539e-02 -8.982936165401096684e-02 -3.441974101051911372e+00
-4.493589574095383732e+00 -6.278815631428947830e-01 1.660289928597138642e+00 -6.278815631428947830e-01 -3.001691148311778523e+00 -2.342456000571182806e-01 1.660289928597138642e+00 -2.342456000571182806e-01 3.438466250058057394e+00
-3.048862957813866181e+00 1.360926295469167435e+00 3.155242764633063302e-01 1.360926295469167435e+00 -3.007929460308945036e+00 -1.752917731609077823e+00 3.155242764633063302e-01 -1.752917731609077823e+00 -7.222485684128413297e+00
7.374071363993104811e+00 1.829335702468374736e+00 8.263571015587727331e-01 1.829335702468374736e+00 3.269099416879748254e+00 -8.663626720011804311e-03 8.263571015587727331e-01 -8.663626720011804311e-03 1.026494159149633711e+00
1.444755759234534587e+00 1.329458319324330562e+00 7.678007402352436950e-01 1.329458319324330562e+00 5.078592233156178359e-01 1.692109253849455763e+00 7.678007402352436950e-01 1.692109253849455763e+00 5.361658808616185823e+00
5.602823651457613963e+00 -3.540157366378761383e-02 -4.855793215970252014e-02 -3.540157366378761383e-02 5.337345915158635989e+00 2.454127566146323963e-02 -4.855793215970252014e-02 2.454127566146323963e-02 5.223844218533340023e-01
-1.914692343762289140e+00 -2.784816524804329507e+00 -8.917358824030940934e-02 -2.784816524804329507e+00 8.837619904265121562e+00 -9.837998604072646369e-01 -8.917358824030940934e-02 -9.837998604072646369e-01 2.556958763554606939e+00
-1.582233914636345995e+00 -5.382351176849070384e+00 1.406407732509515229e+00 -5.382351176849070384e+00 8.141057922683893056e-01 1.315864464244573151e+00 1.406407732509515229e+00 1.315864464244573151e+00 3.190055806885184086e+00
2.437355352003900411e+00 5.822865925700310141e-01 9.512690944516052349e-01 5.822865925700310141e-01 3.924933832198695960e+00 5.899304269224316943e-01 9.512690944516052349e-01 5.899304269224316943e-01 -1.499226952863294826e-01
-9.326076818004437330e-01 -3.594640264923399275e+00 -8.706184658302931201e-01 -3.594640264923399275e+00 -4.158385375011153684e+00 9.918833232334692829e-01 -8.706184658302931201e-01 9.918833232334692829e-01 4.012323234999602306e+00
8.084937757100569833e-01 2.253471745385111191e+00 6.845624981114190044e-01 2.253471745385111191e+00 -6.778074044891180705e+00 1.162109423042598788e+00 6.845624981114190044e-01 1.162109423042598788e+00 1.493295986157256783e+00
3.158006014632454228e+00 7.585683726470401345e-01 7.106811170345600503e-01 7.585683726470401345e-01 -4.729940465052427712e+00 2.100105659769926358e+00 7.106811170345600503e-01 2.100105659769926358e+00 -3.016102710394408692e+00
7.113719710997126189e-01 1.219576484290613161e-01 1.538713806179166088e+00 1.219576484290613161e-01 -2.415564960937645278e+00 1.360378269844697119e+00 1.538713806179166088e+00 1.360378269844697119e+00 1.940042161579809687e-01
2.334664907509170551e+00 8.270726505301559950e-01 1.931331889226855780e-01 8.270726505301559950e-01 -8.409647553796514075e+00 -3.357843947696568798e-01 1.931331889226855780e-01 -3.357843947696568798e-01 -3.589285384403869905e+00
5.578588971411021724e+00 1.423284976590691309e-02 3.246506899691069259e-02 1.423284976590691309e-02 5.170619219791710464e+00 1.647440437240924593e-01 3.246506899691069259e-02 1.647440437240924593e-01 8.779876424526541490e-01
5.544556858160324175e+00 -2.822723627580294228e-02 -2.779800241498334504e-02 -2.822723627580294228e-02 5.396225899685667571e+00 -2.206125779895001457e-02 -2.779800241498334504e-02 -2.206125779895001457e-02 6.473459812389246171e-01
-5.477364335947518814e-01 -3.983984037227811914e+00 -1.504668731371453294e+00 -3.983984037227811914e+00 -4.254647187552040855e-01 1.962207681523372882e+00 -1.504668731371453294e+00 1.962207681523372882e+00 1.454448167737066866e+00
2.847255209852333824e+00 4.756495347264568796e-01 4.677475786579434192e-01 4.756495347264568796e-01 -1.497918435995498232e+00 1.211036987626217920e+00 4.677475786579434192e-01 1.211036987626217920e+00 -2.176872234138237605e+00
-4.040775461075788222e+00 7.468595751481792444e-01 -8.869713155677716454e-01 7.468595751481792444e-01 -6.394834453385750628e+00 7.042476771796415402e-01 -8.869713155677716454e-01 7.042476771796415402e-01 -4.730975767589494785e-01
-1.266539563900604115e+01 -1.819243675173356500e+00 3.782623829496051915e+00 -1.819243675173356500e+00 -1.468234559736074374e+01 -3.316219863887834851e+00 3.782623829496051915e+00 -3.316219863887834851e+00 -1.239062922074652073e+00
4.276662258428624241e+00 1.415608191348230127e+00 1.700382904139329243e-01 1.415608191348230127e+00 4.055058607707335838e+00 -3.390123364226070857e-01 1.700382904139329243e-01 -3.390123364226070857e-01 -5.536168323326674523e-01
3.939236385508583904e+00 -1.630656685049937993e+00 -1.654914787859769199e+00 -1.630656685049937993e+00 1.414527685377664268e+00 1.375318096606832796e+00 -1.654914787859769199e+00 1.375318096606832796e+00 6.774202082568077543e+00
-6.996189961889146325e+00 -3.216749688118704764e+00 -1.731346728427251236e+00 -3.216749688118704764e+00 2.117706106633960417e+00 -1.671350827463601307e+00 -1.731346728427251236e+00 -1.671350827463601307e+00 1.242389025573001460e+00
5.556991013652321065e+00 5.759228294457210268e-02 6.715806612855167168e-02 5.759228294457210268e-02 5.333012697135123936e+00 -1.669242792076205614e-02 6.715806612855167168e-02 -1.669242792076205614e-02 6.830609637534694745e-01
3.160308021590846561e+00 1.993389346307597121e+00 2.685327159377671080e+00 1.993389346307597121e+00 1.873082547745354765e+00 1.610858779885793179e+00 2.685327159377671080e+00 1.610858779885793179e+00 7.560963482347807796e-01
5.613057131758423246e+00 9.365474048930418072e-02 1.462461082935337109e-01 9.365474048930418072e-02 5.254817188871211187e+00 1.066543945598405208e-01 1.462461082935337109e-01 1.066543945598405208e-01 4.678921612369034699e-01
-4.187031024930006673e+00 -2.662380101908593311e+00 -1.014470090751230291e+00 -2.662380101908593311e+00 -7.559809729865313521e+00 -2.267836134184666008e+00 -1.014470090751230291e+00 -2.267836134184666008e+00 -2.584486131948986021e+00
4.442868661202796332e+00 -2.176796228813698164e+00 -2.582385699711346128e+00 -2.176796228813698164e+00 3.236269907112750754e+00 5.693202216538463256e-01 -2.582385699711346128e+00 5.693202216538463256e-01 -2.424202719784411375e+00
-3.294073495911511995e-01 -1.723781514105911405e+00 -3.421101152775082532e+00 -1.723781514105911405e+00 4.129886710202319122e+00 -8.675796416917141984e-01 -3.421101152775082532e+00 -8.675796416917141984e-01 4.382678672959514188e+00
-1.070119917381807007e+00 -2.340766278675781464e+00 3.932919160504829925e+00 -2.340766278675781464e+00 2.630325646660922168e+00 5.397275867096837931e-01 3.932919160504829925e+00 5.397275867096837931e-01 1.456837059508267584e+00
-1.423824782440560988e+00 -8.502489704165910878e-01 -7.375864837854406719e-01 -8.502489704165910878e-01 -5.199543510559180071e+00 -2.251442689544839837e+00 -7.375864837854406719e-01 -2.251442689544839837e+00 6.116175890332246068e-01
-1.554503094702317512e+00 -2.017160353809052342e+00 -1.541230556514338712e+00 -2.017160353809052342e+00 -2.420145842697714489e+00 2.630999630252273125e+00 -1.541230556514338712e+00 2.630999630252273125e+00 -1.283306102644882651e+00
6.055900826533992642e+00 -2.009995537869329052e+00 8.302832745738943920e-01 -2.009995537869329052e+00 3.105666777495404762e+00 1.914115952848779667e+00 8.302832745738943920e-01 1.914115952848779667e+00 -6.337271224760989696e-01
3.844789195505486479e+00 2.373579076818231881e-01 -2.819625492989634274e+00 2.373579076818231881e-01 4.242338706231147505e+00 7.990736773797836312e-01 -2.819625492989634274e+00 7.990736773797836312e-01 -5.256387104163950941e-01
5.578691169949311579e+00 -8.442961909962588829e-02 -1.169628204553968265e-01 -8.442961909962588829e-02 5.285592575368387891e+00 4.752232030502667737e-02 -1.169628204553968265e-01 4.752232030502667737e-02 4.339554332886113031e-01
-1.051873868358718322e+00 -2.360886675812255309e+00 1.261128374087923332e+00 -2.360886675812255309e+00 -2.843935914907310014e+00 -2.297095373819648123e-01 1.261128374087923332e+00 -2.297095373819648123e-01 -2.315607879583187145e+00
3.304000997058826439e+00 1.394047656983186556e+00 -4.584919438037957096e-01 1.394047656983186556e+00 -1.733739122611672068e+00 5.415977471594816128e-01 -4.584919438037957096e-01 5.415977471594816128e-01 2.680193319002030616e+00
8.799567581933073868e+00 9.072631174087693040e-01 9.616614202973280401e-01 9.072631174087693040e-01 -2.132925602440604251e+00 1.139070999631317527e+00 9.616614202973280401e-01 1.139070999631317527e+00 2.730034323981287425e+00
-1.235000543067956258e+01 2.378750001765949307e+00 1.385483335576800368e+00 2.378750001765949307e+00 -1.315225927644772241e+01 -1.037861282980647309e-01 1.385483335576800368e+00 -1.037861282980647309e-01 -1.128224888762642486e+00
3.075883778352477282e+00 1.305418587856601587e+00 3.220050817828719936e+00 1.305418587856601587e+00 -2.097010474082627862e+00 2.496493329476756617e+00 3.220050817828719936e+00 2.496493329476756617e+00 5.552078120254614113e+00
1.344514673234616486e+00 2.558853340796398146e-01 2.485578919425586453e-01 2.558853340796398146e-01 -5.658772179580447315e+00 2.250025183202353229e+00 2.485578919425586453e-01 2.250025183202353229e+00 -8.458228543944285027e-01
-2.877881367683224334e-01 7.801225162734435337e-01 3.746121938226246728e-01 7.801225162734435337e-01 -7.794534250304222311e+00 4.648132679997223904e-01 3.746121938226246728e-01 4.648132679997223904e-01 -5.324656516779302073e+00
5.574112675433902986e+00 5.661117697698445778e-02 7.229524598661477008e-02 5.661117697698445778e-02 5.427478212694865967e+00 -6.772356470709177401e-02 7.229524598661477008e-02 -6.772356470709177401e-02 9.861613886150781827e-01
-9.915306629679122574e-01 -2.410543302669333254e+00 4.652740696387014374e-01 -2.410543302669333254e+00 -2.608243613585722986e+00 -2.025582151633071870e+00 4.652740696387014374e-01 -2.025582151633071870e+00 -3.770968000621270022e+00
5.506156283393780493e-01 -5.246844105347039378e-01 1.996221721174807617e-01 -5.246844105347039378e-01 -4.679479159871505201e-01 -1.306125370096744391e-02 1.996221721174807617e-01 -1.306125370096744391e-02 -4.144970115621487317e+00
-6.137161588780925214e+00 2.320790469839686399e+00 -6.020379482588060771e-01 2.320790469839686399e+00 -7.039348028620030284e+00 2.400187641292112151e+00 -6.020379482588060771e-01 2.400187641292112151e+00 -3.931542068837078130e+00
-1.236228108683327422e-02 -8.728293555651461810e-01 2.093394984912572809e+00 -8.728293555651461810e-01 -3.855700849914618367e+00 4.938865917661590998e+00 2.093394984912572809e+00 4.938865917661590998e+00 -3.991178219062235577e+00
1.118063862410669351e+00 1.457818586687898543e+00 -8.481411787932681134e-01 1.457818586687898543e+00 -2.251818854045341656e+00 3.170995545549326611e+00 -8.481411787932681134e-01 3.170995545549326611e+00 -3.050793983574928703e+00
7.137375648509316939e+00 -5.765295428430620150e-01 -1.100647309064027635e+00 -5.765295428430620150e-01 4.665652205756984472e+00 -2.000048112279887991e-01 -1.100647309064027635e+00 -2.000048112279887991e-01 8.279267147395442672e-01
5.675847913684032520e+00 3.699587086111753853e-03 6.063779938562542833e-03 3.699587086111753853e-03 5.466306844009324095e+00 -1.519351602583648465e-02 6.063779938562542833e-03 -1.519351602583648465e-02 3.843823289818909528e-01
-1.535399926236040891e+01 -7.502283945820805711e-01 -4.462643900653235352e-01 -7.502283945820805711e-01 -1.808665032442216969e+01 9.968189193972628592e-01 -4.462643900653235352e-01 9.968189193972628592e-01 -1.776151146978203643e+00
3.239985246029590371e+00 -9.085116873211199762e-01 -3.985387682437410706e-01 -9.085116873211199762e-01 -3.397824382945595634e-01 -1.003536972891796664e+00 -3.985387682437410706e-01 -1.003536972891796664e+00 3.838057681398016285e+00
6.216153513463448022e+00 1.512797270030777685e+00 7.378491408734078050e-01 1.512797270030777685e+00 9.402804103468351826e-01 1.957900830972899131e+00 7.378491408734078050e-01 1.957900830972899131e+00 1.858704527657962791e-01
1.615856852178139791e+00 2.744100042688460306e+00 3.953626377219592314e-01 2.744100042688460306e+00 -4.317053584905549135e-01 -1.537788164491294740e+00 3.953626377219592314e-01 -1.537788164491294740e+00 -2.379557457383006280e+00
2.924032090419903973e+00 -1.769926803084675981e-01 -1.308626494727318956e+00 -1.769926803084675981e-01 7.904585020831258468e-01 -1.810189154353141205e+00 -1.308626494727318956e+00 -1.810189154353141205e+00 1.768887526331092364e+00
5.617547054207315149e+00 -6.766224558411754186e-02 -1.005429219700757909e-01 -6.766224558411754186e-02 5.246688998459183573e+00 1.061025224530724592e-01 -1.005429219700757909e-01 1.061025224530724592e-01 5.705131201522170015e-01
6.367056292169852583e+00 -5.938862741900021586e-02 6.322414293981065692e-02 -5.938862741900021586e-02 3.077444437068317828e+00 1.139070780738746125e+00 6.322414293981065692e-02 1.139070780738746125e+00 4.552996642922032322e+00
3.326574233332143748e+00 3.212317149632556657e+00 3.040167546554724542e-01 3.212317149632556657e+00 1.088089207189095742e+00 -9.356486809563766549e-01 3.040167546554724542e-01 -9.356486809563766549e-01 2.271860812108245309e+00
4.407235848369660758e+00 2.506497057065337764e+00 1.694590650112128394e+00 2.506497057065337764e+00 -3.308263769657773246e+00 1.550542366947378126e+00 1.694590650112128394e+00 1.550542366947378126e+00 -3.739631601602372957e+00
-5.725242793068645586e-01 5.548887001171434186e-01 2.481637389458476672e+00 5.548887001171434186e-01 -1.301348503897455045e+00 2.403310136081751938e-02 2.481637389458476672e+00 2.403310136081751938e-02 9.159787255982910770e-01
-9.392904359148156468e-01 2.084635869509790851e+00 -1.482258455449380508e+00 2.084635869509790851e+00 3.623735547257887379e+00 -2.924049642163764506e+00 -1.482258455449380508e+00 -2.924049642163764506e+00 4.271582970172038252e+00
3.551045923507441859e+00 -2.982139433181934862e+00 2.010311228965321051e-01 -2.982139433181934862e+00 -2.432839558843015837e+00 5.832642118561941480e-01 2.010311228965321051e-01 5.832642118561941480e-01 -9.309037098696574253e-01
-1.664045628246700215e+00 -4.059344475705958466e+00 -9.295713384333017526e-01 -4.059344475705958466e+00 -4.638575641282731699e-01 3.306066308849882063e+00 -9.295713384333017526e-01 3.306066308849882063e+00 -5.811263717656455219e-01
5.520671707919832194e+00 3.095361302039252749e+00 2.858190379014832416e+00 3.095361302039252749e+00 1.084114547844105880e+00 5.542327773477858655e-01 2.858190379014832416e+00 5.542327773477858655e-01 -1.831586682832811563e+00
-1.108338708180341392e+01 -1.713820455139442034e+00 4.312094835570102758e-01 -1.713820455139442034e+00 -5.593083505013684231e+00 -2.121860944072678556e+00 4.312094835570102758e-01 -2.121860944072678556e+00 2.149999223403318727e+00
-2.505713115375166833e+00 -2.980042358227670274e+00 -2.286032014554480796e+00 -2.980042358227670274e+00 -2.375587125096085828e+00 1.265039970852243734e+00 -2.286032014554480796e+00 1.265039970852243734e+00 1.618317189603148076e+00
5.593482705057873261e+00 -6.285891428446968576e-02 -8.222213067255366992e-02 -6.285891428446968576e-02 5.287834129974890551e+00 5.491468124136415774e-02 -8.222213067255366992e-02 5.491468124136415774e-02 2.072245694734603794e-01
5.847424113709918103e+00 1.532082757223076186e+00 8.707261257438368984e-01 1.532082757223076186e+00 -6.055320048783884301e-01 1.227203360681529576e+00 8.707261257438368984e-01 1.227203360681529576e+00 1.494382908666986198e+00
2.486190013243496200e+00 -2.871152110176163674e+00 -2.046527676236028770e-01 -2.871152110176163674e+00 3.816639044437822204e+00 -8.913971879376930696e-01 -2.046527676236028770e-01 -8.913971879376930696e-01 -1.827963282265277600e+00
5.574112675433902986e+00 5.661117697698445778e-02 7.229524598661477008e-02 5.661117697698445778e-02 5.427478212694865967e+00 -6.772356470709177401e-02 7.229524598661477008e-02 -6.772356470709177401e-02 9.861613886150781827e-01
3.716193314989178820e+00 -1.021758695791300742e+00 1.480982823217781297e+00 -1.021758695791300742e+00 -1.154433851862157923e+01 4.060911165211406271e+00 1.480982823217781297e+00 4.060911165211406271e+00 1.188879408352298661e+00
-2.554184881055792999e+00 -2.556137858501841276e+00 -1.321935501926289724e+00 -2.556137858501841276e+00 1.659070218283581921e+00 -3.045215807948244979e-01 -1.321935501926289724e+00 -3.045215807948244979e-01 -2.946352278941572589e+00
7.205096601634992659e-01 8.895971348377158527e-01 4.580945298361920326e-01 8.895971348377158527e-01 -4.771553569770857095e+00 1.871529748091576018e+00 4.580945298361920326e-01 1.871529748091576018e+00 -2.533674188570573804e-01
2.199442013768156290e+00 3.290893457928790733e-01 4.269003021932930020e-01 3.290893457928790733e-01 -2.713678749452038200e-02 2.012693815085644378e+00 4.269003021932930020e-01 2.012693815085644378e+00 -5.486910664426651429e+00
-5.898074532773198264e+00 7.146432548429227927e-01 -4.101018868481536850e-01 7.146432548429227927e-01 -9.991966405966182796e-01 1.177557796550898761e+00 -4.101018868481536850e-01 1.177557796550898761e+00 2.904291074376092130e+00
5.623488195899928321e+00 -8.339400724495002470e-03 -2.300148435122151280e-02 -8.339400724495002470e-03 5.351953492898275044e+00 5.580721514243346809e-02 -2.300148435122151280e-02 5.580721514243346809e-02 7.028193478229428637e-01
4.533448974048066127e+00 2.170463294699910062e+00 9.555297394831856472e-01 2.170463294699910062e+00 4.356575201809885556e+00 1.363697085325894613e-02 9.555297394831856472e-01 1.363697085325894613e-02 8.191298939984341665e-01
5.494478935600985992e+00 2.129428854304219687e+00 -6.861371539074647696e-01 2.129428854304219687e+00 6.540640050097592528e+00 -1.517957195081064137e-01 -6.861371539074647696e-01 -1.517957195081064137e-01 -1.001268353913146392e+00
-3.725980897710149620e+00 -4.035660079499336028e+00 -2.420029508420862285e-01 -4.035660079499336028e+00 -1.874808224760500908e+00 1.280177714797414490e+00 -2.420029508420862285e-01 1.280177714797414490e+00 -3.497689820583307213e-02
-3.862195474054604949e-01 -8.866044256097259657e-01 -1.404625041736828228e+00 -8.866044256097259657e-01 1.437398251089460899e-01 -2.337529116465246304e+00 -1.404625041736828228e+00 -2.337529116465246304e+00 -2.655205881926124167e+00
1.876174877861140677e+00 -4.941625174975812662e+00 1.238238169484913831e+00 -4.941625174975812662e+00 -4.362469456465824180e+00 2.202239980894071358e+00 1.238238169484913831e+00 2.202239980894071358e+00 1.973875594423844415e+00
-8.846188121287433148e+00 -3.502771560803171202e-01 -1.920116142898006251e+00 -3.502771560803171202e-01 -8.262820333036335896e+00 -1.978520132663719400e+00 -1.920116142898006251e+00 -1.978520132663719400e+00 -5.065696318673729159e-01
