-1.847521892149861511e+00 -2.875609444280438964e+00 -3.974102712859482051e-02 -2.875609444280438964e+00 1.056936241335207782e+01 -7.382241920663092039e+00 -3.974102712859482051e-02 -7.382241920663092039e+00 1.904199556093444823e+00
4.086915067525974443e+00 2.193031159802478314e+00 -5.158155482081286713e+00 2.193031159802478314e+00 -5.726516286664410593e+00 -7.002025575695473236e+00 -5.158155482081286713e+00 -7.002025575695473236e+00 7.872399416054579047e-02
-1.122736328481463319e+00 2.004730706552603881e+00 2.521142846668350312e+00 2.004730706552603881e+00 -8.894695220435799854e+00 7.574921057450536566e-01 2.521142846668350312e+00 7.574921057450536566e-01 -9.011585890793634590e+00
4.654171793667518209e+00 -6.408616919608922657e-01 2.725300105863392108e+00 -6.408616919608922657e-01 -9.440445265247024764e+00 2.810985218284203668e+00 2.725300105863392108e+00 2.810985218284203668e+00 2.424528381616227468e-01
-1.304429628173928890e+01 3.382907658082225377e-01 -4.958562067396167450e+00 3.382907658082225377e-01 -3.903798223299803194e+00 -2.058511211368637461e+00 -4.958562067396167450e+00 -2.058511211368637461e+00 1.148066666646482270e+00
7.873678519287374833e+00 -8.580394299056296248e+00 5.015540750095939693e+00 -8.580394299056296248e+00 8.103558611744027251e-01 7.681807399416653581e-01 5.015540750095939693e+00 7.681807399416653581e-01 1.335302004777872531e+00
-9.928368427760595694e+00 -4.891610619841483931e+00 -2.492908016153345230e+00 -4.891610619841483931e+00 -5.358126233404794547e+00 -6.582666457507403424e-01 -2.492908016153345230e+00 -6.582666457507403424e-01 -4.666529813942265292e+00
-1.230775473104927187e+01 1.392993833483991306e+00 -2.291350416885837571e-01 1.392993833483991306e+00 -9.267963097799373884e+00 -1.127012749682351211e+00 -2.291350416885837571e-01 -1.127012749682351211e+00 -4.355741254651221972e+00
-2.601824731330382168e+00 1.683370910768255291e+00 -1.799990405498815171e+00 1.683370910768255291e+00 2.499290902247400581e+00 -2.617189559856198944e+00 -1.799990405498815171e+00 -2.617189559856198944e+00 -7.253894698698662324e+00
-1.492618512830954591e+00 2.762064161203261481e+00 -5.163731832861885529e+00 2.762064161203261481e+00 -9.296581258559475813e+00 -1.065892103831060034e+00 -5.163731832861885529e+00 -1.065892103831060034e+00 -3.102382471894377658e-01
4.093138625687123167e+00 7.929026868139573914e+00 5.912180481169971635e+00 7.929026868139573914e+00 -9.983079762604317509e+00 -6.939315648716453122e-01 5.912180481169971635e+00 -6.939315648716453122e-01 -5.806933177094835585e+00
2.893889093483335451e+00 8.975447424203073510e-01 1.970979916898452089e+00 8.975447424203073510e-01 -2.372110274095680982e+00 -4.112533644754774897e+00 1.970979916898452089e+00 -4.112533644754774897e+00 5.233778233154533943e+00
-5.919395288997432836e+00 1.967005180157873401e+00 1.989527041603400992e+00 1.967005180157873401e+00 -4.088026755699781134e+00 1.153831187791114488e+00 1.989527041603400992e+00 1.153831187791114488e+00 -4.541918085555219697e+00
-5.899963095515763811e+00 1.247269976699023619e+00 -4.166952229259816676e+00 1.247269976699023619e+00 2.578929101502532184e+00 -3.593598428203701012e+00 -4.166952229259816676e+00 -3.593598428203701012e+00 -4.208249046417330774e+00
-7.457139273775789334e+00 -4.237159631928587800e+00 -1.621064074081432382e+00 -4.237159631928587800e+00 -4.519461738918368887e+00 -1.851740205214239543e+00 -1.621064074081432382e+00 -1.851740205214239543e+00 -5.522791885742088347e+00
-7.499587100177339538e-01 -5.754228904433129621e+00 -3.301529224291746556e-01 -5.754228904433129621e+00 -2.183134082112157870e+00 3.299637634946547493e+00 -3.301529224291746556e-01 3.299637634946547493e+00 3.308093321646353946e+00
9.638723034642771026e-01 -2.229417406324791795e+00 1.148167266763922223e+00 -2.229417406324791795e+00 1.305693687005656400e+01 5.442040234796245018e-02 1.148167266763922223e+00 5.442040234796245018e-02 3.679062872165610454e+00
-3.206880998061926835e+00 6.154203549230793158e+00 -3.650747376388718823e+00 6.154203549230793158e+00 -8.467730142034124441e+00 1.879491682128226371e+00 -3.650747376388718823e+00 1.879491682128226371e+00 -3.848210992343312320e+00
4.751573173877579603e-01 4.041519662791486223e-01 3.655372657470500330e-01 4.041519662791486223e-01 -7.548209728958748421e+00 -1.374829572128159594e+00 3.655372657470500330e-01 -1.374829572128159594e+00 -2.877439529614726599e+00
5.090293035391302290e+00 -1.709032495497557980e+00 5.483329555559548041e+00 -1.709032495497557980e+00 5.361871269226968550e+00 1.451791088410568475e+00 5.483329555559548041e+00 1.451791088410568475e+00 7.463718426846055465e+00
-3.529360567769137980e+00 -5.270810137511969806e+00 2.574760905733580074e+00 -5.270810137511969806e+00 -4.424310587815813989e+00 -2.494874922714761745e+00 2.574760905733580074e+00 -2.494874922714761745e+00 9.527079100696183023e-01
-6.628993673031409184e-01 -1.556162069290847771e+00 2.137267656219664413e+00 -1.556162069290847771e+00 -2.663179720826812868e+00 5.380727577562459452e+00 2.137267656219664413e+00 5.380727577562459452e+00 -3.623902663531812340e+00
3.185503928954120045e+00 -6.296766021650022083e+00 -2.631044379785147380e-01 -6.296766021650022083e+00 1.479450438398717260e+00 2.039879363563712023e+00 -2.631044379785147380e-01 2.039879363563712023e+00 1.227357640535941385e+01
-3.133362517542036318e+00 -3.510702833225225472e-01 -3.953492946161945909e+00 -3.510702833225225472e-01 1.480466186124267169e+00 4.640190155478386425e-01 -3.953492946161945909e+00 4.640190155478386425e-01 8.377939726257768172e+00
1.992258436177842262e-01 1.314587036553318988e+01 -4.674305171157188354e+00 1.314587036553318988e+01 2.399608164967955926e+00 -3.695817597538893384e+00 -4.674305171157188354e+00 -3.695817597538893384e+00 -6.926424436392598416e+00
4.113197503240010100e+00 -4.000726230711415532e+00 1.760420326603845176e+00 -4.000726230711415532e+00 -7.817707702558093219e-01 -1.165600258866727357e+00 1.760420326603845176e+00 -1.165600258866727357e+00 5.240006784053324651e+00
-7.147473594101670713e+00 4.369467193213452116e-01 5.918765950740687565e+00 4.369467193213452116e-01 6.072348963557351320e-01 5.326102718046635154e+00 5.918765950740687565e+00 5.326102718046635154e+00 2.139291486123927388e+00
7.341518532595859625e+00 3.094406590187702921e+00 2.291080759252384969e+00 3.094406590187702921e+00 2.649430750204604834e+00 -1.144241688749248614e-01 2.291080759252384969e+00 -1.144241688749248614e-01 4.199687552628637022e+00
-9.634610291355137690e+00 -2.387348519171330619e+00 1.388316679232318940e+00 -2.387348519171330619e+00 -5.966865509640771670e+00 -2.170743053878370965e+00 1.388316679232318940e+00 -2.170743053878370965e+00 -3.941342153819559213e-01
-3.694843589078567803e+00 -7.519402461799190585e-01 -2.249488123961654651e+00 -7.519402461799190585e-01 -2.344489497363669628e+00 1.084724611887923684e+00 -2.249488123961654651e+00 1.084724611887923684e+00 -6.066997253006078061e+00
-4.951974940024911120e+00 2.818949670010217012e+00 3.685323545203623929e+00 2.818949670010217012e+00 -5.978791541191333714e+00 1.279051951173748813e+00 3.685323545203623929e+00 1.279051951173748813e+00 4.490459145243705485e+00
2.868796152137558231e+00 5.735597134048888712e-01 -2.824104339070064196e+00 5.735597134048888712e-01 7.462675598026197177e-01 -5.533589843403040831e+00 -2.824104339070064196e+00 -5.533589843403040831e+00 5.879123768508205394e+00
-2.344187605218735371e+00 5.917840793051175607e-01 2.080568190352799274e+00 5.917840793051175607e-01 -2.098711157039773845e+00 1.690190852191286286e+00 2.080568190352799274e+00 1.690190852191286286e+00 -5.889472836332795502e+00
-5.095615651346094843e-01 2.062273273037484034e-01 -4.172451081741901935e-01 2.062273273037484034e-01 9.988605309275458768e-03 1.130533451800430189e+00 -4.172451081741901935e-01 1.130533451800430189e+00 2.087088502009915469e+00
2.088328407617548732e-01 -6.986879920440701719e-01 -1.139433837094611990e+00 -6.986879920440701719e-01 8.093352313032227130e-01 -2.198210892948153639e+00 -1.139433837094611990e+00 -2.198210892948153639e+00 -8.394780899243315275e+00
1.136111839093874210e+01 -2.017360393903494253e-01 3.137216522619008074e+00 -2.017360393903494253e-01 -2.208047263873054611e+00 9.927526671788893253e-01 3.137216522619008074e+00 9.927526671788893253e-01 -4.898596044230319357e+00
-2.686623840606930269e+00 -4.968335666958727970e+00 -3.441654312959234296e+00 -4.968335666958727970e+00 -5.522419173128273684e+00 -5.314527824079135598e+00 -3.441654312959234296e+00 -5.314527824079135598e+00 -7.478569388239360904e+00
-1.508763132180940225e+01 -7.181816992109784081e+00 2.661895572767566165e+00 -7.181816992109784081e+00 -3.324709150495218868e+00 3.456102865395227486e-01 2.661895572767566165e+00 3.456102865395227486e-01 -4.654629167172712023e+00
-9.808701742451615857e+00 -3.286707753041981483e+00 -4.597182843115654727e+00 -3.286707753041981483e+00 -7.235531390528343820e+00 -2.828424250191979183e+00 -4.597182843115654727e+00 -2.828424250191979183e+00 2.788343783320646363e+00
3.596315983658640469e+00 1.392330330179260667e+00 2.741788432520459562e+00 1.392330330179260667e+00 1.105395999966573672e+00 4.848695661645225918e+00 2.741788432520459562e+00 4.848695661645225918e+00 3.161968477665493271e+00
8.022786443298272729e+00 2.600297148821622883e+00 9.690042878524614267e-02 2.600297148821622883e+00 4.182899482847440176e+00 -1.290702689083818855e-01 9.690042878524614267e-02 -1.290702689083818855e-01 3.788011491168605360e+00
3.336594563796973834e+00 -8.556408550106642252e-01 2.419442247638193599e+00 -8.556408550106642252e-01 -2.217313600960606923e+00 -8.050659057361282400e-01 2.419442247638193599e+00 -8.050659057361282400e-01 -3.132386439509621479e+00
-1.981029004948539507e+00 2.902500759271963715e-01 2.137881890992740619e+00 2.902500759271963715e-01 -3.094608009896625322e+00 1.249362840243619432e+00 2.137881890992740619e+00 1.249362840243619432e+00 -7.389684498232230503e+00
2.216273430710316905e+00 1.664958916569307279e+00 2.202578641231159207e+00 1.664958916569307279e+00 -3.834832564628547935e+00 -1.387868916577749356e+00 2.202578641231159207e+00 -1.387868916577749356e+00 2.723532650616518946e+00
3.188095201458629901e+00 5.222211331935307399e+00 -2.554432047681542084e+00 5.222211331935307399e+00 1.242467888678286414e+01 -2.019075892869034217e+00 -2.554432047681542084e+00 -2.019075892869034217e+00 -5.360542173665528765e+00
3.882709893734996420e+00 3.415480072189349237e+00 -3.902392774184610946e+00 3.415480072189349237e+00 -4.617147975936323867e+00 1.856049932964725757e+00 -3.902392774184610946e+00 1.856049932964725757e+00 -1.474151153227235334e+00
-6.175721854165716174e+00 -2.155310855585136132e+00 9.998888592302498379e-01 -2.155310855585136132e+00 -8.477586811168617231e+00 -1.785522643029478829e+00 9.998888592302498379e-01 -1.785522643029478829e+00 -4.488116869141772547e+00
-4.306952774220655922e-01 -2.647753371407800538e-01 2.300792397060831274e+00 -2.647753371407800538e-01 2.128598033688349211e+00 -1.336877503041167037e+00 2.300792397060831274e+00 -1.336877503041167037e+00 -1.004153620072738784e+00
3.344353473357327688e-01 -6.390258947014373803e+00 -9.669837985426465998e-01 -6.390258947014373803e+00 -2.430869283513525492e+00 9.994966019511773991e-01 -9.669837985426465998e-01 9.994966019511773991e-01 4.752171814939590178e+00
-9.209552290747650360e+00 -1.618139801232097330e+00 -2.329452098918028735e+00 -1.618139801232097330e+00 5.021180091778906229e-01 -1.999628470992186768e+00 -2.329452098918028735e+00 -1.999628470992186768e+00 -1.699593696015821331e+00
-6.995273514476253673e+00 9.202162683021437584e-01 1.007859974053626928e+00 9.202162683021437584e-01 -1.215305205844000902e+01 -2.473297985011526645e+00 1.007859974053626928e+00 -2.473297985011526645e+00 -6.558542720804034332e+00
8.026471690216139751e-03 6.280640052652336491e-01 -2.018820528961300820e+00 6.280640052652336491e-01 -4.200066042236790587e+00 4.659366816170469328e+00 -2.018820528961300820e+00 4.659366816170469328e+00 -2.607003928577545260e+00
-4.907131731496521709e+00 3.274087179128415848e+00 -3.665494723627975571e+00 3.274087179128415848e+00 -1.276555291371586698e+01 1.201902801991268310e+00 -3.665494723627975571e+00 1.201902801991268310e+00 -2.480235601355001318e+00
6.117477263482715699e-01 4.912248741797197837e+00 -4.915736521207269227e+00 4.912248741797197837e+00 7.302004936151618608e+00 1.353546968397288275e+00 -4.915736521207269227e+00 1.353546968397288275e+00 2.186335851351153270e+00
-6.891742776610904286e+00 2.304407558326542205e+00 -7.250685254113146128e-01 2.304407558326542205e+00 -8.138048967675244327e+00 1.967385592492893132e+00 -7.250685254113146128e-01 1.967385592492893132e+00 -2.866346877555173492e-02
-8.491738486820043619e+00 -3.330217090929958323e-01 -1.278436277182281033e+00 -3.330217090929958323e-01 -4.902772091758187401e+00 -1.273406009755370327e+00 -1.278436277182281033e+00 -1.273406009755370327e+00 -3.163644342712659263e+00
-3.047590037091275850e+00 -2.007607396884654172e+00 -6.524494782851271601e+00 -2.007607396884654172e+00 -2.734373996502222237e+00 -1.760402823163867314e+00 -6.524494782851271601e+00 -1.760402823163867314e+00 -1.423664284127378998e+00
-4.715496114972620667e+00 -5.881891777535982468e-01 -7.890174710942821079e-01 -5.881891777535982468e-01 -6.076463170025458993e+00 1.694577313868570911e+00 -7.890174710942821079e-01 1.694577313868570911e+00 -1.431139514275679536e+00
-7.138456824829633618e+00 -1.564172821923842882e+00 -1.693989081344069447e-01 -1.564172821923842882e+00 -5.780973215992834646e+00 4.447517606451952155e+00 -1.693989081344069447e-01 4.447517606451952155e+00 4.714617264872087432e+00
-7.036969478542225431e+00 -2.021162178301197709e+00 6.054379457781742246e-01 -2.021162178301197709e+00 -1.009187286857061494e+00 -4.173605647386395390e+00 6.054379457781742246e-01 -4.173605647386395390e+00 -1.118569643159203508e+01
-1.166172118271894398e+01 9.603229311400323098e+00 -2.646909181649190312e+00 9.603229311400323098e+00 -7.127580463326847138e+00 -3.553771124923839952e+00 -2.646909181649190312e+00 -3.553771124923839952e+00 5.961247797922860636e-01
-4.933602823856417352e+00 -6.593984628456761588e-02 2.281338239272982182e+00 -6.593984628456761588e-02 -1.134374564411150921e+01 -3.521080572333659120e+00 2.281338239272982182e+00 -3.521080572333659120e+00 -3.423079551531986287e+00
-1.145680600622223722e+01 2.951078204226256219e+00 -3.699439794138640103e+00 2.951078204226256219e+00 -1.008685142519134104e+01 -1.681022823911621833e+00 -3.699439794138640103e+00 -1.681022823911621833e+00 -9.021662991855690095e+00
-2.251769558106445857e+00 1.358830719346156624e+00 -4.382285959563425592e-01 1.358830719346156624e+00 -7.067056807016849795e+00 2.930221610233292306e+00 -4.382285959563425592e-01 2.930221610233292306e+00 -6.966356634768873235e+00
1.763153524577696918e-01 -8.029817518802548904e+00 2.461168907120540261e+00 -8.029817518802548904e+00 7.175587542192856105e+00 -7.694653920052014762e-01 2.461168907120540261e+00 -7.694653920052014762e-01 8.580689776056700246e-01
4.511693845291436133e+00 1.661278708159714679e+00 5.078976531479070466e+00 1.661278708159714679e+00 1.070248890950760234e+01 -2.691507637687595267e+00 5.078976531479070466e+00 -2.691507637687595267e+00 -2.843971979112145831e+00
-1.004705321833511000e+01 -3.988857504357382844e+00 -3.124881263294836842e+00 -3.988857504357382844e+00 -3.529569133635855671e+00 -3.619252934556507761e-01 -3.124881263294836842e+00 -3.619252934556507761e-01 1.116523733601083590e+00
-5.987998068660790096e+00 -3.993518085992392441e-01 -6.438597255901690630e+00 -3.993518085992392441e-01 -1.084429788239402281e+00 -1.423493525846928787e+00 -6.438597255901690630e+00 -1.423493525846928787e+00 1.909449626902517183e+00
-3.313466159207820283e+00 -3.051460968633468163e+00 4.311507098109654379e+00 -3.051460968633468163e+00 -4.274275849423237794e+00 -2.714736280241217270e-02 4.311507098109654379e+00 -2.714736280241217270e-02 1.698887915764207612e+00
4.729624393131427240e+00 2.119851683308577872e+00 9.358334444812507202e-01 2.119851683308577872e+00 3.341429968505316594e+00 1.018710195892372106e+00 9.358334444812507202e-01 1.018710195892372106e+00 -1.573435029819230557e+00
-6.476139931596088140e+00 -2.141738252060100489e+00 -2.807023148125082912e+00 -2.141738252060100489e+00 -3.718173077340491517e+00 7.754011696250534547e-02 -2.807023148125082912e+00 7.754011696250534547e-02 -1.126144437187402936e+01
2.370092630904351960e+00 -4.732547724690533641e+00 6.603651793412912419e+00 -4.732547724690533641e+00 2.747217054575251005e+00 -1.829476126874552896e-02 6.603651793412912419e+00 -1.829476126874552896e-02 -1.421271637508014773e+00
-8.361524654350464658e+00 9.093169519516475674e+00 1.219694556368678406e-01 9.093169519516475674e+00 -4.552495131845228471e+00 -2.569111754375253298e+00 1.219694556368678406e-01 -2.569111754375253298e+00 -1.327990905658905207e+00
1.630584902833565719e+00 -1.119939459257616177e+00 -4.420477668556325845e+00 -1.119939459257616177e+00 2.642348085364558230e+00 -1.601744283440550698e-01 -4.420477668556325845e+00 -1.601744283440550698e-01 1.478554835447670968e+00
-1.005640065343064826e+00 6.416697937698542242e-01 9.876296782183144884e-01 6.416697937698542242e-01 4.084228423916812289e+00 -4.187595359137970874e+00 9.876296782183144884e-01 -4.187595359137970874e+00 9.497879642760903351e+00
4.304051085832411028e-01 4.229830310933815340e-01 -3.528022512827565738e+00 4.229830310933815340e-01 -2.536808518673966617e+00 1.805997736322946912e+00 -3.528022512827565738e+00 1.805997736322946912e+00 2.948744099246892514e+00
-3.598700442548666611e+00 5.662772557874023782e+00 1.909541133484272457e+00 5.662772557874023782e+00 -9.026712022646185218e+00 -7.130576363452069133e-01 1.909541133484272457e+00 -7.130576363452069133e-01 6.484835883994090722e+00
-1.638926817865777597e-01 -3.652476566942072012e+00 1.225324320216377938e+00 -3.652476566942072012e+00 -1.171754094762045995e+01 4.638089811915258487e+00 1.225324320216377938e+00 4.638089811915258487e+00 1.069173224795710420e+00
-4.000440393090682889e+00 -2.246119211358969192e+00 1.159888787474333105e+00 -2.246119211358969192e+00 1.274122678820168442e-01 2.441157358834549651e+00 1.159888787474333105e+00 2.441157358834549651e+00 -3.561091206921485064e+00
1.813333926955123188e+00 -5.933188779584690487e+00 -1.211992192210534558e+00 -5.933188779584690487e+00 -1.325995996665144894e+01 -5.369511434231508673e+00 -1.211992192210534558e+00 -5.369511434231508673e+00 -4.978992108991721288e+00
1.379060568273927867e+00 4.354085910639231116e+00 -3.510934927698926344e+00 4.354085910639231116e+00 5.295470774012741577e-01 -1.539697972822497984e+00 -3.510934927698926344e+00 -1.539697972822497984e+00 -9.890075694706043308e+00
2.981572177783125444e+00 8.396859950482654655e-01 2.103712931867870173e-01 8.396859950482654655e-01 2.309495624566809013e+00 2.046536738251054643e+00 2.103712931867870173e-01 2.046536738251054643e+00 6.507109693642364689e+00
-5.435876429759229467e+00 2.910893035638731252e+00 -2.896858835657722953e+00 2.910893035638731252e+00 3.404478441039398895e+00 -6.948842184088268592e-01 -2.896858835657722953e+00 -6.948842184088268592e-01 -4.385551719043355945e+00
7.243580289689909080e+00 2.951243854902532604e+00 3.899507545823903243e+00 2.951243854902532604e+00 6.423433504595686294e+00 3.303070612333335099e+00 3.899507545823903243e+00 3.303070612333335099e+00 -7.518423028102469985e-01
-1.054324222900373442e+01 6.489216050904714983e+00 2.570660620260151852e+00 6.489216050904714983e+00 -8.308765103672463015e-01 -9.650660473321266419e-01 2.570660620260151852e+00 -9.650660473321266419e-01 -1.155444719779871621e+00
-5.643357232810783053e+00 3.564352941052383095e+00 -2.104575369280616393e+00 3.564352941052383095e+00 -1.578327639820209516e+00 6.046795521472382973e+00 -2.104575369280616393e+00 6.046795521472382973e+00 -2.410478474264905469e-01
-5.723955521613930841e+00 1.320759098201543802e+00 -2.134885906505730457e-01 1.320759098201543802e+00 2.821387171380967951e-01 2.261279076218688289e+00 -2.134885906505730457e-01 2.261279076218688289e+00 -5.054586554893242045e+00
-5.894618284999760816e-01 -5.324845066353839584e+00 -1.828258399392678757e-01 -5.324845066353839584e+00 3.767547531737941657e+00 5.298650224045317048e-01 -1.828258399392678757e-01 5.298650224045317048e-01 -3.755752773011995949e+00
1.084064671369228883e+01 -1.828896352529038316e-01 -4.133177278389760012e+00 -1.828896352529038316e-01 3.208812642835618512e+00 9.262548913829896646e-01 -4.133177278389760012e+00 9.262548913829896646e-01 1.038005191545897787e+01
4.694490637730614480e-01 -5.027617539042545936e+00 2.562743198788752785e-01 -5.027617539042545936e+00 -6.146450656017696801e-01 2.648955857362952582e+00 2.562743198788752785e-01 2.648955857362952582e+00 4.532951644068163866e-01
6.672847743275108989e+00 -6.199518277576620662e+00 -3.489668920584323430e+00 -6.199518277576620662e+00 -5.112445298722013476e+00 -6.338105815615470817e+00 -3.489668920584323430e+00 -6.338105815615470817e+00 -2.783736660893280312e+00
-6.211488071920388876e+00 -1.921762543091262432e-01 1.696271849025631218e+00 -1.921762543091262432e-01 -5.307039711267961257e-01 -6.018557265207185480e+00 1.696271849025631218e+00 -6.018557265207185480e+00 4.689010566116310841e+00
-1.835671193219781117e-01 7.991932689638962195e+00 -2.058490089269958412e-01 7.991932689638962195e+00 -6.802329341894591153e+00 -3.116327254646096279e-01 -2.058490089269958412e-01 -3.116327254646096279e-01 3.446805111063045324e+00
-4.151521589061968776e+00 -2.944474296784775902e+00 3.250158786048794823e+00 -2.944474296784775902e+00 -6.810882409732776921e-01 6.410724489126753411e-01 3.250158786048794823e+00 6.410724489126753411e-01 -3.355220351533581447e+00
