-6.197015404470166189e+00 -4.151000576621584948e+00 1.605792440854566072e+00 -4.151000576621584948e+00 -3.008558168892563334e+00 -9.982531284334120736e-01 1.605792440854566072e+00 -9.982531284334120736e-01 -5.485062245059753927e+00
1.308335592618105636e+01 -5.854792836177790782e+00 -2.225443132362943999e+00 -5.854792836177790782e+00 1.221528633049588919e+01 1.902134554142237644e+00 -2.225443132362943999e+00 1.902134554142237644e+00 7.562686207495693758e+00
4.647778390632824497e+00 -2.370165178900971448e+00 5.298745272296422115e+00 -2.370165178900971448e+00 -5.341082540424988423e+00 -3.731619052684671534e-01 5.298745272296422115e+00 -3.731619052684671534e-01 6.024743898792020325e+00
-1.715979154739788903e+00 -7.672267144727242805e-01 4.333098337912575815e+00 -7.672267144727242805e-01 -9.397115730177560522e+00 -2.863774027294244906e+00 4.333098337912575815e+00 -2.863774027294244906e+00 -3.681828112653481533e+00
2.511907846046473214e+00 1.002464734993131268e+00 -2.904495546503468084e+00 1.002464734993131268e+00 -1.355532447540714225e+00 2.768270038358401131e+00 -2.904495546503468084e+00 2.768270038358401131e+00 1.220044311143063664e+00
-1.006583131593590075e+01 -4.259559816578089908e+00 1.085954766298870444e+00 -4.259559816578089908e+00 -8.860183465848084694e+00 -1.253525083603395318e+00 1.085954766298870444e+00 -1.253525083603395318e+00 -1.073435669639425960e+01
-3.013994302705462758e+00 -4.476783692432327599e-02 -1.765930145016247010e+00 -4.476783692432327599e-02 2.248511388540541223e+00 5.140566266985922006e+00 -1.765930145016247010e+00 5.140566266985922006e+00 -1.550937604313426199e+00
2.709780928351938734e+00 -5.281639033091516389e+00 -9.329617258500989552e-01 -5.281639033091516389e+00 -4.475349651368547288e-02 -6.754804444361643956e-01 -9.329617258500989552e-01 -6.754804444361643956e-01 -7.413083586941833225e-01
-6.321118421403357779e+00 -6.052453493476447344e-01 -1.756722591325269534e+00 -6.052453493476447344e-01 -6.885948199782258250e+00 1.474643857300706351e+00 -1.756722591325269534e+00 1.474643857300706351e+00 3.143868904261935882e+00
5.490624470703493465e+00 -3.285286833285742336e+00 1.877671132666451914e+00 -3.285286833285742336e+00 3.335282370059431400e+00 3.131211541051823311e+00 1.877671132666451914e+00 3.131211541051823311e+00 3.102791723672699842e+00
8.856903845581650003e+00 -1.519661902281757460e+00 -2.207857365396314719e+00 -1.519661902281757460e+00 4.305677638213107450e+00 -2.682214395312265243e+00 -2.207857365396314719e+00 -2.682214395312265243e+00 -5.203312725299101160e+00
5.418203032081835069e+00 -1.601308445448461626e+00 -1.237458273615942295e+00 -1.601308445448461626e+00 2.950019223307709382e-01 -3.416264890196439641e+00 -1.237458273615942295e+00 -3.416264890196439641e+00 -6.575581239366339759e+00
1.609952776836684807e+00 2.642001603491448969e-01 -3.575585580488285675e+00 2.642001603491448969e-01 -2.038959518268257831e+00 2.476590177495733514e+00 -3.575585580488285675e+00 2.476590177495733514e+00 3.663171026157535426e+00
1.224219387539337589e+01 -6.582070457425800214e+00 -3.467638621640038998e+00 -6.582070457425800214e+00 1.054042300456077186e+01 6.564197040413748407e-01 -3.467638621640038998e+00 6.564197040413748407e-01 6.234746389195530369e+00
3.909336406226616045e+00 7.110884115145268969e-02 -4.084897700586849645e+00 7.110884115145268969e-02 6.333516819149147992e+00 3.178391964474091225e+00 -4.084897700586849645e+00 3.178391964474091225e+00 2.430606606339814846e+00
