-5.541393840521870118e+00 2.143974249320728553e+00 -3.801856912277977063e+00 2.143974249320728553e+00 -3.217828132637478689e+00 -2.246773517938808418e+00 -3.801856912277977063e+00 -2.246773517938808418e+00 -5.474623400464499134e+00
2.679950892922379868e+00 -1.316078029245413727e+00 5.254441189700477466e+00 -1.316078029245413727e+00 -1.030118243229246389e+00 -2.979077127684291337e+00 5.254441189700477466e+00 -2.979077127684291337e+00 -5.655466668229185423e+00
1.115532549333299484e+00 -6.560066804836520160e-02 -3.441964735268888465e+00 -6.560066804836520160e-02 1.010119489066813481e+00 -8.006594041533011963e-02 -3.441964735268888465e+00 -8.006594041533011963e-02 3.812384835921175164e+00
8.287274438515794373e+00 -1.249683073709692976e-01 2.939809304221921771e+00 -1.249683073709692976e-01 -6.334065129466814881e+00 4.358371339164309965e+00 2.939809304221921771e+00 4.358371339164309965e+00 2.422574686200103522e-01
1.096970548724194999e-01 -3.218360035889613169e+00 2.401960486526467375e-01 -3.218360035889613169e+00 7.770085569033757800e-01 -8.371116663561408711e-01 2.401960486526467375e-01 -8.371116663561408711e-01 -9.055959770238120043e+00
3.453254588043073170e+00 -3.718451348027801195e+00 4.173627804746105951e+00 -3.718451348027801195e+00 -2.930455364032837462e+00 -9.704642316343319308e-01 4.173627804746105951e+00 -9.704642316343319308e-01 -2.568714390690187699e+00
9.714342485532398541e+00 -2.322781454635768572e+00 -2.893777176691723074e+00 -2.322781454635768572e+00 1.021623460680879525e+01 -1.276137434965569417e+00 -2.893777176691723074e+00 -1.276137434965569417e+00 3.470644149052030336e+00
-5.032947374710277089e+00 1.880921125846294117e+00 1.767261875705578245e+00 1.880921125846294117e+00 -5.090895049026260999e+00 -3.747607575931203305e-01 1.767261875705578245e+00 -3.747607575931203305e-01 -9.127037243168400593e+00
-3.904139510664986545e+00 -7.344771258477417186e-01 2.260857407725928692e+00 -7.344771258477417186e-01 -3.280243087565755999e+00 -2.085396255658714892e+00 2.260857407725928692e+00 -2.085396255658714892e+00 1.808363528690118960e+00
6.367428704347553037e+00 1.262108859045968590e+00 -2.986384128668853943e+00 1.262108859045968590e+00 -1.629976775877378659e-02 -4.855073143593967799e+00 -2.986384128668853943e+00 -4.855073143593967799e+00 2.938424249609166150e+00
-4.086819584876621114e+00 -3.956093291787948774e-01 1.092940573051394804e+00 -3.956093291787948774e-01 -2.436419363611458611e+00 4.082389228038596496e-01 1.092940573051394804e+00 4.082389228038596496e-01 -1.819711384280837452e+00
1.683596109815012509e+00 3.131566009370991388e+00 3.442017805167775446e+00 3.131566009370991388e+00 -1.457566276814151962e+00 1.617038612519717145e+00 3.442017805167775446e+00 1.617038612519717145e+00 1.758164211635870056e-01
1.324630184500761088e+00 4.640986309308493318e+00 3.454145332947662794e+00 4.640986309308493318e+00 -5.828963450358870979e+00 6.825759997012773583e-01 3.454145332947662794e+00 6.825759997012773583e-01 3.290980387715845001e+00
2.452510287365948116e+00 1.635486279397642573e+00 -3.557292409993247362e-01 1.635486279397642573e+00 1.962363654161662641e-02 -2.127779012530692793e+00 -3.557292409993247362e-01 -2.127779012530692793e+00 -1.543990885767975385e+00
4.234491264460845450e+00 -4.743506008787853112e+00 -8.387770698641762168e-01 -4.743506008787853112e+00 -5.120551528909977890e+00 2.415753719669351707e+00 -8.387770698641762168e-01 2.415753719669351707e+00 7.991316914425173890e-01
-3.251113810169894425e+00 -1.142692280243629677e+00 2.972268963723806223e+00 -1.142692280243629677e+00 2.159303947694588999e+00 -3.686567106547599781e+00 2.972268963723806223e+00 -3.686567106547599781e+00 5.640469697593776921e+00
6.514124059653415344e+00 -4.109497411769190478e+00 -2.281523355183727286e+00 -4.109497411769190478e+00 5.300792994763415145e+00 4.022356415398428142e-01 -2.281523355183727286e+00 4.022356415398428142e-01 6.072934574564913035e+00
-1.453792157469929736e-01 -7.432152073939515824e-02 6.702210551973055708e+00 -7.432152073939515824e-02 -1.476928790729276519e+00 4.137093674007958022e+00 6.702210551973055708e+00 4.137093674007958022e+00 -1.429742288300225983e+00
1.094741790684354221e+01 -4.277537636211898864e+00 -3.741910089382042948e+00 -4.277537636211898864e+00 -3.305199420720580927e-01 -4.317379674665651201e+00 -3.741910089382042948e+00 -4.317379674665651201e+00 5.294000135278672303e+00
-2.535577650732577126e+00 -1.148011540556412191e+00 -1.039343872405104952e+00 -1.148011540556412191e+00 2.070092540445734652e+00 -5.209163507304877427e+00 -1.039343872405104952e+00 -5.209163507304877427e+00 -2.132687469431446825e+00
-3.878018244558044447e+00 2.597076655919180244e+00 3.943716480018753412e+00 2.597076655919180244e+00 -4.722811411819514582e+00 4.807429182422294112e+00 3.943716480018753412e+00 4.807429182422294112e+00 -7.505640782226908669e+00
-1.153916298825975417e+01 2.499035510714635144e+00 -1.733268472554487571e+00 2.499035510714635144e+00 -8.929924525443048822e+00 -2.976745571703020232e+00 -1.733268472554487571e+00 -2.976745571703020232e+00 -4.639450626597366956e+00
-1.204881002990705552e+00 -1.887752202664862988e-01 -3.922199871271867977e+00 -1.887752202664862988e-01 -3.762312579817548741e+00 2.130813066630937502e+00 -3.922199871271867977e+00 2.130813066630937502e+00 7.772726129133178397e-02
1.895480198942186334e+00 5.044226413962246802e+00 -4.948733711511518196e-01 5.044226413962246802e+00 9.178342327473241191e-01 4.093735423075113289e-01 -4.948733711511518196e-01 4.093735423075113289e-01 -8.225853548395474224e-01
7.788963157246973079e-01 -4.145889159513227451e-01 -9.952398182496170406e-03 -4.145889159513227451e-01 -6.169440068508251773e-01 2.891731906349914283e+00 -9.952398182496170406e-03 2.891731906349914283e+00 3.678393961677081103e-01
9.130602951076646434e+00 2.398631351158178937e+00 -1.294710179275200934e+00 2.398631351158178937e+00 1.031128658218443661e+01 -4.180299424600913305e+00 -1.294710179275200934e+00 -4.180299424600913305e+00 4.310394179402409875e+00
1.216891623912978915e+01 1.483625827666513741e+00 1.022414485478138246e+01 1.483625827666513741e+00 4.066494937371611051e+00 1.711424409511537181e+00 1.022414485478138246e+01 1.711424409511537181e+00 5.642596391294401492e+00
-2.121512551905368138e+00 -2.432829587786232928e+00 3.855261606983653722e-02 -2.432829587786232928e+00 -5.728637009354093479e+00 -8.546789740301087290e-01 3.855261606983653722e-02 -8.546789740301087290e-01 -1.003633355692991103e+01
1.667574861284839283e-01 -2.591838634251428797e+00 -2.960942672951520915e-01 -2.591838634251428797e+00 -9.443672433028167390e+00 -5.753622120902210924e+00 -2.960942672951520915e-01 -5.753622120902210924e+00 -3.110353222208167789e+00
-2.059360805482731926e+00 9.899621250810520801e-01 -2.486495970354432927e+00 9.899621250810520801e-01 -4.106581833235405377e+00 7.285066254206195246e+00 -2.486495970354432927e+00 7.285066254206195246e+00 -7.547021875537901492e-02
3.150877171775698926e+00 2.155293907612687132e+00 -4.977399604965688340e+00 2.155293907612687132e+00 -1.149486879620723734e+01 4.902283540444327237e+00 -4.977399604965688340e+00 4.902283540444327237e+00 -3.457986636017010618e+00
5.245756771814785502e+00 4.997174275323972847e-01 -3.433468534694887442e+00 4.997174275323972847e-01 6.229817313503581033e+00 -2.756397953807858237e+00 -3.433468534694887442e+00 -2.756397953807858237e+00 2.583541413952759047e+00
1.203584470548317853e+01 -2.564919201932431392e+00 1.357705115885016411e+00 -2.564919201932431392e+00 5.843241023747451024e+00 2.107847713741410056e-01 1.357705115885016411e+00 2.107847713741410056e-01 2.881555754712717743e+00
1.178593051210823361e+01 -2.188543060820951958e+00 -2.360023462006056949e+00 -2.188543060820951958e+00 -6.216880972523708415e+00 2.243387236480684610e+00 -2.360023462006056949e+00 2.243387236480684610e+00 1.979789665305661472e+00
-4.084433839131537347e+00 -6.368576759302235768e-01 -2.155598097204216579e+00 -6.368576759302235768e-01 2.108099612601713524e+00 5.048095745581833604e+00 -2.155598097204216579e+00 5.048095745581833604e+00 -3.125334718494052311e+00
-2.452241202990083746e+00 -1.563768199280939131e+00 2.062236627376369036e+00 -1.563768199280939131e+00 9.784093047297554024e-01 4.079428575735777329e+00 2.062236627376369036e+00 4.079428575735777329e+00 7.372832859621066603e+00
1.840131297242371344e+00 -1.056339297097297791e+00 -2.823296583983815555e+00 -1.056339297097297791e+00 -2.642432887960592058e+00 -1.062673984489495904e+00 -2.823296583983815555e+00 -1.062673984489495904e+00 2.675469041938958181e+00
4.273348562928867445e+00 -3.270378423783674382e+00 -3.666452391348109074e+00 -3.270378423783674382e+00 -6.937093132899915915e+00 -1.499157128724809107e+00 -3.666452391348109074e+00 -1.499157128724809107e+00 -2.212229187919408258e+00
1.295709374507722833e+00 8.092704910086256920e-01 -3.060408907847419702e+00 8.092704910086256920e-01 3.675421712746967273e+00 8.826857546610586969e-01 -3.060408907847419702e+00 8.826857546610586969e-01 7.152353800753994406e-01
1.027563338224917189e+01 -2.778594013359584558e+00 -3.760403604618352436e+00 -2.778594013359584558e+00 -3.334220092665038493e+00 1.234252695301085945e+00 -3.760403604618352436e+00 1.234252695301085945e+00 3.976849104938467772e+00
-6.220046402545267306e+00 -3.512271042282862354e-01 9.029085414122328679e-01 -3.512271042282862354e-01 4.654260863065274201e+00 -4.392934601161734953e+00 9.029085414122328679e-01 -4.392934601161734953e+00 -4.184104003135372452e+00
-9.599034502031926763e-01 9.790920424380019638e-01 -9.323909712727078691e-01 9.790920424380019638e-01 1.403666229090219320e+00 2.122162041072750416e-01 -9.323909712727078691e-01 2.122162041072750416e-01 -7.331448825039254658e+00
3.833999945955010702e+00 2.069880600669853354e-01 -2.150332461257270733e+00 2.069880600669853354e-01 -3.631740472384948681e+00 -1.285594143577604154e+00 -2.150332461257270733e+00 -1.285594143577604154e+00 -2.096046737916356317e+00
3.032758786747333790e+00 -4.655804474691995765e+00 -2.918145722047873480e+00 -4.655804474691995765e+00 -5.782422876127834677e+00 -7.139460685724853539e-02 -2.918145722047873480e+00 -7.139460685724853539e-02 6.928961647780540467e+00
8.275988522915760370e+00 -2.395680677914315271e-01 8.174690431706252980e-01 -2.395680677914315271e-01 -3.664675813663003545e+00 -3.124869505433992334e+00 8.174690431706252980e-01 -3.124869505433992334e+00 -6.180106562323173236e+00
-2.823614455789935640e+00 -2.398016440636436375e+00 1.700442959355130235e+00 -2.398016440636436375e+00 3.054859772848702804e+00 2.523953409329472208e+00 1.700442959355130235e+00 2.523953409329472208e+00 1.252040459472891065e+01
-2.956251706168018245e-01 6.124050174382924538e-01 -4.545637025263720710e-01 6.124050174382924538e-01 -3.301438667303663532e+00 -6.855046062317207145e+00 -4.545637025263720710e-01 -6.855046062317207145e+00 -1.285934165120663275e+00
7.157587153495794663e-01 1.043728247468956205e+00 3.964790829438479824e-01 1.043728247468956205e+00 1.797549108925707628e+00 -2.077244417669105392e+00 3.964790829438479824e-01 -2.077244417669105392e+00 1.581199508161422074e+00
8.245352693092018015e+00 1.306032948538123462e+00 -2.937729628671700066e+00 1.306032948538123462e+00 4.248432086289984255e+00 -3.131605704716989180e+00 -2.937729628671700066e+00 -3.131605704716989180e+00 4.644646090566595831e+00
5.361768796985379559e+00 1.135406650110002635e+00 -1.122607539508292840e+00 1.135406650110002635e+00 1.337328776593447843e+00 6.858703894175656179e-01 -1.122607539508292840e+00 6.858703894175656179e-01 1.834967556555398005e+00
7.883401971162993682e+00 -3.847108518289996226e+00 -1.552375825133043064e+00 -3.847108518289996226e+00 4.555988079632338206e+00 2.545123537853503315e+00 -1.552375825133043064e+00 2.545123537853503315e+00 2.127549883124575381e+00
-2.960791168055088463e+00 1.388077504289007447e+00 2.162145368331099826e-01 1.388077504289007447e+00 -3.617865081006991446e+00 -1.133852175310305244e+00 2.162145368331099826e-01 -1.133852175310305244e+00 -3.130666463386579945e+00
4.548044391226057748e+00 3.613277799788093603e+00 2.291541148399369288e+00 3.613277799788093603e+00 -1.780397745082166638e+00 1.920793721560689393e+00 2.291541148399369288e+00 1.920793721560689393e+00 -2.325038380109988978e+00
-6.787713288393851130e+00 -9.185695512172854793e-02 -2.291911051940868749e+00 -9.185695512172854793e-02 -6.432990140340422158e-01 2.651368320546495294e+00 -2.291911051940868749e+00 2.651368320546495294e+00 -7.065299513927335795e+00
1.213922806274003641e+01 -1.148659241364665684e-01 -5.058993080533525699e+00 -1.148659241364665684e-01 7.524232213193178254e+00 -2.403065786018106387e+00 -5.058993080533525699e+00 -2.403065786018106387e+00 8.778372271362497870e-01
1.183703019917258992e+01 -1.278462762379266149e+00 -1.005378701459026303e+00 -1.278462762379266149e+00 2.042916883253171445e+00 -5.854767392843061913e+00 -1.005378701459026303e+00 -5.854767392843061913e+00 3.346994389618655141e+00
-1.297249033688269604e+00 -1.104956736514754345e+00 -1.593205869893814741e+00 -1.104956736514754345e+00 2.640881245495454888e+00 3.562094017574368277e+00 -1.593205869893814741e+00 3.562094017574368277e+00 4.833686755693573089e-01
5.701839482552922611e+00 -1.035510593274431068e+00 -3.730112881673840697e+00 -1.035510593274431068e+00 1.786037937563558664e+00 -1.998699689383616418e+00 -3.730112881673840697e+00 -1.998699689383616418e+00 5.539576846360548146e+00
1.176431069932798756e+01 -2.735875578268696984e+00 -7.850677703495088089e-01 -2.735875578268696984e+00 1.038388655101364222e+01 -5.824755344880343522e-01 -7.850677703495088089e-01 -5.824755344880343522e-01 -2.890408452545984552e+00
1.881333907990882537e+01 -6.064316760294623521e+00 2.174595989152984521e-01 -6.064316760294623521e+00 1.028229878258240859e+00 3.741511281585070403e+00 2.174595989152984521e-01 3.741511281585070403e+00 2.604378026185864226e+00
4.670884169391180230e+00 -2.856327475419254136e-01 5.664290361030331233e+00 -2.856327475419254136e-01 -3.110138759331573799e-01 -8.063028138043065729e-01 5.664290361030331233e+00 -8.063028138043065729e-01 3.376722081559993871e+00
-1.592068684357113462e+00 -5.779522488623304532e+00 -1.160270371008026435e+00 -5.779522488623304532e+00 -1.362468832039254840e+00 2.209523386324097505e+00 -1.160270371008026435e+00 2.209523386324097505e+00 -4.705035200280825336e+00
5.904213334352380826e+00 1.576054133366789012e+00 -6.633135671280060430e-01 1.576054133366789012e+00 1.417865573066658058e+00 -4.073131869113399084e+00 -6.633135671280060430e-01 -4.073131869113399084e+00 4.971375227540830721e+00
-4.644138770602666000e+00 -8.303762264128717874e-01 7.385092109187365139e+00 -8.303762264128717874e-01 -1.274775606081608004e+01 -5.166903648198946541e+00 7.385092109187365139e+00 -5.166903648198946541e+00 1.313674654059785674e+00
5.689809015859964347e+00 4.266572564662657996e+00 -1.045237856563297596e+00 4.266572564662657996e+00 2.565338194609600997e+00 1.722590157057839688e+00 -1.045237856563297596e+00 1.722590157057839688e+00 -2.861302770847306665e+00
-1.737078820870027629e+00 -3.455938694638017311e-02 -1.545235807660390925e+00 -3.455938694638017311e-02 7.318145940321583609e+00 -5.483546492187054255e+00 -1.545235807660390925e+00 -5.483546492187054255e+00 -7.362987489302748934e+00
-3.234448770285955455e+00 2.847142700217729860e+00 2.070516732382989389e+00 2.847142700217729860e+00 -6.144481541492662124e+00 8.442379688657453141e-01 2.070516732382989389e+00 8.442379688657453141e-01 -6.196008794526624008e+00
7.792060592134284924e+00 -1.370784158159015498e-01 -1.393363379308601435e-01 -1.370784158159015498e-01 -1.151196759574943940e+00 2.367093185965365443e+00 -1.393363379308601435e-01 2.367093185965365443e+00 1.698268744591496793e+00
-7.600969394929165013e+00 5.531362447040629737e-01 -3.291846811737368483e+00 5.531362447040629737e-01 -8.568471166441192111e+00 1.647849881332041910e+00 -3.291846811737368483e+00 1.647849881332041910e+00 -9.080143855565703248e+00
6.624725872393060655e+00 -4.334135523640187948e+00 -2.337247354811125000e+00 -4.334135523640187948e+00 5.157911132842971647e+00 -7.887252356333969150e-01 -2.337247354811125000e+00 -7.887252356333969150e-01 6.129173441884881335e+00
2.089229878191972478e+00 1.015064703640334631e+00 1.733872924218217371e+00 1.015064703640334631e+00 1.947252618141209091e+00 -2.478449135745060872e+00 1.733872924218217371e+00 -2.478449135745060872e+00 4.014539290473298827e+00
1.233586823053811088e+01 5.079346081959358328e-01 7.561655930974117368e+00 5.079346081959358328e-01 -3.300652205206115131e+00 -3.069400960221304042e-01 7.561655930974117368e+00 -3.069400960221304042e-01 8.420179949296638711e+00
3.946266498933692191e+00 -6.037595500868901954e-01 7.975416107281681377e+00 -6.037595500868901954e-01 -2.944984503982837065e+00 -4.073850524447469645e+00 7.975416107281681377e+00 -4.073850524447469645e+00 7.326785822384517033e+00
-3.613181206647521293e+00 7.435016290130557870e+00 -1.063342613103398282e+00 7.435016290130557870e+00 -1.107161694899810556e+01 -7.214058670887715685e+00 -1.063342613103398282e+00 -7.214058670887715685e+00 -6.511931407463374732e+00
1.001300829886307042e+01 2.424969037406715877e+00 -1.089395542087436386e+00 2.424969037406715877e+00 7.446680633191064658e+00 -2.142534272139656082e+00 -1.089395542087436386e+00 -2.142534272139656082e+00 3.162760886716732944e+00
-2.379757864995649452e+00 -7.870406050536749021e-01 4.509371227890346390e+00 -7.870406050536749021e-01 -6.113697961697484473e+00 -1.652322974793517973e+00 4.509371227890346390e+00 -1.652322974793517973e+00 -6.284390878164277439e+00
-6.957454024584596164e-01 -2.604881936718991486e+00 1.880002750817696189e+00 -2.604881936718991486e+00 1.081663818429377866e+00 -1.877299486043841448e+00 1.880002750817696189e+00 -1.877299486043841448e+00 -8.385918922927087849e+00
-3.419242103531662913e+00 1.081128721894366596e+00 -4.208351056820731628e-01 1.081128721894366596e+00 -4.714006631810766734e+00 -6.744811943097773543e+00 -4.208351056820731628e-01 -6.744811943097773543e+00 -2.101347043495717326e+00
-1.820399731888985018e-01 -2.082813743889142977e+00 -5.036011126753403566e-01 -2.082813743889142977e+00 -3.644239805970024282e-01 -3.146005627114288661e+00 -5.036011126753403566e-01 -3.146005627114288661e+00 -2.338515266012358707e-01
1.982178537001942908e+00 9.769289361445536723e-01 -9.755312501149058235e-01 9.769289361445536723e-01 -8.445524018598717930e+00 -6.814737767540223423e+00 -9.755312501149058235e-01 -6.814737767540223423e+00 6.219731692706499615e+00
1.735281804957320873e+01 -6.694939936880881515e-01 -2.361750058196266711e+00 -6.694939936880881515e-01 7.518189379535627381e+00 7.214343053653171633e-01 -2.361750058196266711e+00 7.214343053653171633e-01 4.610101599993251753e+00
2.764121454762516805e+00 -2.941099395323252819e-01 -1.190524583323509633e+00 -2.941099395323252819e-01 -1.581334786004077841e+00 -3.345943443996188815e+00 -1.190524583323509633e+00 -3.345943443996188815e+00 -3.956550475411924062e+00
1.021921409564336081e+01 1.021647245478510380e+00 -3.479711851608856321e+00 1.021647245478510380e+00 3.835720265032939391e+00 -1.622296493233337689e+00 -3.479711851608856321e+00 -1.622296493233337689e+00 -1.514617604906740134e+00
1.464082403757683837e+00 -1.429030581019924195e+00 -2.366787661681654942e-01 -1.429030581019924195e+00 -1.985902096832845798e+00 6.325520200683986793e+00 -2.366787661681654942e-01 6.325520200683986793e+00 -8.397025462481103597e-01
-3.512307632954146275e+00 1.179587829706440383e+00 2.963193399281036200e+00 1.179587829706440383e+00 -7.926889552749941892e+00 1.221144650234915474e+00 2.963193399281036200e+00 1.221144650234915474e+00 1.239700001865648327e+00
1.650049746090936154e+01 -1.460678772432152384e+00 -3.807011551429253515e+00 -1.460678772432152384e+00 -3.131572507949811901e-01 1.706539458138702781e+00 -3.807011551429253515e+00 1.706539458138702781e+00 1.426393025613418075e+01
1.021588333212291566e+01 -6.185976506963418053e+00 -3.731884870507003349e+00 -6.185976506963418053e+00 9.269742722951450631e+00 3.718985999550563637e+00 -3.731884870507003349e+00 3.718985999550563637e+00 1.024016091682002916e+01
1.980920354117811755e+00 1.588705609509292405e+00 -3.643710253939479227e+00 1.588705609509292405e+00 7.729836187268228187e+00 -2.128027770942297059e-01 -3.643710253939479227e+00 -2.128027770942297059e-01 -2.677717789504912016e+00
7.690760773245290949e+00 -1.292271838881771773e+00 -3.067183235301901068e+00 -1.292271838881771773e+00 -1.510089304825475987e+00 4.315767202713165496e+00 -3.067183235301901068e+00 4.315767202713165496e+00 -3.319937672177536436e-01
1.078854851276122462e+00 -1.775200041647342575e+00 -2.016039889970841603e+00 -1.775200041647342575e+00 -6.872796604516074659e+00 1.645417408090369682e-01 -2.016039889970841603e+00 1.645417408090369682e-01 -1.005297485365264265e+01
5.374231270929342053e+00 3.931417857139244632e+00 3.361119844209564000e+00 3.931417857139244632e+00 -7.191793296081231190e+00 3.335700281780698440e+00 3.361119844209564000e+00 3.335700281780698440e+00 -6.569647131453943523e+00
1.195808895457959409e+01 -3.424150474763998808e+00 -1.098317666208785015e+00 -3.424150474763998808e+00 1.166570484592047308e+01 -5.233658239947089896e-01 -1.098317666208785015e+00 -5.233658239947089896e-01 -5.330057554398989206e-01
1.300980324717047720e+00 2.385126010297266674e+00 -1.371205760007872865e+00 2.385126010297266674e+00 -4.604381813986185179e+00 1.704325608435665496e+00 -1.371205760007872865e+00 1.704325608435665496e+00 -1.008560103040350242e+01
4.418142174462507121e+00 -1.505304520005551927e+00 -4.385403962963027591e-01 -1.505304520005551927e+00 -3.865154123120219332e+00 -3.691521069565315560e+00 -4.385403962963027591e-01 -3.691521069565315560e+00 -4.428830695057764721e+00
-3.713625051444251923e+00 -2.443725302097446761e+00 7.998540544465106150e-02 -2.443725302097446761e+00 -3.770987323778310252e+00 1.006929050928303759e+00 7.998540544465106150e-02 1.006929050928303759e+00 -9.843106614416376132e+00
-1.469923072728411384e+00 -1.241170579958407849e+00 -8.104204465571498428e-01 -1.241170579958407849e+00 -3.379890305340430556e-01 4.089326861744977393e+00 -8.104204465571498428e-01 4.089326861744977393e+00 -1.652477908561849951e+00
7.745032972094618273e+00 -3.676377023975613501e+00 -2.905885709918186510e+00 -3.676377023975613501e+00 5.173719314068335962e+00 3.902630565590360145e+00 -2.905885709918186510e+00 3.902630565590360145e+00 8.574776463237652191e-01
9.993074783780668824e+00 2.391719903397696356e+00 6.360487556724971903e-01 2.391719903397696356e+00 1.195051628363103191e+00 -4.861577729250740276e+00 6.360487556724971903e-01 -4.861577729250740276e+00 -7.164885260375827292e-01
5.425015390569108753e+00 -3.550469177936084186e+00 3.432762510682039636e+00 -3.550469177936084186e+00 -4.741919219291478860e-01 2.073119289908094132e+00 3.432762510682039636e+00 2.073119289908094132e+00 -1.230378144719052047e+00
6.504005872022983858e+00 -3.201426412017288836e+00 -3.185098916427984594e+00 -3.201426412017288836e+00 -2.617610277887893133e+00 -2.311198369727303970e+00 -3.185098916427984594e+00 -2.311198369727303970e+00 -1.663590383932399774e+00
