1.236002292509959410e+01 1.138829537625927618e-01 -7.117848410450894114e+00 1.138829537625927618e-01 5.937529223191450711e+00 -1.134801977582544197e+00 -7.117848410450894114e+00 -1.134801977582544197e+00 3.109359859521651615e+00
1.117312574183327101e+01 2.178406880427331771e+00 2.932772510986711545e+00 2.178406880427331771e+00 -4.702648307535922001e+00 -3.455384047505498213e+00 2.932772510986711545e+00 -3.455384047505498213e+00 8.740076286587484589e+00
-4.805130802196305062e+00 -3.911213226842642054e+00 -2.202872375063124721e+00 -3.911213226842642054e+00 -6.694859234923010716e-01 1.173704036295784986e-01 -2.202872375063124721e+00 1.173704036295784986e-01 4.430928544026578597e-02
-2.199716514761686170e+00 -1.537142980720748620e+00 5.428748587090859168e+00 -1.537142980720748620e+00 8.517779340800333762e-03 -4.829135638677338527e+00 5.428748587090859168e+00 -4.829135638677338527e+00 -1.016971875672777692e+01
-7.278710053010392089e-01 1.206982010541705286e+00 4.649649211285615813e+00 1.206982010541705286e+00 -6.282260002097234342e+00 -9.863660521703361272e-01 4.649649211285615813e+00 -9.863660521703361272e-01 -4.585869343530879050e+00
2.844564531199599511e+00 1.535334144392014877e-01 -3.780177697801654357e-01 1.535334144392014877e-01 -6.903152679049631146e+00 -7.642170413294931131e-02 -3.780177697801654357e-01 -7.642170413294931131e-02 2.183756884434380208e+00
5.725061183850634450e+00 7.457931755176540056e-01 6.425664640740361699e-01 7.457931755176540056e-01 3.659371867676844747e+00 -4.509694299892925251e+00 6.425664640740361699e-01 -4.509694299892925251e+00 -1.162798123579661169e+00
-8.049234356341035124e+00 5.634030906530933969e+00 -1.910988600391399395e+00 5.634030906530933969e+00 -3.380276737002233745e+00 -2.452368094118724695e+00 -1.910988600391399395e+00 -2.452368094118724695e+00 -6.450256072590510925e+00
5.173159388731368935e+00 -2.278557727692405610e+00 -4.064803309913433083e+00 -2.278557727692405610e+00 -5.712819402438601202e+00 -7.994059882430533392e-02 -4.064803309913433083e+00 -7.994059882430533392e-02 -2.526793610922930533e+00
-9.382105091250618756e+00 6.558722620651527890e+00 -1.747457249554373426e+00 6.558722620651527890e+00 -2.590606123423404572e+00 -5.507568569617162790e-01 -1.747457249554373426e+00 -5.507568569617162790e-01 -5.340380636211133236e+00
1.238805987371808826e+01 8.969920063935720833e+00 8.887602913164400320e+00 8.969920063935720833e+00 6.647161978804461135e+00 -3.225381977531375455e+00 8.887602913164400320e+00 -3.225381977531375455e+00 -6.314088047336379184e+00
3.211947723859910564e+00 5.532200643073430513e+00 4.008062771038407135e+00 5.532200643073430513e+00 4.399627861364339587e+00 1.645548114657775285e+00 4.008062771038407135e+00 1.645548114657775285e+00 5.317396834987803800e+00
-6.501187828880692798e+00 1.394472713612946668e+00 1.326971503060932894e-02 1.394472713612946668e+00 -9.848311355998916383e+00 -3.736678272112902821e+00 1.326971503060932894e-02 -3.736678272112902821e+00 3.435869248867450487e+00
-5.671210198246921408e+00 -3.303939806575246774e+00 -1.220887887076941736e+00 -3.303939806575246774e+00 -6.202829555428396091e+00 -2.983144292579350765e+00 -1.220887887076941736e+00 -2.983144292579350765e+00 -3.061668197257922053e+00
3.050879867293868064e-01 -6.414383190744358032e+00 -2.167402134319962759e+00 -6.414383190744358032e+00 3.374368260884350157e+00 -5.084233542767564451e-01 -2.167402134319962759e+00 -5.084233542767564451e-01 8.320748238512364336e-01
-1.860294313900695329e+01 -4.921960330470250278e-01 4.249873519646872211e+00 -4.921960330470250278e-01 -3.337162176640617872e+00 -3.030361722531348168e+00 4.249873519646872211e+00 -3.030361722531348168e+00 -1.025979412213278152e+01
-5.405138796660014400e+00 -1.410720037860078158e+00 9.387759873875173966e+00 -1.410720037860078158e+00 2.014641292945087980e-01 5.224604580592763226e-01 9.387759873875173966e+00 5.224604580592763226e-01 6.396350573747655588e+00
-6.301851400398795988e+00 -7.178362461166400976e-01 2.533275020484707429e+00 -7.178362461166400976e-01 3.159499521597644578e-01 5.109332866492980463e-01 2.533275020484707429e+00 5.109332866492980463e-01 5.344632015652764245e+00
7.257772129209608458e+00 8.208063210418561795e+00 4.527639003071060486e+00 8.208063210418561795e+00 5.441419542181695768e+00 -1.478864484435574722e+00 4.527639003071060486e+00 -1.478864484435574722e+00 -9.000339088883549721e+00
-9.341605021616963711e+00 -1.317624359494134756e-01 1.182878107959306035e+00 -1.317624359494134756e-01 -2.190562686448155105e+00 7.133945526912508939e+00 1.182878107959306035e+00 7.133945526912508939e+00 2.165047487814702798e+00
-3.316292003373428887e+00 2.950473279126619719e+00 7.303212073620587219e+00 2.950473279126619719e+00 -1.778620589355077941e+00 2.154147394533193260e+00 7.303212073620587219e+00 2.154147394533193260e+00 8.940551834395994435e-01
1.576300761907876824e+00 -5.507060502006694280e-02 -3.758451749191362712e+00 -5.507060502006694280e-02 -4.273041541545498312e+00 3.107870869653231449e-01 -3.758451749191362712e+00 3.107870869653231449e-01 -1.007596776547017736e+00
-1.032504940513276992e+01 -5.613325290881850949e-01 -1.349339733827379817e+00 -5.613325290881850949e-01 -2.500839211335763590e+00 -2.962597722725832217e+00 -1.349339733827379817e+00 -2.962597722725832217e+00 7.735689018622646351e+00
-2.155495029338171387e-01 -3.810257116778099640e+00 -4.647079088564324501e+00 -3.810257116778099640e+00 -2.338914007202367973e+00 2.141952687134959898e+00 -4.647079088564324501e+00 2.141952687134959898e+00 3.229177839028570141e+00
1.007867993551413122e+01 6.657993264220489316e+00 4.890155946906270756e+00 6.657993264220489316e+00 -5.673501185228730037e+00 1.907275957764585361e-01 4.890155946906270756e+00 1.907275957764585361e-01 -5.095318609474519533e+00
-8.491648241892105209e-02 -2.234918812452657555e+00 -8.488876677062966447e-01 -2.234918812452657555e+00 5.020156694748516557e-01 3.152363623509471413e+00 -8.488876677062966447e-01 3.152363623509471413e+00 6.959257154437762383e-01
5.884055882085217348e+00 2.364429608473739730e+00 -7.562483633485735268e+00 2.364429608473739730e+00 4.507385845309644701e+00 -1.158237639435371946e+00 -7.562483633485735268e+00 -1.158237639435371946e+00 -1.901297087532740404e+00
2.220186575333127799e+00 1.886916266574254042e+00 -4.835736986857727793e+00 1.886916266574254042e+00 1.188950657163609481e+00 3.309752971110451636e+00 -4.835736986857727793e+00 3.309752971110451636e+00 -6.768406041506155546e+00
4.254251000975235009e+00 7.361688648645265509e+00 9.247181664819551727e+00 7.361688648645265509e+00 6.605614364357951906e+00 3.800353217559416130e+00 9.247181664819551727e+00 3.800353217559416130e+00 3.667313263001843460e+00
-1.196513160889067073e+01 3.295421489132177584e+00 4.322534852712457187e+00 3.295421489132177584e+00 -5.295105703111855355e+00 -5.069660151054286024e-01 4.322534852712457187e+00 -5.069660151054286024e-01 1.458042613045430258e+00
-4.084075345693259251e+00 1.344382287840505397e+00 5.276217270570849216e+00 1.344382287840505397e+00 -1.596206469413873030e+01 -4.983698918820158141e+00 5.276217270570849216e+00 -4.983698918820158141e+00 -7.767565842392315290e+00
-1.248093722798454053e+01 1.199251867992245923e-01 -5.657016024259159614e+00 1.199251867992245923e-01 -5.741426363563306268e+00 4.398992304330839431e+00 -5.657016024259159614e+00 4.398992304330839431e+00 -2.252793454009371032e+01
4.433833561871565743e-01 -1.574160558889621475e+00 1.520329245849951216e-01 -1.574160558889621475e+00 9.609246780771437457e+00 -4.067114642866675567e+00 1.520329245849951216e-01 -4.067114642866675567e+00 4.466336912171779083e+00
-1.061666073284032397e+00 -5.483916034498126368e-01 3.997880616738596959e+00 -5.483916034498126368e-01 -1.047336349585234849e+01 1.246327754239371810e+00 3.997880616738596959e+00 1.246327754239371810e+00 -4.640159557784438782e+00
-1.252554362032943125e+01 -4.574615558524177672e+00 2.293523920341737465e+00 -4.574615558524177672e+00 -3.513828503970482853e+00 4.992838046225269721e-01 2.293523920341737465e+00 4.992838046225269721e-01 -5.560860506355114197e+00
-1.201423805424838953e+01 3.433173795299724329e-01 -3.125613053833366184e+00 3.433173795299724329e-01 -7.661126059507095576e+00 -9.480069686996507317e-01 -3.125613053833366184e+00 -9.480069686996507317e-01 -7.737054303163721336e+00
-1.831015567879719363e-01 -5.218497441559004635e+00 -1.511226584389225636e+00 -5.218497441559004635e+00 -2.027660305559381371e+00 -3.515854736836217520e-01 -1.511226584389225636e+00 -3.515854736836217520e-01 -7.352660372128728028e+00
-1.643148295946702220e+01 -4.323171934721554144e-01 -5.186336489869387556e+00 -4.323171934721554144e-01 -1.200842467768743127e+01 3.253772091685827039e-01 -5.186336489869387556e+00 3.253772091685827039e-01 -8.984848465238441051e+00
-7.772912109022450444e+00 -1.400471946015939828e+00 -2.174650918642263342e+00 -1.400471946015939828e+00 -5.978665467519839183e+00 -2.477527936258396846e+00 -2.174650918642263342e+00 -2.477527936258396846e+00 4.045959148105912284e+00
3.775673944509463364e+00 3.953733196876525913e+00 4.600230537948661436e+00 3.953733196876525913e+00 4.623987806780499810e+00 5.203151124128495120e+00 4.600230537948661436e+00 5.203151124128495120e+00 4.662980790104726658e+00
1.645542087911751494e+00 4.289736287813575188e+00 1.246542692446430500e+01 4.289736287813575188e+00 2.397146625386938457e+00 2.411327583176906320e+00 1.246542692446430500e+01 2.411327583176906320e+00 -2.149527404686250309e-01
-1.758814913828221904e+01 -1.290530875375172970e+00 2.417680469984190950e+00 -1.290530875375172970e+00 -3.886852982860641958e+00 -2.760934731632790129e+00 2.417680469984190950e+00 -2.760934731632790129e+00 -1.033327454857678518e+01
-9.009362784639295185e+00 -2.058624164316054106e+00 8.097032128433184761e-02 -2.058624164316054106e+00 -6.026519758241816183e-01 -2.322674201660979154e+00 8.097032128433184761e-02 -2.322674201660979154e+00 -5.699308160762506681e+00
1.384194562388426086e-01 1.248345521374464306e+00 -2.606232273393088494e+00 1.248345521374464306e+00 8.040985809551148833e-02 -2.199911939435804931e-01 -2.606232273393088494e+00 -2.199911939435804931e-01 8.297572965711590420e-01
2.270650335083241877e+00 3.548145531603871916e+00 5.816417977946302109e+00 3.548145531603871916e+00 -8.316432458596468180e+00 -4.843285246112301934e+00 5.816417977946302109e+00 -4.843285246112301934e+00 -4.898049628523383880e+00
1.118048246783626354e+00 -4.599750222264467059e-01 -4.361548066427005210e+00 -4.599750222264467059e-01 3.981220642244193697e-01 2.701861375148532751e+00 -4.361548066427005210e+00 2.701861375148532751e+00 -4.418635178019046705e+00
-1.234722470413982265e+01 -5.552111224847020132e+00 2.487957410154920002e+00 -5.552111224847020132e+00 -1.075796400251604945e+00 -5.056850291211117260e-02 2.487957410154920002e+00 -5.056850291211117260e-02 -4.421258528713866376e+00
-4.155548371499161675e+00 -3.546984673735229077e+00 5.690682410816574194e-02 -3.546984673735229077e+00 -5.245868983070224090e+00 -2.363570153259764606e+00 5.690682410816574194e-02 -2.363570153259764606e+00 -8.067896063520905159e+00
-1.084809570943611945e+01 -2.087020668378962718e+00 -2.181828891727995323e+00 -2.087020668378962718e+00 -1.129908032308734711e+00 -3.335607703886448228e+00 -2.181828891727995323e+00 -3.335607703886448228e+00 -1.768263596126989867e+01
-1.352026690044235657e+01 -2.431682937895674357e+00 3.535632967023754070e+00 -2.431682937895674357e+00 -5.063897883886572693e+00 8.157412824905918569e+00 3.535632967023754070e+00 8.157412824905918569e+00 -1.054887310682482671e+01
-1.404962090195094504e+01 -3.145015839865040741e-01 -5.827290922323192568e+00 -3.145015839865040741e-01 -1.007389638663120124e+01 5.879025208387827384e+00 -5.827290922323192568e+00 5.879025208387827384e+00 -2.484278571198845142e+01
5.644898348358706741e+00 -6.589043228184458201e+00 6.640577971038996719e-01 -6.589043228184458201e+00 1.009958490130670322e-01 2.542035041374573368e+00 6.640577971038996719e-01 2.542035041374573368e+00 2.709783899866926027e-01
-1.913411197024726818e+01 -2.003127749072290520e+00 -2.616113640321413580e+00 -2.003127749072290520e+00 -4.685951814048233466e+00 -5.987836189666482234e+00 -2.616113640321413580e+00 -5.987836189666482234e+00 3.978458310822938770e+00
3.364736781531517451e+00 -5.261509525987702496e+00 1.504531461564885042e+00 -5.261509525987702496e+00 -3.838491046187796130e+00 2.492989607201348878e+00 1.504531461564885042e+00 2.492989607201348878e+00 -2.013673329832236902e+00
-2.620444712196373427e+00 -1.716312729423146832e+00 9.894306959285981140e-01 -1.716312729423146832e+00 3.525353353153416691e+00 5.169449603583017527e+00 9.894306959285981140e-01 5.169449603583017527e+00 9.583223526414096582e+00
-1.180224002512362524e+01 2.329266121070562523e+00 -1.831514679118075417e+00 2.329266121070562523e+00 3.287651604419910889e+00 -1.034256541630853121e+01 -1.831514679118075417e+00 -1.034256541630853121e+01 1.055339375953560932e+01
-4.031956715662033730e+00 -3.682976099443844298e+00 -3.098582960904250783e+00 -3.682976099443844298e+00 -1.597318094755463935e+00 -1.091101591624754619e+00 -3.098582960904250783e+00 -1.091101591624754619e+00 -1.207496227392190846e+01
-4.188271558420075813e+00 3.028100667235633203e+00 3.426517434174274762e-02 3.028100667235633203e+00 -4.203816050315093200e+00 -1.147614171757559198e+00 3.426517434174274762e-02 -1.147614171757559198e+00 -1.928708066438978852e+00
-8.293910020809200034e+00 -4.067466916657431319e+00 2.502660493207445214e+00 -4.067466916657431319e+00 -7.513311519028907703e+00 1.956027434795758468e+00 2.502660493207445214e+00 1.956027434795758468e+00 -4.435343131621746871e+00
-4.153416260958413986e+00 1.966083560963852062e+00 -1.322226466026534542e-01 1.966083560963852062e+00 -1.486833206163700183e+00 -1.967728065713651331e+00 -1.322226466026534542e-01 -1.967728065713651331e+00 -7.718218880656031899e+00
-8.312366160459800923e+00 -3.743863923673588445e+00 7.030366482844969234e+00 -3.743863923673588445e+00 -5.119936112032650755e+00 -4.434708301311710343e+00 7.030366482844969234e+00 -4.434708301311710343e+00 -1.847671051484470084e+01
2.100069916350136623e+00 6.562734007473412845e+00 4.633826983168497726e+00 6.562734007473412845e+00 6.258701920055884216e+00 6.883291976956558145e+00 4.633826983168497726e+00 6.883291976956558145e+00 2.836375211905566740e+00
-1.557098370789511854e+01 7.304281743447693653e-01 -4.433812175653478960e+00 7.304281743447693653e-01 -1.352109542875623838e+01 -2.704981752517727212e-01 -4.433812175653478960e+00 -2.704981752517727212e-01 -8.804622795200197416e+00
-1.427774179122536458e+00 3.476869974113657946e+00 5.696558935385994893e+00 3.476869974113657946e+00 -1.001904953654208619e+00 2.626893100327417407e+00 5.696558935385994893e+00 2.626893100327417407e+00 -2.201418162885536045e+00
-8.892895153778473727e+00 -5.140931651914848466e-01 -2.326014634944656656e+00 -5.140931651914848466e-01 -3.773862107838380275e+00 -1.113972870653493707e+00 -2.326014634944656656e+00 -1.113972870653493707e+00 8.544283134410999736e+00
-1.339639240168674839e+01 -7.556561545159988791e-01 2.449463593331602240e+00 -7.556561545159988791e-01 -5.500928425348285522e+00 7.913959475466257665e+00 2.449463593331602240e+00 7.913959475466257665e+00 -6.153669293560088072e+00
1.023816471007921258e+01 2.121831104084273556e-01 3.602001997737711569e+00 2.121831104084273556e-01 5.899888449394107504e+00 -7.659770101927376729e+00 3.602001997737711569e+00 -7.659770101927376729e+00 2.335420648082435324e+00
-5.175061504400411572e+00 -4.460788734552645352e+00 9.439243172842146645e-01 -4.460788734552645352e+00 5.943553172949453511e+00 -4.080461599381196791e+00 9.439243172842146645e-01 -4.080461599381196791e+00 -2.943395970748371671e+00
4.775107918673644924e+00 -2.654394632060502968e+00 4.207740866665372614e+00 -2.654394632060502968e+00 1.001477504497214710e+01 2.945852509298411359e+00 4.207740866665372614e+00 2.945852509298411359e+00 9.616050643177871393e+00
-6.697986976825442085e+00 -3.368197092668204773e-01 -5.115931111927340069e+00 -3.368197092668204773e-01 3.340617221517709901e+00 3.950557226157653368e+00 -5.115931111927340069e+00 3.950557226157653368e+00 -1.393847755000631139e+01
-9.260845438321743117e+00 5.329268711486085941e-01 -2.096660172876163131e+00 5.329268711486085941e-01 -7.980049107007523901e+00 -1.812928929109439702e+00 -2.096660172876163131e+00 -1.812928929109439702e+00 -7.750168069151789574e+00
-1.080666170832986239e+01 -2.621398590237546511e+00 4.843097203990806676e+00 -2.621398590237546511e+00 -2.093249885364851792e+00 7.650060083140614253e+00 4.843097203990806676e+00 7.650060083140614253e+00 -1.083667665716023265e+01
9.477435728630490885e+00 1.711316796256772133e+00 -1.541019602535612876e+00 1.711316796256772133e+00 -2.515174999105539655e+00 1.617061268512590466e+00 -1.541019602535612876e+00 1.617061268512590466e+00 2.183539266125772205e+00
-4.777553542463436997e+00 -1.322676831773319073e+00 -4.388380887950519949e+00 -1.322676831773319073e+00 4.173001444384360603e+00 -1.292249378318315767e+00 -4.388380887950519949e+00 -1.292249378318315767e+00 1.053539492128789590e+01
1.299946271746173387e+00 5.243588651494929920e+00 4.317185222072439932e-01 5.243588651494929920e+00 1.346727342089614687e+01 -8.350952328982929274e+00 4.317185222072439932e-01 -8.350952328982929274e+00 6.264570511877598946e+00
-2.264420606110754264e+01 -1.224867547729197259e+00 9.710831161590700866e-02 -1.224867547729197259e+00 -8.215251122940832929e+00 -5.012860178624203300e+00 9.710831161590700866e-02 -5.012860178624203300e+00 -3.430636055118607253e+00
9.967937034133376173e+00 8.225919863968867318e+00 -2.745445476041304733e+00 8.225919863968867318e+00 1.854829240784846123e+00 3.793195241166044118e-01 -2.745445476041304733e+00 3.793195241166044118e-01 4.609493035692773688e+00
