-4.253781525234498595e+00 3.435690405274116621e+00 2.997037300194894893e+00 3.435690405274116621e+00 -7.002709896476956963e+00 1.331107934402308846e-01 2.997037300194894893e+00 1.331107934402308846e-01 4.784952050772917964e+00
1.007281314899713509e+00 1.191733435214840098e+00 4.873622046422376730e-02 1.191733435214840098e+00 2.140428182080506281e-01 -5.466149797583020886e-01 4.873622046422376730e-02 -5.466149797583020886e-01 1.826454301569897520e+00
-9.020444637308627778e-01 3.460293773944635554e+00 3.370213527702943246e+00 3.460293773944635554e+00 -2.829036841970144600e+00 5.834125417359925514e-01 3.370213527702943246e+00 5.834125417359925514e-01 -3.151590051132316717e+00
-1.514012678346922103e+00 -6.357576748557481894e-01 -2.574452250182169277e-01 -6.357576748557481894e-01 1.142128050551713070e+00 -1.739515177845774307e-01 -2.574452250182169277e-01 -1.739515177845774307e-01 7.149913449191531989e-02
9.666379055839343648e-01 8.446895183789303596e-01 7.102873604105438554e-01 8.446895183789303596e-01 2.955462853806311685e+00 2.587544671304178312e+00 7.102873604105438554e-01 2.587544671304178312e+00 1.229058881732441044e+00
3.592040568653647181e+00 2.648043190993399687e+00 -1.602385747446381181e+00 2.648043190993399687e+00 2.549593605841961264e+00 4.161401920844089997e-01 -1.602385747446381181e+00 4.161401920844089997e-01 2.147888972919314465e+00
-7.602397284790344045e+00 1.623071092382727176e+00 4.730806867134714766e-01 1.623071092382727176e+00 -4.382283888489274304e+00 -1.983137342964061078e+00 4.730806867134714766e-01 -1.983137342964061078e+00 1.780291745900644873e+00
1.433019270871951134e+00 2.333960340655842902e+00 -7.840387971786969001e-02 2.333960340655842902e+00 -1.015672181304657196e+00 -2.630728557314692129e+00 -7.840387971786969001e-02 -2.630728557314692129e+00 -2.250782932560708272e+00
-1.686858765808431526e+00 -9.015521708126064127e-01 5.352264374731467989e-01 -9.015521708126064127e-01 4.843205126681144002e+00 -2.438136079690540026e+00 5.352264374731467989e-01 -2.438136079690540026e+00 -8.566554500551868401e+00
-2.948398104334863046e+00 -2.282711718625582975e+00 -4.478764964809069937e-01 -2.282711718625582975e+00 1.206092791071724069e+00 -4.677728827679700219e-01 -4.478764964809069937e-01 -4.677728827679700219e-01 5.390386704904507331e-01
8.653096208914673682e+00 3.576751682255467912e+00 1.247523648224385218e+00 3.576751682255467912e+00 6.072360001895430237e+00 -1.922906987810329704e-01 1.247523648224385218e+00 -1.922906987810329704e-01 3.486596731807744654e+00
-2.772320150807057626e+00 -1.403658556453645456e+00 2.215890149193377456e-01 -1.403658556453645456e+00 -5.381780094339375431e+00 -1.857108703685117268e+00 2.215890149193377456e-01 -1.857108703685117268e+00 6.116958289836961882e+00
1.472507353779076045e+00 9.553471298144904089e-02 1.765989071980594849e+00 9.553471298144904089e-02 4.636538841137797462e+00 -2.374221633087528094e+00 1.765989071980594849e+00 -2.374221633087528094e+00 -1.692267862886162266e+00
5.624349789636555741e+00 4.672650621628806622e-01 1.190371767245612222e+00 4.672650621628806622e-01 2.431190000171942867e+00 -1.279666055764107080e-01 1.190371767245612222e+00 -1.279666055764107080e-01 3.581370943829544018e+00
-4.507182079324868695e+00 2.082277913067110298e+00 1.632575079743914248e+00 2.082277913067110298e+00 -1.416988172924032563e+00 1.603367390365547374e-01 1.632575079743914248e+00 1.603367390365547374e-01 -2.535514187353193449e+00
4.986745415439859386e+00 7.228020899229500307e-01 -1.335743606995080102e-01 7.228020899229500307e-01 4.609705403848250782e+00 8.390825872043085054e-01 -1.335743606995080102e-01 8.390825872043085054e-01 5.076225032024352046e+00
6.279150967695636076e+00 5.113818846720609379e+00 1.080674143196103554e+00 5.113818846720609379e+00 2.684420926843848587e+00 1.472325782750500522e+00 1.080674143196103554e+00 1.472325782750500522e+00 1.650358860919977300e+00
2.973128314839316388e+00 2.053255753512551074e+00 7.168345455928150090e-01 2.053255753512551074e+00 1.963987729376790448e+00 5.688955571859773963e-01 7.168345455928150090e-01 5.688955571859773963e-01 2.815978289036553117e-01
6.104789768176455134e+00 3.518512191533226474e+00 -1.002677313186576047e+00 3.518512191533226474e+00 2.315459740484974438e-01 -6.430719245960767050e-02 -1.002677313186576047e+00 -6.430719245960767050e-02 1.391025542563588235e+00
-5.510994230359591572e-01 5.675515169580324093e-01 1.087384479538752724e-02 5.675515169580324093e-01 -5.619749304987466054e+00 3.813660215165194378e-01 1.087384479538752724e-02 3.813660215165194378e-01 6.656314355448081699e+00
6.294745088953171752e+00 7.968989164908775180e-01 1.371278378146719490e+00 7.968989164908775180e-01 4.916835583314216329e+00 1.905334020654056548e+00 1.371278378146719490e+00 1.905334020654056548e+00 3.800777293215082953e-01
1.393668948028264021e+00 -5.383308704717578941e+00 -2.406436839271075989e+00 -5.383308704717578941e+00 -5.124235478305891878e-01 -1.256013708533826767e+00 -2.406436839271075989e+00 -1.256013708533826767e+00 1.422179149203260939e+00
-6.054905755215748364e+00 7.054024859730614327e-01 5.927560474445978667e-01 7.054024859730614327e-01 -3.559438202019947983e+00 2.786408424704912346e+00 5.927560474445978667e-01 2.786408424704912346e+00 1.356293085333622805e+01
5.134526912416594868e+00 2.392539001599278681e+00 1.597547061692272674e+00 2.392539001599278681e+00 2.719621039955696595e+00 2.620276560403890231e-01 1.597547061692272674e+00 2.620276560403890231e-01 6.482536192824774446e+00
2.951545817767421198e+00 1.122098868878069755e+00 7.477428340798479844e-01 1.122098868878069755e+00 -2.427480173944318587e+00 9.618842379848593360e-01 7.477428340798479844e-01 9.618842379848593360e-01 3.062411449550288545e-01
3.786091461876868625e+00 1.057179976619598616e+00 7.415204054506281395e-01 1.057179976619598616e+00 -1.992207874071614926e+00 1.553940375697367537e+00 7.415204054506281395e-01 1.553940375697367537e+00 1.501175965334209161e+00
3.474562867471038263e+00 1.554416014746381691e+00 2.933659977645564076e+00 1.554416014746381691e+00 -1.504619931998615323e+00 6.463434068135215371e-01 2.933659977645564076e+00 6.463434068135215371e-01 -3.922418175614031943e-01
1.757912665370129579e+00 -3.612733673029477011e+00 1.470113769461918629e+00 -3.612733673029477011e+00 -3.740625905863544265e+00 3.241942481811405319e+00 1.470113769461918629e+00 3.241942481811405319e+00 -2.124882585309546101e+00
6.994268353183629827e+00 -1.914871623504073306e-01 -1.192662240940668861e+00 -1.914871623504073306e-01 1.767511212637870921e+00 -9.468884796884605715e-01 -1.192662240940668861e+00 -9.468884796884605715e-01 -1.844155675612719314e+00
-2.570585794025189053e+00 3.729282613820648073e+00 5.178841521025180361e-01 3.729282613820648073e+00 -6.120239389506452632e+00 -2.324826564487720848e-01 5.178841521025180361e-01 -2.324826564487720848e-01 1.354080052855806793e+00
5.006749126092298052e-01 1.778336823673707823e+00 1.067651946942713703e+00 1.778336823673707823e+00 2.118995239429103172e+00 -1.026962126794158880e+00 1.067651946942713703e+00 -1.026962126794158880e+00 5.066646224422812317e+00
-3.476670592840742646e+00 5.056139940497027530e-01 1.309071359895639164e+00 5.056139940497027530e-01 -2.663718311959715646e+00 -1.739140215143510915e+00 1.309071359895639164e+00 -1.739140215143510915e+00 -1.503806987681180818e+00
-1.609990519953907517e+00 -4.040572553388411592e+00 -2.412466743971150240e+00 -4.040572553388411592e+00 -1.657611184315730846e+00 1.309875374642764934e+00 -2.412466743971150240e+00 1.309875374642764934e+00 2.575970837282031134e+00
-1.774520536234924784e+00 1.247125285238026987e-01 -1.810223636214969289e+00 1.247125285238026987e-01 -3.242021215586915694e+00 -9.233062881348510498e-01 -1.810223636214969289e+00 -9.233062881348510498e-01 6.400653737954817402e+00
3.147121928793856771e+00 -2.515890647116228784e+00 8.907030227825840640e-01 -2.515890647116228784e+00 8.201723649260763693e+00 -6.789690257066813839e-01 8.907030227825840640e-01 -6.789690257066813839e-01 3.069336174854927268e+00
5.221283192217522462e+00 -5.911907031662427592e+00 -3.019266540861721193e+00 -5.911907031662427592e+00 5.958005495026796439e+00 2.457584338533806978e+00 -3.019266540861721193e+00 2.457584338533806978e+00 9.891258621482917235e+00
1.370848416737843467e-01 -8.639222657613664369e-01 3.384188004312130182e+00 -8.639222657613664369e-01 2.718089448956480525e-01 2.258393496681500690e+00 3.384188004312130182e+00 2.258393496681500690e+00 -7.985861289134225771e+00
-1.971095496360625754e+00 -2.928520818923488811e+00 1.092006934768807946e+00 -2.928520818923488811e+00 3.361662921825528727e+00 1.095100121841126484e+00 1.092006934768807946e+00 1.095100121841126484e+00 4.865487351979720820e+00
-2.546960371758604236e+00 -7.785182277764972625e-01 2.163075707250363966e-01 -7.785182277764972625e-01 -6.334080945162779974e-01 -2.277244710920462101e+00 2.163075707250363966e-01 -2.277244710920462101e+00 1.980248312990951831e+00
-2.696305575639367458e+00 2.217432333349416140e+00 2.618255102575607562e+00 2.217432333349416140e+00 -9.869710068092982791e-01 -4.183874807227891957e-01 2.618255102575607562e+00 -4.183874807227891957e-01 -1.063292638606651463e+00
-2.490802121887393916e+00 -1.495127735236775057e-01 -5.898925786766646695e-01 -1.495127735236775057e-01 -2.120043830452289946e+00 1.148223077145304361e+00 -5.898925786766646695e-01 1.148223077145304361e+00 7.952875004348773924e-01
-1.097524480452191931e+01 1.376965786117335666e-01 1.036266469474468765e+00 1.376965786117335666e-01 -1.049210339071594156e+01 -3.561009906510102518e-01 1.036266469474468765e+00 -3.561009906510102518e-01 9.037159720015134567e+00
3.261856282378798433e+00 9.090435378393040000e-02 4.333874205826540593e-01 9.090435378393040000e-02 9.211072523495039688e-01 2.260880233268899309e-01 4.333874205826540593e-01 2.260880233268899309e-01 -4.559383414568345394e-01
3.638252533288266477e-01 4.727787199039628074e-01 -4.526647040502938535e-01 4.727787199039628074e-01 2.694773745574640778e+00 1.655814519382390881e-01 -4.526647040502938535e-01 1.655814519382390881e-01 -4.685404094205110503e+00
-6.615561397551476652e+00 -2.144790879152442542e-01 -2.905246406830395145e-01 -2.144790879152442542e-01 -5.828209159562564246e+00 2.136823963092693290e+00 -2.905246406830395145e-01 2.136823963092693290e+00 6.502216953104793085e+00
1.820567291269918897e+00 1.881751893635460915e+00 -5.379291933514074309e-01 1.881751893635460915e+00 -5.114458617574247690e+00 -9.029321226693171054e-01 -5.379291933514074309e-01 -9.029321226693171054e-01 9.231980812746535259e-01
-3.396880769743809925e+00 1.367975038854749581e+00 -8.856357177619054166e-01 1.367975038854749581e+00 -4.716159155279736837e+00 1.111315310420547098e+00 -8.856357177619054166e-01 1.111315310420547098e+00 -6.438718090867959765e-01
7.356717257999201287e+00 1.800953221338934540e+00 1.925252983239620574e+00 1.800953221338934540e+00 2.976807579479059385e+00 1.805969195734587363e+00 1.925252983239620574e+00 1.805969195734587363e+00 -4.028881848741471927e+00
-1.796212577623189421e+00 -1.768608070979798219e+00 -2.158242418853404843e+00 -1.768608070979798219e+00 5.123311968598149413e+00 -1.871478050256992987e+00 -2.158242418853404843e+00 -1.871478050256992987e+00 2.481149878623792659e+00
1.648042460910215112e+00 -1.183345417656193471e-01 -1.701736511147562969e-01 -1.183345417656193471e-01 -2.838975579154399131e-01 1.308183702782947488e+00 -1.701736511147562969e-01 1.308183702782947488e+00 3.089087258998968633e+00
-1.614553559021503437e+00 5.240542194856670832e+00 -7.269198325877467282e-01 5.240542194856670832e+00 -8.388056595883105260e+00 -4.166538392892388254e-01 -7.269198325877467282e-01 -4.166538392892388254e-01 -4.431160619831713277e+00
1.327991431633572539e+01 2.747109098351391054e+00 -1.539728787075208105e+00 2.747109098351391054e+00 4.159253125796640305e+00 6.168437041117994513e-01 -1.539728787075208105e+00 6.168437041117994513e-01 5.276878125111048590e+00
-9.644312381090244912e+00 -1.381365449341052987e+00 -7.489135285493079275e-01 -1.381365449341052987e+00 -3.931634617538360410e-01 1.157472767874506037e+00 -7.489135285493079275e-01 1.157472767874506037e+00 -1.402613277849486861e+00
2.155601201821081503e+00 1.969630118155213605e+00 -1.365962687339600912e+00 1.969630118155213605e+00 3.840404433976208232e+00 -5.267616326886882527e-01 -1.365962687339600912e+00 -5.267616326886882527e-01 4.508329290357654173e+00
7.836252773217485590e+00 -1.593794547623473390e+00 -2.365508818746204778e+00 -1.593794547623473390e+00 1.894398595835585786e+00 2.214730760192045178e+00 -2.365508818746204778e+00 2.214730760192045178e+00 1.197546594559656263e+01
4.700250825837227531e+00 -1.240338583228493663e+00 -3.521898383951611033e-01 -1.240338583228493663e+00 1.027112034476181490e+00 -4.642955075616321814e-01 -3.521898383951611033e-01 -4.642955075616321814e-01 2.968751512640218859e+00
5.763702152733347184e+00 4.643731346915908054e-01 1.387982662810195000e+00 4.643731346915908054e-01 1.687437824747747062e+00 -3.699215794791826717e+00 1.387982662810195000e+00 -3.699215794791826717e+00 -3.165939980912187313e+00
3.247845988972600573e+00 3.195594371621246044e+00 -2.806610109116719265e+00 3.195594371621246044e+00 -1.943093290474156465e+00 5.426008792822324678e-02 -2.806610109116719265e+00 5.426008792822324678e-02 -3.386124480837108042e+00
-4.507669470514435339e+00 -2.127089603756274983e+00 8.847625882578468159e-01 -2.127089603756274983e+00 2.917319196299101858e+00 1.303664209723983225e+00 8.847625882578468159e-01 1.303664209723983225e+00 1.480241923526456338e-01
-6.142289434558625416e+00 2.371795143891267943e-01 -5.744359918027385215e-01 2.371795143891267943e-01 -9.242551774418817701e+00 5.726012757941416620e-01 -5.744359918027385215e-01 5.726012757941416620e-01 5.946042774083519333e+00
4.203055213042742544e+00 2.829821389858579561e+00 1.785574118025872403e+00 2.829821389858579561e+00 -4.015140254972204836e+00 3.737648024819410608e+00 1.785574118025872403e+00 3.737648024819410608e+00 -5.047385537219859941e+00
-2.028779067507312739e+00 1.430833439346219205e+00 -3.052143452793244505e-01 1.430833439346219205e+00 -1.521229624367181454e+00 1.073312055583253377e+00 -3.052143452793244505e-01 1.073312055583253377e+00 -2.556668423312515426e+00
-1.249653649739381533e+00 -1.659879946627373259e+00 -3.252670286610601091e-01 -1.659879946627373259e+00 -4.713593496712083497e-01 -3.932501183843448156e-01 -3.252670286610601091e-01 -3.932501183843448156e-01 1.019960311534010877e+01
3.298210352964698000e+00 3.869305736850219002e-02 8.953361331967837344e-01 3.869305736850219002e-02 3.219363832804567505e+00 -9.870495937690855204e-01 8.953361331967837344e-01 -9.870495937690855204e-01 1.779058200107550558e+00
-1.634077574710512071e+00 4.621672761198599155e-01 -7.738528408762371802e-01 4.621672761198599155e-01 -2.114318846793664441e+00 8.210864372739092865e-01 -7.738528408762371802e-01 8.210864372739092865e-01 -3.309019892579345701e+00
6.897243218791881958e+00 -5.603586047273470538e-02 1.777662642430095863e+00 -5.603586047273470538e-02 2.365199589247066303e+00 -1.165507907419002009e+00 1.777662642430095863e+00 -1.165507907419002009e+00 -4.184112223067870673e-01
6.464449998547817877e+00 -4.588523001967159232e+00 -3.292334117162939999e-01 -4.588523001967159232e+00 5.977985328218387018e+00 -1.196512642736142107e+00 -3.292334117162939999e-01 -1.196512642736142107e+00 5.075003269862050637e+00
2.928807874291401436e+00 -3.038464261034273584e+00 -1.429974745851593010e+00 -3.038464261034273584e+00 2.539158733229074816e+00 -2.801400282207813230e+00 -1.429974745851593010e+00 -2.801400282207813230e+00 3.584529252510583408e+00
-2.099711443316166992e+00 -7.121851580478623725e-03 6.176493496524039228e-01 -7.121851580478623725e-03 1.218043743462171764e-02 2.176721442453176891e+00 6.176493496524039228e-01 2.176721442453176891e+00 5.864725282370112147e+00
3.373899194036102500e+00 9.922328651146561374e-01 -4.879214085196208472e-01 9.922328651146561374e-01 5.262349096641022683e+00 1.233130182500380201e+00 -4.879214085196208472e-01 1.233130182500380201e+00 1.436004370685324272e+00
-1.065044863711224998e+01 -8.427172331435720531e-01 1.658036566945208234e-01 -8.427172331435720531e-01 -6.831409082164012325e+00 1.148831854960301824e+00 1.658036566945208234e-01 1.148831854960301824e+00 6.155321657756657849e+00
1.466674550446696701e+00 -4.515291844576012181e+00 -2.994383238160607252e-01 -4.515291844576012181e+00 5.137673450282257193e+00 7.843568161461591526e-01 -2.994383238160607252e-01 7.843568161461591526e-01 -1.758767574864593675e+00
1.028869142762043154e+01 2.075873921561174118e+00 -4.887062591122821154e+00 2.075873921561174118e+00 7.430107981436503417e-01 -1.940033526797033225e+00 -4.887062591122821154e+00 -1.940033526797033225e+00 6.403137302524896768e+00
-3.382167635812399542e+00 -5.433253898713499730e+00 -3.694988928545083762e-01 -5.433253898713499730e+00 6.538821081793341428e+00 2.126927645978688108e+00 -3.694988928545083762e-01 2.126927645978688108e+00 3.993317356120989370e+00
-2.277374297265867042e+00 2.020808989175969739e+00 -3.669725103416976997e-01 2.020808989175969739e+00 -1.539431982018938827e+00 7.405670448097301239e-01 -3.669725103416976997e-01 7.405670448097301239e-01 -2.781571200897043350e-01
4.445545548980139650e+00 -1.179776979147584282e+00 -2.789547631545579609e+00 -1.179776979147584282e+00 -5.152070313283464015e-02 2.420137907070577798e-01 -2.789547631545579609e+00 2.420137907070577798e-01 3.154386464370686483e-01
4.511899280384312205e-01 1.387296067168473090e-01 3.309716831226356404e-01 1.387296067168473090e-01 -4.187528021701741210e+00 -1.891017830407607292e+00 3.309716831226356404e-01 -1.891017830407607292e+00 -5.345498942124585540e+00
4.196939574610992096e+00 -9.928585882094012049e-01 2.137936440147885975e+00 -9.928585882094012049e-01 1.266072846729599410e+00 1.421996038870656065e+00 2.137936440147885975e+00 1.421996038870656065e+00 -1.289919743851128731e+00
5.537690666860187960e+00 -1.865295401137465170e+00 -6.357275944975668835e-01 -1.865295401137465170e+00 1.754898877863444451e+00 2.295368979900891393e+00 -6.357275944975668835e-01 2.295368979900891393e+00 1.442720594646345056e+00
-7.790561875310946682e+00 -3.584510498681806823e+00 -7.048559173090113150e-01 -3.584510498681806823e+00 -1.429861538890629280e+00 -2.340540891740028773e+00 -7.048559173090113150e-01 -2.340540891740028773e+00 1.211615712852081028e+00
4.768464016237465408e+00 -5.735015144387102026e+00 -6.790257683946046008e-01 -5.735015144387102026e+00 -2.377501032422569605e+00 3.311292687115190869e+00 -6.790257683946046008e-01 3.311292687115190869e+00 -6.444044700087884436e+00
6.094592886453045644e+00 1.680473423330564320e-01 -1.725578951053196475e+00 1.680473423330564320e-01 2.396148829697562377e+00 1.566644149624076554e-01 -1.725578951053196475e+00 1.566644149624076554e-01 4.557711721192932330e+00
5.796588337445315986e+00 -9.095706138127026552e-01 -2.311293292648206599e+00 -9.095706138127026552e-01 9.100660445821674216e+00 2.406794622274273543e+00 -2.311293292648206599e+00 2.406794622274273543e+00 9.878478698096262889e+00
3.999344998269781293e+00 -1.736370908961446746e+00 -5.106117379011148927e+00 -1.736370908961446746e+00 4.849876044961575206e-01 -3.738695713491857475e-01 -5.106117379011148927e+00 -3.738695713491857475e-01 1.140269038797572598e+01
-2.638930693053490817e+00 8.921807320458776669e-01 4.859213004448022510e-01 8.921807320458776669e-01 9.593386543893525076e-01 -2.528411445507424915e+00 4.859213004448022510e-01 -2.528411445507424915e+00 2.825416590428493357e+00
-1.502982429187247115e+00 -2.338217734923790481e+00 -7.958830835804948656e-01 -2.338217734923790481e+00 -1.469379377752121574e+00 4.643043248368370901e-01 -7.958830835804948656e-01 4.643043248368370901e-01 4.492299829888886098e-01
-1.043101043673596573e+00 1.821300293679243953e+00 -6.216146761081577932e-01 1.821300293679243953e+00 1.648990540319068110e+00 1.891206829188388561e+00 -6.216146761081577932e-01 1.891206829188388561e+00 -3.190687438122962849e+00
9.906399848405130770e-01 2.022153491964081340e+00 1.713496516323256058e+00 2.022153491964081340e+00 1.471851567598222221e+00 -4.653945960353386146e-01 1.713496516323256058e+00 -4.653945960353386146e-01 1.226750545002749070e-02
3.989830286173006613e+00 -2.210332520615895913e+00 -1.763714994292063520e-01 -2.210332520615895913e+00 2.310714048126217612e+00 1.403503293355891524e+00 -1.763714994292063520e-01 1.403503293355891524e+00 7.286560366133010724e+00
-9.527082078760193085e+00 -1.670008983005647707e+00 4.602685499385325563e-01 -1.670008983005647707e+00 -7.876523337563448024e+00 9.416620347088485721e-01 4.602685499385325563e-01 9.416620347088485721e-01 1.793757746122859764e+00
1.039162636690408176e-01 3.757541935850481796e+00 2.269892372830041527e+00 3.757541935850481796e+00 -4.753264554054353219e+00 1.070238413087349016e+00 2.269892372830041527e+00 1.070238413087349016e+00 1.950655821982400839e+00
-1.889280493585983711e+00 -1.196167372253470473e+00 1.394604360207811478e-02 -1.196167372253470473e+00 2.953586187590035994e+00 3.583106549112105910e+00 1.394604360207811478e-02 3.583106549112105910e+00 -7.168873412828585145e+00
8.233725615378153506e+00 6.169194168626711550e-01 5.640327895037834161e+00 6.169194168626711550e-01 8.133878921647594851e+00 1.238878262111646533e+00 5.640327895037834161e+00 1.238878262111646533e+00 1.421845738457392017e+01
-2.983675629631192816e+00 2.411589764777012146e+00 -4.941530537738787476e-01 2.411589764777012146e+00 -3.505456716810733564e+00 -9.747720506507163707e-01 -4.941530537738787476e-01 -9.747720506507163707e-01 -2.737750937373788940e+00
7.279465177562233436e+00 1.327625364725214085e+00 -4.831120478347019631e-01 1.327625364725214085e+00 -1.019621173311955759e-01 -1.540433821068682763e+00 -4.831120478347019631e-01 -1.540433821068682763e+00 7.296369664771236607e+00
-9.678728735592788013e+00 -1.019767767797556068e+00 6.456374106675748514e-01 -1.019767767797556068e+00 -7.563149332035718153e+00 4.371154097098091662e-01 6.456374106675748514e-01 4.371154097098091662e-01 1.461364395097566327e+00
-4.700598481175137233e-01 -1.066322804205311225e+00 -2.240980134689252612e+00 -1.066322804205311225e+00 -4.638831494096367636e-01 -1.446562838111268845e-01 -2.240980134689252612e+00 -1.446562838111268845e-01 5.129852119273613731e+00
-7.436134796764159560e+00 -4.463150069902762085e-01 -1.638122733106226692e+00 -4.463150069902762085e-01 -3.635700176281581264e+00 -1.869249991647313980e+00 -1.638122733106226692e+00 -1.869249991647313980e+00 -1.328275058823926047e+00
7.732584488117835719e-02 1.236217608155795400e+00 1.554229409508181448e+00 1.236217608155795400e+00 -4.520195904346039129e+00 -1.368619588957733280e+00 1.554229409508181448e+00 -1.368619588957733280e+00 2.180363394871421168e+00
2.675833810610576680e-01 -4.796269490687547071e-02 -2.576081281692287561e+00 -4.796269490687547071e-02 2.646590146888398460e-03 1.076205405007443661e+00 -2.576081281692287561e+00 1.076205405007443661e+00 4.421287018505382527e+00
