-1.505570926629615514e+01 3.359755247643057441e+00 -4.610807908023904389e+00 3.359755247643057441e+00 -7.821622024737622247e+00 -5.457467234379041798e+00 -4.610807908023904389e+00 -5.457467234379041798e+00 -2.369167930863032012e+00
-1.180081953492702951e+00 -2.819067000810618229e+00 2.791913524993594020e+00 -2.819067000810618229e+00 1.986886228405932764e+00 1.102237832809454421e+00 2.791913524993594020e+00 1.102237832809454421e+00 -2.316718345678167257e+00
-1.069315529580495827e+01 -1.344969856788620577e+00 -1.359878484484214889e+00 -1.344969856788620577e+00 -4.552985948162372454e-01 -4.080793830657048815e+00 -1.359878484484214889e+00 -4.080793830657048815e+00 1.688037354244153743e-01
-2.838369287554426967e-01 1.755329114762842702e+00 -1.207124624906655397e+00 1.755329114762842702e+00 3.412840742523699955e+00 1.328587742331376331e+00 -1.207124624906655397e+00 1.328587742331376331e+00 5.868554741075290515e+00
-4.126181688379684687e+00 -2.729595910420731464e+00 1.906600654913367165e+00 -2.729595910420731464e+00 -6.394590600814504811e+00 7.935810520448452365e+00 1.906600654913367165e+00 7.935810520448452365e+00 1.063236854212602900e+01
-3.964548822299683639e+00 5.899453718853563400e-01 -3.202565170008420115e+00 5.899453718853563400e-01 -4.573697185010013655e+00 -2.098761869349548004e+00 -3.202565170008420115e+00 -2.098761869349548004e+00 7.725744704030131693e+00
3.750741827730229017e-01 3.478936558026416215e+00 -6.708367609772140083e-01 3.478936558026416215e+00 3.797801973819065591e+00 -2.589496584650735400e+00 -6.708367609772140083e-01 -2.589496584650735400e+00 2.005430381090017811e+00
-8.908346220645070090e+00 1.354718078580850360e+00 3.616805785011647373e-02 1.354718078580850360e+00 -5.202450443587039786e+00 1.707238742731810310e+00 3.616805785011647373e-02 1.707238742731810310e+00 9.224874165240407820e+00
-7.239180120139028674e+00 -5.142822545520222555e+00 1.868722001125397991e+00 -5.142822545520222555e+00 -7.592301802136224076e+00 5.071435291906591480e+00 1.868722001125397991e+00 5.071435291906591480e+00 9.972441824661778753e+00
1.124914934922160548e+01 3.977807552838556138e+00 2.834314945279512443e+00 3.977807552838556138e+00 -1.543131843640266787e+00 7.974123071562292386e-01 2.834314945279512443e+00 7.974123071562292386e-01 2.753054985572065760e+01
-6.328322342812930934e-01 6.174581735319896181e-01 1.530143180750558329e+00 6.174581735319896181e-01 -1.329963515703699528e+01 -4.991487119700901282e-02 1.530143180750558329e+00 -4.991487119700901282e-02 -7.189865638601417253e+00
-8.966259305288889481e-01 -4.178452808977870525e+00 -2.691372450332233157e+00 -4.178452808977870525e+00 -4.208544493253845609e+00 2.910497596347299876e+00 -2.691372450332233157e+00 2.910497596347299876e+00 -3.475980714093782176e+00
-9.526029151878352863e+00 1.622561225303872146e+00 1.411526537091571720e+00 1.622561225303872146e+00 -1.012213649017095562e+01 -3.252246493865948440e-01 1.411526537091571720e+00 -3.252246493865948440e-01 4.179440723921176826e+00
-4.190723258531763307e+00 -7.458610794859866777e-01 1.545711111676462135e+00 -7.458610794859866777e-01 -1.195491096752945737e+01 2.136394070575664828e-01 1.545711111676462135e+00 2.136394070575664828e-01 -6.212964672710666214e+00
-6.467362832977078035e+00 -2.651134066105988563e+00 -2.696220489849559421e+00 -2.651134066105988563e+00 -7.370936644785458292e+00 -2.575763176602585247e+00 -2.696220489849559421e+00 -2.575763176602585247e+00 5.958357394530975348e+00
3.864230625238374572e-01 1.896315675104345566e-01 -9.436902794821389051e-01 1.896315675104345566e-01 4.040222826720427207e+00 1.376055223934113725e+00 -9.436902794821389051e-01 1.376055223934113725e+00 1.254934694954354590e+01
-1.977443304600501772e+00 -6.074538861007390267e+00 -1.624875466932501178e+00 -6.074538861007390267e+00 6.411489895414180573e+00 -1.836824787808996273e+00 -1.624875466932501178e+00 -1.836824787808996273e+00 1.365873873950548711e+00
-9.360573395459308443e+00 -4.363635811907652595e+00 4.202659231351079661e-01 -4.363635811907652595e+00 -1.083772015842649417e+01 6.719157623926395040e-01 4.202659231351079661e-01 6.719157623926395040e-01 5.034600521405162787e+00
3.629697587648093027e+00 2.996215759271609880e+00 4.417759094837705014e+00 2.996215759271609880e+00 1.427310173591374287e+01 -1.556063417634208745e+00 4.417759094837705014e+00 -1.556063417634208745e+00 -7.339396731145848840e-02
2.174603896361894328e+00 -2.385508717547585977e+00 -1.483337903950923575e+00 -2.385508717547585977e+00 9.190760115522251805e-01 -1.184528347959989736e+00 -1.483337903950923575e+00 -1.184528347959989736e+00 4.594175411826050270e-01
1.395922615145605672e+00 -7.514645230320402547e+00 -6.360536860414968130e-01 -7.514645230320402547e+00 -7.854244250355115753e+00 1.250845229231346112e+00 -6.360536860414968130e-01 1.250845229231346112e+00 1.489034555045716246e+01
-2.026874637651485234e+00 -1.232463926404912691e+01 3.999786251179214602e+00 -1.232463926404912691e+01 -4.026285296185210250e+00 3.864548903262007506e+00 3.999786251179214602e+00 3.864548903262007506e+00 6.259246652833541980e+00
2.158440667001420454e+00 2.977899379082258768e+00 2.786266768548153028e+00 2.977899379082258768e+00 5.114032716702229253e-01 5.054675598359690269e+00 2.786266768548153028e+00 5.054675598359690269e+00 -1.363122409748887653e+00
2.430246509572837610e+00 -3.433439673459671160e-01 3.342652906139309099e+00 -3.433439673459671160e-01 5.801656963740192907e+00 -3.098939451636443243e-01 3.342652906139309099e+00 -3.098939451636443243e-01 7.124172071320822752e+00
-1.096508790710932502e+01 4.161821974850266947e+00 3.741975966058176617e+00 4.161821974850266947e+00 -1.598307679792675629e+01 -3.982803542420936260e+00 3.741975966058176617e+00 -3.982803542420936260e+00 4.194225121669895806e+00
6.233714339868694942e+00 1.719062261305071448e+00 1.456527595220645566e+00 1.719062261305071448e+00 6.307824725890839090e+00 6.025969847311698047e+00 1.456527595220645566e+00 6.025969847311698047e+00 8.383244604622181129e+00
-6.856819680804937533e-02 -3.123185690999940256e+00 -7.488797709119674018e+00 -3.123185690999940256e+00 -6.138735406452372700e+00 4.539814014334898395e+00 -7.488797709119674018e+00 4.539814014334898395e+00 8.865211437634755498e+00
-4.140246701539610719e+00 -4.220090791545812792e+00 -6.654811959447407554e-01 -4.220090791545812792e+00 -3.127763935094038938e+00 -1.229087558115175005e+00 -6.654811959447407554e-01 -1.229087558115175005e+00 -1.013929112543793032e+00
-1.852486634301402812e+00 5.525078195697672001e+00 3.546134248565745439e-01 5.525078195697672001e+00 2.611393544185412474e-01 1.639009105177481329e+00 3.546134248565745439e-01 1.639009105177481329e+00 7.836862242684278890e+00
5.246300549151891701e+00 -3.081558838415384027e+00 2.517419384546138783e+00 -3.081558838415384027e+00 8.986392326473144010e+00 2.909758031817718305e+00 2.517419384546138783e+00 2.909758031817718305e+00 9.915629972531561975e+00
4.576058818454336929e+00 -7.310778220560207430e+00 -2.870174027931566840e+00 -7.310778220560207430e+00 -3.959075136217456770e+00 -1.954759131846447007e+00 -2.870174027931566840e+00 -1.954759131846447007e+00 2.855806126874707918e+00
-7.344959933984010370e+00 -2.123804717870510395e+00 -2.930371459363606323e+00 -2.123804717870510395e+00 -1.580020895950898208e+01 -4.349479598513827372e-01 -2.930371459363606323e+00 -4.349479598513827372e-01 8.149613021824517745e-01
-6.833928421455196300e+00 -9.701732614338760552e-01 4.064867822913202922e+00 -9.701732614338760552e-01 -7.511333970315329900e+00 -5.460393041676826265e+00 4.064867822913202922e+00 -5.460393041676826265e+00 -1.949741582817440477e+00
-5.687984825303778358e+00 -5.815884178403712967e-01 -1.833561737002505687e+00 -5.815884178403712967e-01 8.505681494420382904e+00 -8.228731997541305354e-01 -1.833561737002505687e+00 -8.228731997541305354e-01 4.968133473908753928e+00
-6.219274156970151957e+00 1.846090841885536848e+00 -1.965487231791157585e+00 1.846090841885536848e+00 -6.462208919959211428e-01 3.158026765409239101e+00 -1.965487231791157585e+00 3.158026765409239101e+00 4.154510442047925523e+00
2.950377390034555902e-02 8.853794765789130494e+00 -3.048973369759053309e+00 8.853794765789130494e+00 -9.008594266449259536e+00 4.725141920165846443e+00 -3.048973369759053309e+00 4.725141920165846443e+00 8.994057600859342472e+00
-1.157592161754999438e+01 -8.818789794909966950e-01 9.120029522517456577e-01 -8.818789794909966950e-01 -1.482355339134155681e-01 -1.748456893452724037e+00 9.120029522517456577e-01 -1.748456893452724037e+00 -7.075444025964697126e+00
-6.825748503220280483e+00 4.470463659734426609e-01 2.958970672410453862e+00 4.470463659734426609e-01 -1.729777071107082875e+01 1.889527857258467947e+00 2.958970672410453862e+00 1.889527857258467947e+00 -1.188055343246211315e+01
-9.088302346072406834e+00 -1.667461990384979220e+00 2.990743808393014347e-01 -1.667461990384979220e+00 -1.211493761816003278e+01 4.559929035096416783e+00 2.990743808393014347e-01 4.559929035096416783e+00 8.320671991932892197e+00
7.342490933099726780e-01 6.267734317277688927e-01 4.408622338358749171e-01 6.267734317277688927e-01 -6.647413247591354768e+00 3.917264407768688894e+00 4.408622338358749171e-01 3.917264407768688894e+00 5.257264057955042535e-02
1.123314162330985244e+00 -7.381882862801751877e-01 4.181697741963942505e+00 -7.381882862801751877e-01 -3.292217631059481953e+00 3.303378606331706990e+00 4.181697741963942505e+00 3.303378606331706990e+00 -8.467631581630667981e+00
-1.482086839662448696e+01 -9.177671296500974352e-01 -2.796635455555665395e+00 -9.177671296500974352e-01 -1.020568316540758502e+01 8.746662451948694628e-01 -2.796635455555665395e+00 8.746662451948694628e-01 -3.235314102181641172e+00
-3.036665989171311031e-01 3.351760352110890739e+00 9.457424679184025518e-01 3.351760352110890739e+00 -7.186781845719012018e+00 2.589179703978601754e+00 9.457424679184025518e-01 2.589179703978601754e+00 7.018246429612250203e+00
4.396787863754600956e+00 -1.053955643603105702e-01 4.881453198700197449e-01 -1.053955643603105702e-01 7.431000687885956246e+00 -1.120597658569435495e+00 4.881453198700197449e-01 -1.120597658569435495e+00 1.360163343264628288e+01
-1.489050107055889915e+00 -9.981022093769985615e-01 -7.954558983625271695e-01 -9.981022093769985615e-01 -1.329601794202315901e+01 -3.111278767560012315e-01 -7.954558983625271695e-01 -3.111278767560012315e-01 -5.833118602980848166e+00
-1.361022768624270718e+01 -1.101562493860479330e+00 -6.409711402515939405e+00 -1.101562493860479330e+00 -8.806305535301034437e-01 1.153031972694402496e+00 -6.409711402515939405e+00 1.153031972694402496e+00 4.967349709702951088e+00
9.141804899428658260e+00 8.952385361279279863e+00 4.994131120048648675e+00 8.952385361279279863e+00 4.966929686927910481e+00 -8.458939973791572697e-01 4.994131120048648675e+00 -8.458939973791572697e-01 1.052620555686854509e+01
2.856869823173047163e-01 -8.650491442205729964e-01 -6.044324717659576685e+00 -8.650491442205729964e-01 7.609184146077802025e-01 2.949924427877359978e+00 -6.044324717659576685e+00 2.949924427877359978e+00 1.099909090177634674e+01
2.702745541371633475e+00 -6.313003451649563669e-01 -2.904850244990998753e+00 -6.313003451649563669e-01 3.510436361861883015e+00 -1.656241845872927554e+00 -2.904850244990998753e+00 -1.656241845872927554e+00 9.965423318780109341e+00
-7.941937321682891238e+00 4.937127966939730328e+00 2.927438916090961740e+00 4.937127966939730328e+00 -6.931078969115119115e+00 -2.740586941058202886e-01 2.927438916090961740e+00 -2.740586941058202886e-01 1.125351411567820747e+01
-2.427184318640296379e+00 -2.259068757848115894e+00 1.527525453081507223e+00 -2.259068757848115894e+00 -1.434824915828770919e+00 -2.118142122202439082e-01 1.527525453081507223e+00 -2.118142122202439082e-01 7.143171872785585741e+00
-9.486072374022125331e+00 -8.726881277573456108e-01 3.722985273030883668e+00 -8.726881277573456108e-01 -1.463991091965868030e+01 2.831279448206895477e+00 3.722985273030883668e+00 2.831279448206895477e+00 5.075958578629177431e+00
-5.742022969849827518e+00 -3.606726249400302731e+00 -5.556636387201037586e+00 -3.606726249400302731e+00 5.490614293114393085e+00 -2.043945663289439718e+00 -5.556636387201037586e+00 -2.043945663289439718e+00 1.056341939649754558e+01
-1.150794236371413071e+01 -4.893935603671052958e-01 -6.481117908566086383e-01 -4.893935603671052958e-01 -9.179834164224248694e-01 -1.894800761420323720e+00 -6.481117908566086383e-01 -1.894800761420323720e+00 -3.242843647143341390e-01
-4.312680921944116008e+00 -2.276026161871869125e+00 -4.428555918920377976e-02 -2.276026161871869125e+00 7.020938334510166356e+00 4.912724967588754654e-01 -4.428555918920377976e-02 4.912724967588754654e-01 7.883224171683299586e-01
-1.774476482640250860e-02 1.738280199681325300e+00 -1.219131930248974482e+00 1.738280199681325300e+00 -1.836577318596245512e+00 -6.458673849388689714e-01 -1.219131930248974482e+00 -6.458673849388689714e-01 1.705095503537571844e+01
-1.177661852957531785e+01 2.970774354945444617e+00 -3.603354853704850758e+00 2.970774354945444617e+00 -1.731017795584084418e+00 1.040303418681937986e+00 -3.603354853704850758e+00 1.040303418681937986e+00 3.744927161759222134e+00
-9.452771668629912583e+00 3.749029564564831940e-01 5.118510257296078336e+00 3.749029564564831940e-01 -9.538181519177367562e+00 5.608072926258101942e-01 5.118510257296078336e+00 5.608072926258101942e-01 2.385870595738248223e+00
-5.823849773901803140e+00 9.264657076765518973e-01 -3.149830393442633714e+00 9.264657076765518973e-01 5.236741503244989104e+00 1.487432154790377048e+00 -3.149830393442633714e+00 1.487432154790377048e+00 1.252995367444354180e+01
-5.712226129245353334e+00 4.127210517087414487e+00 -4.533269593942575448e-01 4.127210517087414487e+00 -3.448936022341728247e+00 -5.798203972250976612e+00 -4.533269593942575448e-01 -5.798203972250976612e+00 -5.668570761118258083e+00
-1.246313126232916790e+00 -2.811959525318440400e-01 -3.929085341171934420e+00 -2.811959525318440400e-01 5.689183734394611669e+00 1.997871482874292504e+00 -3.929085341171934420e+00 1.997871482874292504e+00 1.408930380220394696e+01
-1.230179491736751629e+01 -3.246088787199479242e+00 -1.948943551561115095e+00 -3.246088787199479242e+00 -1.902210190233943621e+01 -3.756383548144628937e-01 -1.948943551561115095e+00 -3.756383548144628937e-01 -6.794940907403284491e+00
-4.522268415969534772e+00 -2.307028836822765605e+00 1.973785079954343047e+00 -2.307028836822765605e+00 1.057000833291490949e+01 1.572789874009739020e+00 1.973785079954343047e+00 1.572789874009739020e+00 1.001362161758904001e+01
9.028417807436817100e+00 -8.737898124962764967e+00 -4.366527549033347277e+00 -8.737898124962764967e+00 -1.233392610597305428e+00 -1.404174336538563939e+00 -4.366527549033347277e+00 -1.404174336538563939e+00 7.375669851297720570e+00
-4.601015611525839155e+00 6.413825182521124546e+00 -5.308769899950579685e+00 6.413825182521124546e+00 -1.787459598851990350e+01 3.785277299471021983e+00 -5.308769899950579685e+00 3.785277299471021983e+00 2.263536259642998427e+00
-7.026174653631487743e+00 6.001280912844129123e-01 1.214140043211034969e+00 6.001280912844129123e-01 -2.007675051538880151e+00 -2.980350157980014902e+00 1.214140043211034969e+00 -2.980350157980014902e+00 -6.038661536237529326e+00
-1.487585286355215963e+01 1.429479739106851666e+00 4.130245530703369639e+00 1.429479739106851666e+00 -8.633412551306527405e+00 6.749416819635708498e-01 4.130245530703369639e+00 6.749416819635708498e-01 3.771787905562127285e+00
-3.097836893927033319e+00 -3.191450589696982476e+00 2.569748477985922985e+00 -3.191450589696982476e+00 5.877484199037755097e+00 1.001241960408746356e+00 2.569748477985922985e+00 1.001241960408746356e+00 6.764268667812507907e+00
-1.190283033197840901e+00 -1.213932081503495963e+00 1.134711845094080185e-02 -1.213932081503495963e+00 5.486078513127048417e+00 -1.559917308893982835e+00 1.134711845094080185e-02 -1.559917308893982835e+00 1.253376272116694556e+00
-6.111626104509768176e+00 3.464314489940883757e+00 4.540769880452335094e+00 3.464314489940883757e+00 -1.111808223563235209e+01 2.256084037888427929e+00 4.540769880452335094e+00 2.256084037888427929e+00 -1.154724714578707712e+01
-2.835034750450231567e+00 -8.258297506850411640e-01 -5.159613215466491098e+00 -8.258297506850411640e-01 4.649187902442290188e+00 1.290448728002687950e+01 -5.159613215466491098e+00 1.290448728002687950e+01 6.854088976103846598e+00
7.207235625929555134e+00 1.116008516600743850e+00 -1.147143495359625565e+00 1.116008516600743850e+00 4.895925358196445032e+00 -1.252034567470890758e-01 -1.147143495359625565e+00 -1.252034567470890758e-01 3.111982026288496073e+00
-7.524898224226928001e+00 -6.402808899962679767e+00 2.259477432689166232e+00 -6.402808899962679767e+00 3.210908819641154821e+00 4.568471930111696611e-01 2.259477432689166232e+00 4.568471930111696611e-01 -1.698949104522464504e+00
-6.692157488172782998e+00 1.055909772334096441e+00 -2.974474460197907622e+00 1.055909772334096441e+00 -1.519671828444706385e+00 -2.241856666648356367e+00 -2.974474460197907622e+00 -2.241856666648356367e+00 5.254714933386289033e+00
-1.080577525853672682e+01 -3.063555637803360376e+00 -1.358734048083979129e+00 -3.063555637803360376e+00 -1.507394200874554890e+01 4.397739129761558452e+00 -1.358734048083979129e+00 4.397739129761558452e+00 3.795163631101425850e+00
-7.435440398078822177e+00 -2.536910821806007021e+00 -2.052649920167112230e-01 -2.536910821806007021e+00 -8.744074390656972895e+00 -3.575652251719814156e+00 -2.052649920167112230e-01 -3.575652251719814156e+00 5.104667746467115741e+00
7.980948149640111344e-01 -3.015974434552129768e+00 3.577644201694270887e+00 -3.015974434552129768e+00 -2.616616906683505217e+00 -4.286102297218211676e-01 3.577644201694270887e+00 -4.286102297218211676e-01 1.257872143541042487e+00
-6.033017255420369374e+00 -5.404443046603907952e+00 -1.223983085265602178e+00 -5.404443046603907952e+00 -3.550166204125525748e+00 -2.700556854109772420e+00 -1.223983085265602178e+00 -2.700556854109772420e+00 2.079427923988015792e+00
-1.461166891247166610e+01 -4.250163235524031968e+00 -4.086758665359690568e+00 -4.250163235524031968e+00 -1.413176316511337305e+01 2.653772631986077712e-01 -4.086758665359690568e+00 2.653772631986077712e-01 -9.658324713210428847e-01
3.350028054840386016e+00 -4.698257942271801824e+00 -1.020295759266875990e+00 -4.698257942271801824e+00 -8.660910948071143256e-01 -6.124187030796062192e-01 -1.020295759266875990e+00 -6.124187030796062192e-01 5.545992975816876225e+00
-6.841222987923575083e+00 3.200075552757783992e+00 6.686290837065008708e-01 3.200075552757783992e+00 1.703279649086614445e+00 -1.412708492929994453e+00 6.686290837065008708e-01 -1.412708492929994453e+00 -9.502793370512884197e-01
2.907272594735927473e+00 -7.488483674951408098e+00 1.226028216929566206e+00 -7.488483674951408098e+00 1.685055877377708677e+00 5.210027678338630786e+00 1.226028216929566206e+00 5.210027678338630786e+00 7.161005600850727681e+00
8.866185638665331936e+00 4.934198971613175999e+00 4.478181524503744626e+00 4.934198971613175999e+00 6.163401061456482921e+00 2.436745561852713404e+00 4.478181524503744626e+00 2.436745561852713404e+00 2.283308288932345675e+01
-1.140292002602905752e+00 -3.528692040873158575e+00 4.650508015339251067e+00 -3.528692040873158575e+00 -3.933147703278687235e+00 2.517079517493006069e+00 4.650508015339251067e+00 2.517079517493006069e+00 2.046605278419111773e+00
-1.408392852158238107e+01 3.922105980627747623e+00 4.994474004578962345e-02 3.922105980627747623e+00 -6.392170404081744195e+00 -7.574927029552116053e+00 4.994474004578962345e-02 -7.574927029552116053e+00 -6.039318791415186460e+00
-1.351930460034737713e+01 -2.547922990409068889e-01 -5.344394373559206102e+00 -2.547922990409068889e-01 9.938173525085717275e-01 8.997561382601463320e-01 -5.344394373559206102e+00 8.997561382601463320e-01 7.997321915050878971e+00
-1.239209703891560643e+01 9.468233763093844013e-01 6.475217036403541293e+00 9.468233763093844013e-01 -1.140149745171519058e+01 -5.747557872446410698e+00 6.475217036403541293e+00 -5.747557872446410698e+00 1.024874277544450374e+00
-9.968467878433090235e+00 1.153163715486725360e+00 -3.442566004976808980e+00 1.153163715486725360e+00 -1.300330832621376231e+01 1.355390980030240389e+00 -3.442566004976808980e+00 1.355390980030240389e+00 -1.206432894039810355e+00
4.867986131514034476e+00 -1.918519707451394218e+00 1.831860052066598854e+00 -1.918519707451394218e+00 6.141314598543367254e+00 1.479972584053309337e+00 1.831860052066598854e+00 1.479972584053309337e+00 2.759149946190973424e+00
2.390172648388984911e+00 -3.501339824425734992e+00 -7.355138793902996630e-01 -3.501339824425734992e+00 -6.640028360092483872e+00 2.700617937894525422e+00 -7.355138793902996630e-01 2.700617937894525422e+00 4.889035952104411331e-01
-5.834423446504671595e+00 -5.980604566478493034e+00 8.023840075511424752e-01 -5.980604566478493034e+00 -2.269897800932483722e+00 -4.073497933636043289e-01 8.023840075511424752e-01 -4.073497933636043289e-01 5.588908455886931748e+00
-4.191830966315299278e+00 5.639123672119977781e-01 -8.546294596678185584e-01 5.639123672119977781e-01 -9.758891666213147076e+00 3.748112017049697542e+00 -8.546294596678185584e-01 3.748112017049697542e+00 -7.588085303870399478e+00
-4.762218563397487614e+00 2.175537442477926131e+00 3.784667133098888137e+00 2.175537442477926131e+00 -2.501030577227565388e+00 -1.862257968675829156e+00 3.784667133098888137e+00 -1.862257968675829156e+00 -2.048133652989613918e+00
-3.172933441510862984e+00 4.846598053901971959e+00 2.432514409939356970e+00 4.846598053901971959e+00 2.972151388641633307e+00 -5.927599315205588582e+00 2.432514409939356970e+00 -5.927599315205588582e+00 7.624065577275011663e+00
-1.141770233726476569e+01 -2.292995987592656715e-01 1.245094468265390830e+00 -2.292995987592656715e-01 7.054756870190151963e-01 6.797868376659697010e-01 1.245094468265390830e+00 6.797868376659697010e-01 4.445135667019828318e+00
-8.171242847173187940e+00 6.831802116625255161e-01 3.252506854078633491e+00 6.831802116625255161e-01 6.182956755258893544e+00 -4.301509982658462405e+00 3.252506854078633491e+00 -4.301509982658462405e+00 8.666684752558060367e+00
-6.993527422420958928e+00 2.626652905755442635e+00 -7.233909028703907618e-01 2.626652905755442635e+00 -7.990029488316374717e+00 4.242321248924454835e+00 -7.233909028703907618e-01 4.242321248924454835e+00 -5.031386383185286526e+00
-3.285703189602197760e+00 -7.840891061952328656e-01 4.600648779683277567e+00 -7.840891061952328656e-01 -4.562754361970329242e+00 1.389141806479628150e+00 4.600648779683277567e+00 1.389141806479628150e+00 6.478464355188239487e+00
-4.865254258026696199e+00 3.756486396879485934e+00 4.356310693072865670e-01 3.756486396879485934e+00 -2.007825663039508157e+01 3.448108742440646690e+00 4.356310693072865670e-01 3.448108742440646690e+00 -9.429541764042795648e+00
-5.954142824166115844e+00 2.264921975749804250e+00 -2.507153737576444552e+00 2.264921975749804250e+00 -9.356784043111128213e+00 -7.287288127914806957e+00 -2.507153737576444552e+00 -7.287288127914806957e+00 1.327142155116422195e+01
