4.496049348006088686e-01 -4.864957982315479962e-02 1.936482568244769498e-01 -4.864957982315479962e-02 5.068500205122121738e-01 1.120852950154661853e-01 1.936482568244769498e-01 1.120852950154661715e-01 -6.225992152806303359e-01
4.244691381048387724e-01 -6.441182999673052134e-02 1.590245933511178766e-01 -6.441182999673052134e-02 4.930726642656865222e-01 8.503423178229367607e-02 1.590245933511178766e-01 8.503423178229368995e-02 -5.881323577666006663e-01
3.846151614518109607e-01 -8.456087342588880507e-02 1.303726796831367607e-01 -8.456087342588881894e-02 4.676440359117812195e-01 6.106084616336889676e-02 1.303726796831367607e-01 6.106084616336890369e-02 -6.095253582061914699e-01
4.125373393329848093e-01 -1.041689739515121310e-01 9.821025422319465403e-02 -1.041689739515121310e-01 5.027649942303389352e-01 3.918077180450260655e-02 9.821025422319465403e-02 3.918077180450260655e-02 -5.692166462341093913e-01
4.410545072407017209e-01 -1.243287847031442905e-01 6.601535533007568679e-02 -1.243287847031442905e-01 5.356195177948793740e-01 1.924800170938930841e-02 6.601535533007568679e-02 1.924800170938930841e-02 -5.232229615211568818e-01
4.954271948536143610e-01 -1.441261525244910968e-01 3.258718196415877344e-02 -1.441261525244910968e-01 5.886662367788707551e-01 1.770968059805623713e-03 3.258718196415877344e-02 1.770968059805623713e-03 -4.560904948950739723e-01
5.167285701697040823e-01 -1.671960304103709272e-01 5.390322705309961819e-03 -1.671960304103708994e-01 6.130987088901387327e-01 -1.413200847383955412e-02 5.390322705309961819e-03 -1.413200847383955586e-02 -4.268434044400502558e-01
5.883886977448300470e-01 -1.895951444094666205e-01 -2.275313240692074593e-02 -1.895951444094666483e-01 6.831515748616575623e-01 -2.786591841663667302e-02 -2.275313240692074246e-02 -2.786591841663667302e-02 -3.479299108164550791e-01
5.870041851251416309e-01 -2.133735716112707681e-01 -4.193368513140480897e-02 -2.133735716112707403e-01 6.853363357285479074e-01 -3.940370222422446417e-02 -4.193368513140480203e-02 -3.940370222422446417e-02 -3.460204329906098053e-01
6.302177257934346022e-01 -2.389153444133887416e-01 -5.965376577231627092e-02 -2.389153444133887416e-01 7.322867965824805259e-01 -5.030861034506427243e-02 -5.965376577231625704e-02 -5.030861034506427937e-02 -2.997941545257394313e-01
-4.389064352602184194e+00 -2.599354374596743789e+00 -2.903767971834466000e+00 -2.599354374596743789e+00 1.216974252489718689e+00 -1.421098134311096439e+00 -2.903767971834466000e+00 -1.421098134311096439e+00 -1.384022402830334286e+01
-4.456293667923251434e+00 -2.636038020073593113e+00 -2.970283684061637342e+00 -2.636038020073593113e+00 1.313000929072163814e+00 -1.567034711547303116e+00 -2.970283684061637342e+00 -1.567034711547303116e+00 -1.375326877044351903e+01
-4.492082673156216899e+00 -2.673568168397259193e+00 -3.029755280742367773e+00 -2.673568168397259193e+00 1.448873953861715691e+00 -1.713325535758864371e+00 -3.029755280742367773e+00 -1.713325535758864371e+00 -1.361533876888926464e+01
-4.526490050668410703e+00 -2.705077084043904012e+00 -3.077255904440678869e+00 -2.705077084043904012e+00 1.585985961153855817e+00 -1.856348794803846403e+00 -3.077255904440678869e+00 -1.856348794803846403e+00 -1.345808501427290160e+01
-4.521411477545162150e+00 -2.723215944766028240e+00 -3.111806797870167340e+00 -2.723215944766028240e+00 1.752571012978888065e+00 -1.995114742466001179e+00 -3.111806797870167340e+00 -1.995114742466001179e+00 -1.317480861377085333e+01
-4.548161824203194925e+00 -2.741781014025383101e+00 -3.137698883745629885e+00 -2.741781014025383101e+00 1.891973166398478012e+00 -2.131464770524925001e+00 -3.137698883745629885e+00 -2.131464770524925001e+00 -1.290955463257259872e+01
-4.560137837892659363e+00 -2.750647628603822614e+00 -3.150807078226437241e+00 -2.750647628603822614e+00 2.038000293383169570e+00 -2.260947615357746354e+00 -3.150807078226437241e+00 -2.260947615357746354e+00 -1.258771782806885575e+01
-4.575974199982081991e+00 -2.755013578305021582e+00 -3.153448246932161414e+00 -2.755013578305021582e+00 2.175224918602116642e+00 -2.384370633285126662e+00 -3.153448246932161414e+00 -2.384370633285126662e+00 -1.223603345928604291e+01
-4.569775803415637938e+00 -2.753839273282563394e+00 -3.145517279387611165e+00 -2.753839273282563394e+00 2.326628071248625584e+00 -2.500627927503585202e+00 -3.145517279387611165e+00 -2.500627927503585202e+00 -1.183462784352244235e+01
-4.572735011895315616e+00 -2.745742257271138964e+00 -3.126521959176484344e+00 -2.745742257271138964e+00 2.461586883893776445e+00 -2.609537011746285273e+00 -3.126521959176484344e+00 -2.609537011746285273e+00 -1.141861900751406189e+01
6.584569063044674486e+00 1.845530298978761641e+00 2.446992933571627393e+00 1.845530298978761641e+00 6.014862705916405261e+00 -4.599197690427568874e-01 2.446992933571627393e+00 -4.599197690427568874e-01 1.182388212472769062e+01
6.507455673257136475e+00 1.912797688100116966e+00 2.536210070678185602e+00 1.912797688100116966e+00 5.901691496976669171e+00 -4.004199425885840435e-01 2.536210070678185602e+00 -4.004199425885840435e-01 1.192452007188237850e+01
6.406026534077557066e+00 1.978225979809951074e+00 2.624118364211697418e+00 1.978225979809951074e+00 5.765081946911775113e+00 -3.396909667106947084e-01 2.624118364211697418e+00 -3.396909667106947084e-01 1.196208768374392584e+01
6.345338537889653630e+00 2.036546949571142129e+00 2.703584961217623484e+00 2.036546949571142129e+00 5.664176733262942243e+00 -2.758157742572996396e-01 2.703584961217623484e+00 -2.758157742572996396e-01 1.200051260058059199e+01
6.323169921496662127e+00 2.090339527599669900e+00 2.776852627925788131e+00 2.090339527599669900e+00 5.601329003255304251e+00 -2.101915874713137788e-01 2.776852627925788131e+00 -2.101915874713137788e-01 1.205912385799393860e+01
6.308189899550444402e+00 2.137786350134533997e+00 2.842718523392945063e+00 2.137786350134533997e+00 5.545612446832740794e+00 -1.435328065406904219e-01 2.842718523392945063e+00 -1.435328065406904219e-01 1.208885327131100063e+01
6.290324320493448695e+00 2.180909575319812888e+00 2.904428602537376669e+00 2.180909575319812888e+00 5.487872124919982220e+00 -7.642251793840695862e-02 2.904428602537376669e+00 -7.642251793840695862e-02 1.207655940977708831e+01
6.281044436995965263e+00 2.218958090787709558e+00 2.960822045797410595e+00 2.218958090787709558e+00 5.439605587236973960e+00 -9.391281348862214745e-03 2.960822045797410595e+00 -9.391281348862214745e-03 1.202924395772829946e+01
6.296517053036546407e+00 2.248460081208429884e+00 3.008731663035262294e+00 2.248460081208429884e+00 5.414285194521821332e+00 5.776042905843035286e-02 3.008731663035262294e+00 5.776042905843035286e-02 1.197102619020371606e+01
6.298462826014060489e+00 2.275749976206982605e+00 3.054659954307953562e+00 2.275749976206982605e+00 5.375638045860678282e+00 1.247489220272572363e-01 3.054659954307953562e+00 1.247489220272572363e-01 1.185355842814206717e+01
4.712323034438552938e+00 -2.260912948240716702e-01 9.724473865002799533e-01 -2.260912948240716702e-01 -1.500732268433968120e+00 1.224417537801545164e+00 9.724473865002799533e-01 1.224417537801545164e+00 4.701432885464940981e+00
4.770732297252473941e+00 -1.886731499389063260e-01 1.028008483835448850e+00 -1.886731499389063260e-01 -1.584436020314358373e+00 1.350110083739680222e+00 1.028008483835448850e+00 1.350110083739680222e+00 4.666412192796632219e+00
4.757963366820629147e+00 -1.492861849369214178e-01 1.080854939446097118e+00 -1.492861849369214178e-01 -1.736071511590727257e+00 1.470689943291008772e+00 1.080854939446097118e+00 1.470689943291008772e+00 4.535686387279289633e+00
4.815470150255298343e+00 -1.103552172043760909e-01 1.129956740566435469e+00 -1.103552172043760909e-01 -1.808364244706506252e+00 1.584601352051227874e+00 1.129956740566435469e+00 1.584601352051227874e+00 4.482156730618805263e+00
4.842650249777032734e+00 -7.022259959741151969e-02 1.175539192298028057e+00 -7.022259959741151969e-02 -1.907586993555719479e+00 1.692809912006294937e+00 1.175539192298028057e+00 1.692809912006294937e+00 4.398767243017015716e+00
4.956462632229679421e+00 -3.179595876836364965e-02 1.216341608122984974e+00 -3.179595876836364965e-02 -1.909307894261774496e+00 1.793561377240310950e+00 1.216341608122984974e+00 1.793561377240310950e+00 4.381715941734289466e+00
5.061095485772060698e+00 4.388236181069363716e-03 1.252047470092860548e+00 4.388236181069363716e-03 -1.915969364676166853e+00 1.887016662146544066e+00 1.252047470092860548e+00 1.887016662146544066e+00 4.360769470498367717e+00
5.124575849606656242e+00 4.245534542824683927e-02 1.282919640862208555e+00 4.245534542824683927e-02 -1.958428498118316874e+00 1.974795854562792607e+00 1.282919640862208555e+00 1.974795854562792607e+00 4.311889125539112300e+00
5.138744286038145148e+00 8.141826828757109391e-02 1.308695260395417614e+00 8.141826828757109391e-02 -2.043551862150465137e+00 2.055879672687780602e+00 1.308695260395417614e+00 2.055879672687780602e+00 4.196364175655806328e+00
5.209320689516610869e+00 1.160894443294789163e-01 1.328392628151504606e+00 1.160894443294789163e-01 -2.061606906461125099e+00 2.128240316258558362e+00 1.328392628151504606e+00 2.128240316258558362e+00 4.137623066502147395e+00
1.141013826931490627e+01 -1.942731759784896706e-01 -8.098804125673592091e-02 -1.942731759784896706e-01 9.268091479594311011e+00 4.365744473133294501e-01 -8.098804125673592091e-02 4.365744473133294501e-01 3.522590956034666654e+00
1.144593875153083218e+01 -2.208968019506800384e-01 -1.328053097756551615e-01 -2.208968019506800384e-01 9.296507386321962940e+00 4.532656444156807352e-01 -1.328053097756551615e-01 4.532656444156807352e-01 3.404883879000814684e+00
1.145284629027949386e+01 -2.468261541657510716e-01 -1.840118181317316193e-01 -2.468261541657510716e-01 9.302873627256184719e+00 4.659847723683665510e-01 -1.840118181317316193e-01 4.659847723683665510e-01 3.255562389577380422e+00
1.147114366479790348e+01 -2.722752019087501529e-01 -2.364394908978529053e-01 -2.722752019087501529e-01 9.335077455148491410e+00 4.692881036751847534e-01 -2.364394908978529053e-01 4.692881036751847534e-01 3.168182704319515430e+00
1.152590442877595933e+01 -2.967950649257763418e-01 -2.901978792743883373e-01 -2.967950649257763418e-01 9.419507602825376580e+00 4.624501878604324046e-01 -2.901978792743883373e-01 4.624501878604324046e-01 3.187719396269627747e+00
1.154316073095968953e+01 -3.192270430399235526e-01 -3.433088175864011382e-01 -3.192270430399235526e-01 9.472321233455948786e+00 4.507634284149404369e-01 -3.433088175864011382e-01 4.507634284149404369e-01 3.169681370963354450e+00
1.154295996145314263e+01 -3.411890993275707440e-01 -3.955269511747100397e-01 -3.411890993275707440e-01 9.511785902510920820e+00 4.354543900980233362e-01 -3.955269511747100397e-01 4.354543900980233362e-01 3.161726016147167417e+00
1.152110068623777472e+01 -3.637459432849069474e-01 -4.456570223590367585e-01 -3.637459432849069474e-01 9.533747091724354306e+00 4.161525410282061466e-01 -4.456570223590367585e-01 4.161525410282061466e-01 3.134338349026659643e+00
1.150734850265051712e+01 -3.828474148864556281e-01 -4.954683236212031883e-01 -3.828474148864556281e-01 9.575193753749502434e+00 3.899299328748258020e-01 -4.954683236212031883e-01 3.899299328748258020e-01 3.160081738293697651e+00
1.149816489387308316e+01 -4.014528334540437560e-01 -5.442092480856645098e-01 -4.014528334540437560e-01 9.620896120695791254e+00 3.610403254658659522e-01 -5.442092480856645098e-01 3.610403254658659522e-01 3.214968194898322196e+00
