-6.040879696363851359e+00 -8.998305138465724440e+00 1.367451263243144810e+00 -8.998305138465724440e+00 -1.173720056846497073e+01 5.078481342766115070e+00 1.367451263243144810e+00 5.078481342766115070e+00 -1.335017387155831869e+01
-5.580986473969986150e+00 5.748713362920788938e+00 5.128088504964939398e-01 5.748713362920788938e+00 -1.683229848647138382e+01 -1.483493506439872656e+00 5.128088504964939398e-01 -1.483493506439872656e+00 -1.322187371520562316e+01
2.199050752963215505e+00 -6.216584050822379304e+00 9.017154250786764136e-01 -6.216584050822379304e+00 -1.943375260428522822e+00 3.456264657950604224e+00 9.017154250786764136e-01 3.456264657950604224e+00 -4.717772885996855514e+00
-8.355551755884835785e-01 -9.807975744569791487e+00 -2.563986581540982357e-01 -9.807975744569791487e+00 -5.100988132304795641e+00 2.840852179999319160e-01 -2.563986581540982357e-01 2.840852179999319160e-01 -8.979299640431317897e+00
3.325835689003231455e-01 -4.489400793182101168e+00 6.406592841121684367e-01 -4.489400793182101168e+00 -5.167875092834538719e+00 -1.727723125986122821e-01 6.406592841121684367e-01 -1.727723125986122821e-01 7.518850780456742378e+00
-6.324791167405007464e+00 -9.561395784932101849e-01 -1.793958848026640185e+00 -9.561395784932101849e-01 -7.857308844352018262e+00 -8.895332385135618081e-01 -1.793958848026640185e+00 -8.895332385135618081e-01 -5.058963710653055834e+00
-3.417066072395580356e+00 -5.029257471741117591e+00 2.228715326056816437e+00 -5.029257471741117591e+00 4.068911117285028745e+00 2.728802108040170982e+00 2.228715326056816437e+00 2.728802108040170982e+00 8.053712784741378083e-01
9.800487491127668135e-03 -1.575839415028156276e+00 4.729997496543584812e-01 -1.575839415028156276e+00 -3.244272075150823831e+00 6.233602010704175633e-01 4.729997496543584812e-01 6.233602010704175633e-01 8.599079778840131638e+00
-7.766400438408059159e+00 1.949383172472795023e+00 2.382634982399170820e+00 1.949383172472795023e+00 -7.230974278925013543e+00 -1.349149935688111590e+00 2.382634982399170820e+00 -1.349149935688111590e+00 -1.711486776257707731e+01
-1.497298145114783097e+01 6.427810438630077172e+00 3.136664362809605255e-01 6.427810438630077172e+00 -7.804139342884998776e+00 2.242938636654163709e+00 3.136664362809605255e-01 2.242938636654163709e+00 -1.205302718777636528e+01
-2.265070093531698081e+00 -4.393399109269996994e-01 4.650773273798888496e+00 -4.393399109269996994e-01 -8.129589785462817408e-01 1.521884433899812317e+00 4.650773273798888496e+00 1.521884433899812317e+00 9.446404566177333262e-01
2.621096790320530445e+00 8.028479881020063047e+00 6.615689472588464959e+00 8.028479881020063047e+00 1.248662582514158625e+00 4.956850713656079321e+00 6.615689472588464959e+00 4.956850713656079321e+00 -2.013789055117938265e+00
3.197466991209028997e+00 -6.914244548082709052e+00 -3.783319397825667174e+00 -6.914244548082709052e+00 2.428236968011946217e+00 -2.599095417198318270e+00 -3.783319397825667174e+00 -2.599095417198318270e+00 -4.433124080281353407e+00
-5.567257715513617145e-01 -8.325439424916702968e-01 -6.684214024957785272e-01 -8.325439424916702968e-01 1.014295572853883876e+01 -8.165122390288254151e-01 -6.684214024957785272e-01 -8.165122390288254151e-01 2.698010770432149208e+00
-2.959678486961744959e+00 -4.158664691478407782e+00 -4.685807872142278896e+00 -4.158664691478407782e+00 3.391048191832215508e+00 7.533850560834719268e+00 -4.685807872142278896e+00 7.533850560834719268e+00 -7.406320549614086701e+00
8.191425292831727489e+00 2.649408334835163359e+00 -1.166208081883553627e+00 2.649408334835163359e+00 3.439082737349487218e+00 -6.526339690636507207e+00 -1.166208081883553627e+00 -6.526339690636507207e+00 2.139930275045970998e+00
3.884106920573270116e+00 1.847184996345198282e+00 -6.501480666889887239e+00 1.847184996345198282e+00 -5.559623739093554562e+00 3.367205800537964588e+00 -6.501480666889887239e+00 3.367205800537964588e+00 -4.636877178736065197e+00
1.055232206633024106e+01 3.044365724230370773e+00 -4.197208771201906607e+00 3.044365724230370773e+00 -3.686545389456088007e+00 -3.569851056506261333e-01 -4.197208771201906607e+00 -3.569851056506261333e-01 3.535136975114980817e+00
-5.378742851698117278e+00 9.141070037840622220e+00 1.118870342317255906e+00 9.141070037840622220e+00 1.446270090517522089e+00 -2.395845127834165034e+00 1.118870342317255906e+00 -2.395845127834165034e+00 -2.175095404488635253e+00
-7.060480941183453929e+00 9.270628515681452742e-01 3.572649687642510674e+00 9.270628515681452742e-01 1.567864253497566418e+00 -1.750881258767477799e+00 3.572649687642510674e+00 -1.750881258767477799e+00 -1.224493806932178863e+01
-8.170974317089537919e+00 -7.319467182601163024e+00 -3.804283451025787244e+00 -7.319467182601163024e+00 -8.685389681023048425e+00 2.101933473683801346e+00 -3.804283451025787244e+00 2.101933473683801346e+00 -3.046761504827158351e+00
9.694926170225919293e-01 -2.468321937185942172e+00 3.935311405750970160e+00 -2.468321937185942172e+00 8.818517163546223392e-01 -8.214973760203413411e-01 3.935311405750970160e+00 -8.214973760203413411e-01 -8.400829020700522065e+00
-7.614123872890870004e-01 -1.125419975772969927e+00 5.610382937022095895e+00 -1.125419975772969927e+00 1.105098653453186941e+01 -1.154129107705481827e+00 5.610382937022095895e+00 -1.154129107705481827e+00 -6.140141907184890613e+00
-3.365610155345922117e+00 -4.141955306150190808e+00 1.396124028324301714e+00 -4.141955306150190808e+00 -3.900248578718395476e-01 -6.085102880005028858e-01 1.396124028324301714e+00 -6.085102880005028858e-01 -5.645105119126477611e+00
-3.329636941138820028e+00 1.006804744844665311e+00 -8.752305017726211833e-01 1.006804744844665311e+00 6.455304374027646119e+00 -5.042276933160080077e+00 -8.752305017726211833e-01 -5.042276933160080077e+00 4.104366655408330899e+00
-2.320574297718097867e+00 -3.494100098857221837e-01 2.771611951960668119e+00 -3.494100098857221837e-01 -2.380290306319976956e+00 5.449836513373939262e+00 2.771611951960668119e+00 5.449836513373939262e+00 -3.740216331562554952e+00
-4.301461078029181984e+00 -8.939597207134629686e-01 8.271933557102352230e-01 -8.939597207134629686e-01 -1.110312535388289668e+01 5.006624407424038914e+00 8.271933557102352230e-01 5.006624407424038914e+00 -4.415610423417037467e+00
-1.445161367316288015e+01 1.554426221148941689e+00 2.885855592570179873e+00 1.554426221148941689e+00 -2.531134227106987655e+00 3.196894707740334685e+00 2.885855592570179873e+00 3.196894707740334685e+00 -5.266055860354609486e+00
-6.158918393443325812e+00 -5.264281144600771789e+00 3.554964014309892839e+00 -5.264281144600771789e+00 9.487078230387131939e+00 4.409993450418054906e+00 3.554964014309892839e+00 4.409993450418054906e+00 -2.405312273245666876e+00
-1.654519929155785718e+01 3.862450916754352370e+00 2.802767410583650864e+00 3.862450916754352370e+00 -8.413116959639793890e+00 -6.912425161849361510e-01 2.802767410583650864e+00 -6.912425161849361510e-01 -8.387006586383620288e+00
-4.967091524734529528e+00 5.939419083139880762e+00 -5.483493776168340439e+00 5.939419083139880762e+00 8.596360302602777281e+00 -8.072490136098508628e+00 -5.483493776168340439e+00 -8.072490136098508628e+00 -3.846628371417709413e+00
7.156348494788645098e+00 -3.067646715325051954e+00 3.085850318921572466e+00 -3.067646715325051954e+00 1.452600921375228360e+01 1.833438848775093666e+00 3.085850318921572466e+00 1.833438848775093666e+00 -2.085012296208423432e+00
-1.365404131002707011e+01 -3.031914971074585186e+00 2.615700055089745235e-01 -3.031914971074585186e+00 -1.538920911896399346e+01 2.551408462833115731e+00 2.615700055089745235e-01 2.551408462833115731e+00 -1.390761425166841470e+01
-1.021973545775678538e+01 -1.964998216140637410e+00 -3.709573549515987612e-01 -1.964998216140637410e+00 -9.004906748195498523e+00 -4.064774148572147361e+00 -3.709573549515987612e-01 -4.064774148572147361e+00 -1.403137131337671928e+00
-1.356118562029918095e+01 1.654456932817784942e+00 4.253458812175575865e+00 1.654456932817784942e+00 -4.021914650782639100e+00 2.396176845913238651e+00 4.253458812175575865e+00 2.396176845913238651e+00 -3.137153497742315000e+00
-7.543194851083548258e+00 -2.571456313549820738e+00 6.994729759640680999e-01 -2.571456313549820738e+00 -9.854532310739742229e+00 -3.165650031685133925e+00 6.994729759640680999e-01 -3.165650031685133925e+00 -7.192951224808969535e+00
-1.539536218864164852e+01 2.421796171137656106e+00 2.765670323686019935e-02 2.421796171137656106e+00 -1.262758666428040222e+01 -1.888817179062211249e+00 2.765670323686019935e-02 -1.888817179062211249e+00 -2.223022233861402697e+01
-7.353884468097891869e+00 -1.649692495663751535e+00 3.018404559194232561e+00 -1.649692495663751535e+00 3.191073685109826030e+00 -1.314904807165240719e+00 3.018404559194232561e+00 -1.314904807165240719e+00 -1.186351958460222455e+01
-2.636896932588697506e+00 4.730439473538932127e+00 -5.953118179584683256e-01 4.730439473538932127e+00 7.224425448103514391e+00 2.017155739696853800e+00 -5.953118179584683256e-01 2.017155739696853800e+00 -8.813397222128310560e+00
-1.090239904336477750e+01 -2.840439623391941115e+00 -1.246350544252060155e+00 -2.840439623391941115e+00 -7.279420126876122055e+00 -2.030845186385860313e+00 -1.246350544252060155e+00 -2.030845186385860313e+00 -8.798148332435731689e+00
3.704951643178592491e+00 -9.256530213785473249e-01 -3.501863974993480344e+00 -9.256530213785473249e-01 -1.507896052580243174e+00 7.631969497453805928e+00 -3.501863974993480344e+00 7.631969497453805928e+00 -5.574648143314067994e+00
-6.969972708176212173e+00 1.293332795744487340e+00 -1.057333031275319080e+00 1.293332795744487340e+00 1.052493817254046071e+01 -9.087412923327266023e-01 -1.057333031275319080e+00 -9.087412923327266023e-01 1.233265726361452153e+01
-9.165476329890042351e+00 9.782994781416652907e-01 5.459100097950198460e+00 9.782994781416652907e-01 1.817511076995467212e+00 4.390167781894958043e-01 5.459100097950198460e+00 4.390167781894958043e-01 -8.718079398365153665e+00
-1.217463537858426703e-01 -4.820118951760411719e+00 1.507599764594044434e+00 -4.820118951760411719e+00 1.981986734111492288e+00 1.212213169182763783e+00 1.507599764594044434e+00 1.212213169182763783e+00 -1.836324066799575050e+00
-1.315684381287974070e+01 6.467605683934570138e+00 -2.729230056801804416e+00 6.467605683934570138e+00 4.640720151826644574e-02 4.221187350248390424e-01 -2.729230056801804416e+00 4.221187350248390424e-01 -5.233849524160952171e+00
4.193401947838643729e+00 -4.351276056857170671e-01 1.846075428704823551e+00 -4.351276056857170671e-01 -4.330243120618438191e+00 -8.339082641552549857e-01 1.846075428704823551e+00 -8.339082641552549857e-01 1.501700812554328746e+00
1.764066341845453578e-01 -1.390163749674800497e+00 3.473389149420646582e+00 -1.390163749674800497e+00 -7.500259126183070002e+00 5.228627260933725651e+00 3.473389149420646582e+00 5.228627260933725651e+00 -3.093483603658537362e+00
1.538952647904441973e+00 1.787679841596428565e+00 4.843117886482753320e+00 1.787679841596428565e+00 -8.139832319959566576e+00 -6.581972325292574366e-01 4.843117886482753320e+00 -6.581972325292574366e-01 -1.015006358936556552e+01
-8.571876881989719532e-01 -4.909821996282733636e+00 -2.131564571906383598e+00 -4.909821996282733636e+00 -9.588587937800811645e+00 -1.596798956893642929e+00 -2.131564571906383598e+00 -1.596798956893642929e+00 -3.465338385666343335e+00
4.453115043626171499e+00 1.949298877248417883e+00 1.471895721112794098e+00 1.949298877248417883e+00 1.736017467234580947e+00 -2.229504787674416288e+00 1.471895721112794098e+00 -2.229504787674416288e+00 -4.660777479294626602e+00
