5.979576101277924716e-01 1.296363259560057435e-01 5.593886415117687906e-06 1.296363259560057157e-01 4.740548413814660300e-01 -2.318376805101610559e-05 5.593886415117687906e-06 -2.318376805101610559e-05 -7.986719515496131239e-01
3.510858776428811279e-01 4.930923130895203260e-02 -1.887020592157587773e-01 4.930923130895202566e-02 7.893880341774708320e-01 6.942392733027505369e-02 -1.887020592157587773e-01 6.942392733027505369e-02 -1.235953831303552519e+00
1.612229780424414283e-01 -3.411934192101811342e-02 -3.916033778691059286e-01 -3.411934192101812036e-02 1.129633582675689141e+00 1.380696667358486951e-01 -3.916033778691058731e-01 1.380696667358486951e-01 -1.623280356863628038e+00
1.665008006589477341e-01 -1.123241787977451722e-01 -5.959644323984574221e-01 -1.123241787977451722e-01 1.625703248505135479e+00 1.996187763679967420e-01 -5.959644323984574221e-01 1.996187763679967420e-01 -1.814681531995004704e+00
1.618128469197164243e-01 -1.855611680585563528e-01 -8.034394446587761474e-01 -1.855611680585564083e-01 2.062235954171661945e+00 2.556787751513161511e-01 -8.034394446587761474e-01 2.556787751513162066e-01 -2.016635080127479718e+00
2.478688292975913532e-01 -2.563540339015091263e-01 -1.012310976001524532e+00 -2.563540339015090153e-01 2.546516977463827214e+00 3.075374586884871975e-01 -1.012310976001524532e+00 3.075374586884872530e-01 -2.127056264965946131e+00
3.841253679060993020e-01 -3.250622139787422427e-01 -1.225801194403123962e+00 -3.250622139787423537e-01 3.048808090855526398e+00 3.545026317934227844e-01 -1.225801194403124184e+00 3.545026317934227844e-01 -2.189609362995820430e+00
5.554468280157462967e-01 -3.920691471933407390e-01 -1.442897080231772433e+00 -3.920691471933407390e-01 3.560941617707958251e+00 3.973342128946056873e-01 -1.442897080231772655e+00 3.973342128946056873e-01 -2.215195941826197501e+00
7.680345916753996693e-01 -4.563171760510391639e-01 -1.657466542513350793e+00 -4.563171760510391639e-01 4.082000907547388202e+00 4.349170250513262892e-01 -1.657466542513351015e+00 4.349170250513262892e-01 -2.192490117077888545e+00
1.000770080378410976e+00 -5.148439776195680162e-01 -1.861112929648674585e+00 -5.148439776195680162e-01 4.595963515304673841e+00 4.678123089445488936e-01 -1.861112929648674585e+00 4.678123089445489491e-01 -2.133945825865234625e+00
-3.378192003916947517e+00 -3.216696225273778520e+00 1.738928617739406546e+00 -3.216696225273778520e+00 -6.327912342393452683e+00 4.451214980146045996e-01 1.738928617739406546e+00 4.451214980146045996e-01 4.494654153724053636e+00
-3.077548297543302613e+00 -3.603254054207667867e+00 1.650022381597651577e+00 -3.603254054207667867e+00 -6.195976054459261029e+00 5.255012132650734857e-01 1.650022381597651577e+00 5.255012132650734857e-01 4.194174090663235432e+00
-2.709112936550800210e+00 -3.977241055733842678e+00 1.561390745851755968e+00 -3.977241055733842678e+00 -5.960546377467861312e+00 6.073945233765657425e-01 1.561390745851755968e+00 6.073945233765657425e-01 3.943672563125383057e+00
-2.277426830669943225e+00 -4.339703252763187358e+00 1.469649983627163259e+00 -4.339703252763187358e+00 -5.630821935789790622e+00 6.880605325053988919e-01 1.469649983627163259e+00 6.880605325053988919e-01 3.748730693575313744e+00
-1.811716374655838235e+00 -4.679519256963274643e+00 1.381047440958925066e+00 -4.679519256963274643e+00 -5.233989510886469354e+00 7.674933809798518691e-01 1.381047440958925066e+00 7.674933809798518691e-01 3.592394757821788520e+00
-1.304355112701838237e+00 -5.000394161938147342e+00 1.293824054630362985e+00 -5.000394161938147342e+00 -4.765105078133671235e+00 8.457924031366994555e-01 1.293824054630362985e+00 8.457924031366994555e-01 3.476119933649358007e+00
-7.350758431089582379e-01 -5.307996683068541444e+00 1.207097378730931814e+00 -5.307996683068541444e+00 -4.206548814929222502e+00 9.251724954224889164e-01 1.207097378730931814e+00 9.251724954224889164e-01 3.408152225760958665e+00
-1.561950184816029152e-01 -5.600257931136865430e+00 1.121539491780013442e+00 -5.600257931136865430e+00 -3.610374187435986482e+00 1.004721958034034968e+00 1.121539491780013442e+00 1.004721958034034968e+00 3.337227221116846998e+00
4.834989789554146045e-01 -5.874302499324502769e+00 1.038178956589433266e+00 -5.874302499324502769e+00 -2.929261730104277817e+00 1.083984922734170464e+00 1.038178956589433266e+00 1.083984922734170464e+00 3.326911048091819367e+00
1.142273292224939008e+00 -6.122310875590581070e+00 9.585878362808381015e-01 -6.122310875590581070e+00 -2.206042981965162131e+00 1.160851640494045656e+00 9.585878362808381015e-01 1.160851640494045656e+00 3.351676623436635971e+00
-1.247199285964319593e+01 2.981373175614906224e+00 3.437035403473276407e+00 2.981373175614906224e+00 -1.777775233126797971e+01 3.312451334358742283e+00 3.437035403473276407e+00 3.312451334358742283e+00 -1.271796321686976938e+01
-1.265491192969849266e+01 2.918540034211950740e+00 3.550031163534586920e+00 2.918540034211950740e+00 -1.780774054310882093e+01 3.202951646251377404e+00 3.550031163534586920e+00 3.202951646251377404e+00 -1.287387067010241637e+01
-1.290883949458050317e+01 2.846268415291261622e+00 3.655005959163638796e+00 2.846268415291261622e+00 -1.788263885216894877e+01 3.088967312525205067e+00 3.655005959163638796e+00 3.088967312525205067e+00 -1.307043543207110048e+01
-1.302664067367715539e+01 2.756338879251684748e+00 3.755040603838367907e+00 2.756338879251684748e+00 -1.777474528407077514e+01 2.958126054693657192e+00 3.755040603838367907e+00 2.958126054693657192e+00 -1.310649910362840487e+01
-1.302410114468096580e+01 2.652941143561694748e+00 3.847535147328851490e+00 2.652941143561694748e+00 -1.750827414407057958e+01 2.814716141565173579e+00 3.847535147328851490e+00 2.814716141565173579e+00 -1.299748368614291572e+01
-1.310303281358310734e+01 2.538767598654001478e+00 3.930554944032017772e+00 2.538767598654001478e+00 -1.729411889328516949e+01 2.665742947341172009e+00 3.930554944032017772e+00 2.665742947341172009e+00 -1.294273013274099959e+01
-1.315366270818672767e+01 2.406738418421896952e+00 4.005640189187395173e+00 2.406738418421896952e+00 -1.700872270324796531e+01 2.506554251510147768e+00 4.005640189187395173e+00 2.506554251510147768e+00 -1.283445537085320787e+01
-1.319553437259645712e+01 2.259089907392068941e+00 4.073240514905771548e+00 2.259089907392068941e+00 -1.667005725067117794e+01 2.333452867111676099e+00 4.073240514905771548e+00 2.333452867111676099e+00 -1.268910961617305944e+01
-1.318417432667608225e+01 2.095076353536010405e+00 4.133405292260648345e+00 2.095076353536010405e+00 -1.623568799903291549e+01 2.149205130856087109e+00 4.133405292260648345e+00 2.149205130856087109e+00 -1.246595908156341359e+01
-1.319536929863724772e+01 1.925036601330390784e+00 4.183164812811955180e+00 1.925036601330390784e+00 -1.579531998988863251e+01 1.952972919503262350e+00 4.183164812811955180e+00 1.952972919503262350e+00 -1.223534949312403697e+01
7.526474219864210946e-01 -3.905445154302634059e+00 1.970958973652420898e+00 -3.905445154302634059e+00 4.236435172598665311e+00 -3.699363466258138722e+00 1.970958973652420898e+00 -3.699363466258138722e+00 3.238376966499103005e-01
8.792613432601693590e-01 -3.588713131424764669e+00 1.985587191522476314e+00 -3.588713131424764669e+00 3.925594960750337314e+00 -3.634211605868038930e+00 1.985587191522476314e+00 -3.634211605868038930e+00 3.819813465015211573e-01
9.383414630427429071e-01 -3.275825693229323932e+00 2.004863814845488257e+00 -3.275825693229323932e+00 3.557657127251102391e+00 -3.567816079912536242e+00 2.004863814845488257e+00 -3.567816079912536242e+00 3.853174526525933730e-01
1.211250784281386217e+00 -2.966488104899374090e+00 2.025811111360285910e+00 -2.966488104899374090e+00 3.408168190825807908e+00 -3.497650197525692839e+00 2.025811111360285910e+00 -3.497650197525692839e+00 6.424479664278615054e-01
1.436637523026561114e+00 -2.669512215632388052e+00 2.049446675575352650e+00 -2.669512215632388052e+00 3.233353761960209738e+00 -3.425795471471667852e+00 2.049446675575352650e+00 -3.425795471471667852e+00 8.653372198177559094e-01
1.662278138743865208e+00 -2.384620623163558939e+00 2.075313721666468325e+00 -2.384620623163558939e+00 3.081337382049369467e+00 -3.354073274069516497e+00 2.075313721666468325e+00 -3.354073274069516497e+00 1.105427422426792594e+00
1.935179995495407645e+00 -2.110402677135507776e+00 2.103539475581084339e+00 -2.110402677135507776e+00 2.993263647437113040e+00 -3.281922850809504855e+00 2.103539475581084339e+00 -3.281922850809504855e+00 1.414247386188479894e+00
2.254579653988983967e+00 -1.833906878651624606e+00 2.132747831883129663e+00 -1.833906878651624606e+00 2.955752983918972010e+00 -3.204065329425022757e+00 2.132747831883129663e+00 -3.204065329425022757e+00 1.781863395628759505e+00
2.459368265772716722e+00 -1.564338197883488046e+00 2.162828881341268605e+00 -1.564338197883488046e+00 2.820428542260057014e+00 -3.120789802276140001e+00 2.162828881341268605e+00 -3.120789802276140001e+00 2.048080102441615313e+00
2.742443590975777834e+00 -1.306125685195273611e+00 2.192811202610006394e+00 -1.306125685195273611e+00 2.787438743997684210e+00 -3.038265617968813892e+00 2.192811202610006394e+00 -3.038265617968813892e+00 2.418185922430219126e+00
2.539604522678946807e+01 -6.851869726227437063e+00 -3.524393081356661295e+00 -6.851869726227437063e+00 2.226614952831397787e+01 -2.423175903528352215e+00 -3.524393081356661295e+00 -2.423175903528352215e+00 1.830274770518544258e+01
2.575534909928414962e+01 -6.893079363654026182e+00 -3.462833666287246537e+00 -6.893079363654026182e+00 2.239122477983805481e+01 -2.507993210882197843e+00 -3.462833666287246537e+00 -2.507993210882197843e+00 1.844309942186998086e+01
2.624188464114586594e+01 -6.877545528962425436e+00 -3.383388984543632017e+00 -6.877545528962425436e+00 2.261528568681927709e+01 -2.591894990517855657e+00 -3.383388984543632017e+00 -2.591894990517855657e+00 1.869825346656434562e+01
2.665334305860351449e+01 -6.810919646764303614e+00 -3.287204711025505599e+00 -6.810919646764303614e+00 2.273588922005212964e+01 -2.674475859865498961e+00 -3.287204711025505599e+00 -2.674475859865498961e+00 1.887290869219981815e+01
2.738770646206793202e+01 -6.657259374705000177e+00 -3.171099043620060787e+00 -6.657259374705000177e+00 2.316034335557370127e+01 -2.749430801432035665e+00 -3.171099043620060787e+00 -2.749430801432035665e+00 1.939316810750304754e+01
2.814769385392048662e+01 -6.452097892314272443e+00 -3.040458722916360657e+00 -6.452097892314272443e+00 2.359897488838825907e+01 -2.817580818226866235e+00 -3.040458722916360657e+00 -2.817580818226866235e+00 1.995242656733094222e+01
2.818773444623939284e+01 -6.248656351412748222e+00 -2.914544241789208900e+00 -6.248656351412748222e+00 2.331820156073550976e+01 -2.884290709735692015e+00 -2.914544241789208900e+00 -2.884290709735692015e+00 1.980626351163454757e+01
2.858328585671169719e+01 -5.959801153801138618e+00 -2.765339523741187744e+00 -5.959801153801138618e+00 2.338307599501874279e+01 -2.941349170028141113e+00 -2.765339523741187744e+00 -2.941349170028141113e+00 2.004541879453270425e+01
2.919242696299399853e+01 -5.599008020258848362e+00 -2.608387902564425431e+00 -5.599008020258848362e+00 2.366858178825553338e+01 -2.987843311642710109e+00 -2.608387902564425431e+00 -2.987843311642710109e+00 2.054556096488918371e+01
2.980951061211026953e+01 -5.188039161505803243e+00 -2.445375147721164932e+00 -5.188039161505803243e+00 2.398389136750776629e+01 -3.021331133140484404e+00 -2.445375147721164932e+00 -3.021331133140484404e+00 2.111169087488485729e+01
