-1.154550235274103276e+00 5.255652626277171890e+00 -1.406006084940101486e+00 5.255652626277171890e+00 -4.923874880986352842e+00 3.734141255824105499e-01 -1.406006084940101486e+00 3.734141255824105499e-01 -6.348883239174796245e+00
-7.873436337982289146e+00 1.983871836644478748e+00 2.526469186059181471e+00 1.983871836644478748e+00 1.024909463311168345e+01 6.851635204317924277e+00 2.526469186059181471e+00 6.851635204317924277e+00 6.359361498498468990e+00
2.473185514720844136e+00 3.354299345145515421e+00 7.214132721308656571e+00 3.354299345145515421e+00 4.411646529420447216e+00 1.261881634841428124e+00 7.214132721308656571e+00 1.261881634841428124e+00 2.441475157569655607e+00
-3.462854538582522235e+00 7.337727267703416656e-01 2.750116187326469674e+00 7.337727267703416656e-01 3.225788732830952465e+00 1.747519380874408279e+00 2.750116187326469674e+00 1.747519380874408279e+00 -2.025551480808064575e+00
1.179026878169500581e+00 7.484856799560492213e+00 3.665057993705241657e+00 7.484856799560492213e+00 1.361602348808688490e+01 3.940768278368467215e-01 3.665057993705241657e+00 3.940768278368467215e-01 2.762492245200772523e+00
-1.761564016332251570e-01 -2.988363311959306490e+00 7.297027444915578087e-01 -2.988363311959306490e+00 -5.998131377657384355e+00 3.863479355900463763e-01 7.297027444915578087e-01 3.863479355900463763e-01 -6.098951440151211045e+00
-6.017175557236848604e+00 1.144404813572360879e+01 4.477023254554420184e+00 1.144404813572360879e+01 2.064172658399430205e+00 -1.263392797881890406e+00 4.477023254554420184e+00 -1.263392797881890406e+00 -7.437280526622796373e+00
-5.504849480265698869e-01 2.327470403273193433e+00 2.095043702207813219e+00 2.327470403273193433e+00 -4.044551170080914027e+00 4.668489786224515825e+00 2.095043702207813219e+00 4.668489786224515825e+00 3.382383740070872502e+00
2.005890531441465452e+00 3.188644817605657877e+00 4.458453147927451177e+00 3.188644817605657877e+00 2.777461710525447103e+00 8.942898223378060729e-01 4.458453147927451177e+00 8.942898223378060729e-01 3.057428813430802084e+00
8.395700357320368123e-01 -1.029699541870971569e+00 -6.939771827689861894e+00 -1.029699541870971569e+00 9.810283817935706807e+00 -3.055079647659981745e+00 -6.939771827689861894e+00 -3.055079647659981745e+00 1.016363065896455309e+00
-2.870458140924243118e+00 3.987341243863991913e+00 6.079137630066100861e+00 3.987341243863991913e+00 7.196444347067754599e+00 -4.488831332732035051e+00 6.079137630066100861e+00 -4.488831332732035051e+00 4.327572296003206809e+00
6.546747525156580982e-01 -1.618137118601708613e+00 7.111943848936347345e-01 -1.618137118601708613e+00 2.383978576891128576e+00 -6.009358262694521891e+00 7.111943848936347345e-01 -6.009358262694521891e+00 3.396725288771383244e+00
-1.182865970362854213e+01 -4.361108408246101575e+00 1.194621707537214750e+00 -4.361108408246101575e+00 -1.030308627554299861e+01 -1.728818325448311100e-01 1.194621707537214750e+00 -1.728818325448311100e-01 -1.056600539861068455e+01
-1.437271186150919977e+00 4.625394522149094634e+00 1.800341812825746013e+00 4.625394522149094634e+00 2.358183068488712841e+00 5.295757925568130853e-01 1.800341812825746013e+00 5.295757925568130853e-01 9.950346704904131201e+00
-3.093592364490397539e+00 2.615325869933615266e+00 -2.410820378188882340e-01 2.615325869933615266e+00 -3.739298158853311183e+00 -2.234939583679692587e-01 -2.410820378188882340e-01 -2.234939583679692587e-01 -3.762595509083676681e+00
-1.186014627968428492e+00 -2.214449303187164819e+00 -3.269838595186854491e+00 -2.214449303187164819e+00 -6.445255604395073945e+00 -3.019939654442719945e+00 -3.269838595186854491e+00 -3.019939654442719945e+00 -8.437507408039672807e-01
-7.406617848439887020e-01 1.101008377691882645e+00 -2.382085845158537385e+00 1.101008377691882645e+00 3.230119556146438420e+00 -1.587314757730318160e+00 -2.382085845158537385e+00 -1.587314757730318160e+00 -3.146389513534152971e-01
7.688151548335105723e+00 -4.043658327224414428e+00 -3.494780364944299222e+00 -4.043658327224414428e+00 -6.015918713881612589e+00 1.533954935834602740e+00 -3.494780364944299222e+00 1.533954935834602740e+00 6.280250935809994495e+00
-3.947093089930967302e+00 4.185387289304546954e+00 6.327813605227858851e+00 4.185387289304546954e+00 3.000120177345305006e+00 -2.547927404625419667e-01 6.327813605227858851e+00 -2.547927404625419667e-01 -4.508395672561845480e+00
-1.116847272133552238e+01 -1.098381662998584085e+00 2.428497452504883025e+00 -1.098381662998584085e+00 2.793723462476804809e+00 -3.786223070766034482e+00 2.428497452504883025e+00 -3.786223070766034482e+00 -3.977402701031458765e+00
-8.226501033813802266e-01 1.634594615022567865e+00 6.864998895685125113e+00 1.634594615022567865e+00 2.845395865691060067e+00 1.439790450064092064e-01 6.864998895685125113e+00 1.439790450064092064e-01 -7.889927100739319243e+00
-7.133185221624291472e+00 2.520376180093892415e+00 -2.565748126341438340e+00 2.520376180093892415e+00 -1.071880504345815766e+01 1.502712926590994424e+00 -2.565748126341438340e+00 1.502712926590994424e+00 -5.081625017904427111e+00
-1.013603304684437711e+00 -5.989693790187676115e+00 6.860293229402660842e+00 -5.989693790187676115e+00 -4.292069146485109066e+00 -1.649553873950086347e+00 6.860293229402660842e+00 -1.649553873950086347e+00 3.645860856693499574e+00
8.087537008269865879e+00 -1.663943243779267167e+00 2.955629392080894383e-02 -1.663943243779267167e+00 -5.507938846938685629e+00 -2.128876327604498631e+00 2.955629392080894383e-02 -2.128876327604498631e+00 -1.473621212404809588e+00
-5.884467058356073643e+00 -1.828275366344970232e+00 -1.170904555796661306e+00 -1.828275366344970232e+00 -5.501588701450434549e+00 -2.615817656390279633e-01 -1.170904555796661306e+00 -2.615817656390279633e-01 4.127887626592053216e+00
-5.106152653605927405e+00 2.175122762509408947e+00 8.897172270225780499e-01 2.175122762509408947e+00 -9.264107034452623068e+00 -1.218929318197814249e+00 8.897172270225780499e-01 -1.218929318197814249e+00 6.138431057744924146e+00
-1.030976832787269615e+01 2.283217709718873945e+00 -5.857127227470757980e+00 2.283217709718873945e+00 -7.093174181184632943e+00 -1.966610109797910955e+00 -5.857127227470757980e+00 -1.966610109797910955e+00 -4.243433691335043889e+00
3.839197935005781659e+00 1.130727377391870236e+00 1.066845707703000024e+00 1.130727377391870236e+00 -2.748668100863715935e+00 -3.285182673721632529e+00 1.066845707703000024e+00 -3.285182673721632529e+00 4.240487473539380492e-01
1.358106875979681938e+00 5.879643466219968140e+00 7.344589604865733534e+00 5.879643466219968140e+00 2.822019822610459361e+00 -2.404393999064033505e+00 7.344589604865733534e+00 -2.404393999064033505e+00 1.146026194112555352e+00
-1.038714413837742256e+01 -8.610425050980662354e-01 -5.057876138888275364e+00 -8.610425050980662354e-01 -5.509677169980735645e-01 -5.254972879755742454e+00 -5.057876138888275364e+00 -5.254972879755742454e+00 -5.617430798844127438e+00
-5.977625385490387799e+00 9.575096510950221740e-01 4.162187636202440366e+00 9.575096510950221740e-01 6.701606478290669244e-01 1.026020880790522172e-01 4.162187636202440366e+00 1.026020880790522172e-01 -1.759104768237720329e+00
-1.674511994078917487e+00 2.241130728453318177e+00 7.291382400283080933e+00 2.241130728453318177e+00 6.358240186112591452e+00 -1.694285737606796127e+00 7.291382400283080933e+00 -1.694285737606796127e+00 -2.004616089714634716e-02
-1.134893658322192955e+01 2.767821338699527622e+00 1.649596546697455368e+00 2.767821338699527622e+00 -1.195719056388558243e+00 -1.971895977730153682e+00 1.649596546697455368e+00 -1.971895977730153682e+00 7.532724036038808357e+00
1.237796201407984498e+01 -7.604404998005221294e+00 -6.419992369346385175e+00 -7.604404998005221294e+00 1.077310870602324577e+01 5.133818913848707588e+00 -6.419992369346385175e+00 5.133818913848707588e+00 4.371545766806266720e+00
-6.103504540038458437e+00 -2.279820370947201746e-01 -4.523274910048655229e-01 -2.279820370947201746e-01 -9.154182919721303158e-01 -4.244966466735188959e+00 -4.523274910048655229e-01 -4.244966466735188959e+00 3.271008948130825100e+00
-7.578373000593928488e+00 -2.657818019165643086e+00 -8.997013497579666730e-01 -2.657818019165643086e+00 -1.843910471858071665e+00 -3.197907307539913369e+00 -8.997013497579666730e-01 -3.197907307539913369e+00 -5.807190376571067070e+00
-2.362431361785563011e-01 -6.979131307869010925e+00 -6.809153475911455811e-01 -6.979131307869010925e+00 -4.756909948913059516e+00 -7.491208521609596716e+00 -6.809153475911455811e-01 -7.491208521609596716e+00 -6.036112531338205578e+00
5.543708254691770421e+00 4.494043165612578439e-01 -2.586627192333005087e+00 4.494043165612578439e-01 3.862780275934754926e+00 7.266463265675136007e+00 -2.586627192333005087e+00 7.266463265675136007e+00 1.322250737142646315e+01
4.002522542799337835e+00 -7.864273436919630988e+00 -3.257221553829087735e-01 -7.864273436919630988e+00 9.833026662193512735e+00 -8.982095690308160130e+00 -3.257221553829087735e-01 -8.982095690308160130e+00 -1.787430072860132446e+00
-1.093500539671741878e+00 6.175074847514959719e-01 -3.413653331176295325e+00 6.175074847514959719e-01 5.239192484171242725e+00 -1.706636148039306411e+00 -3.413653331176295325e+00 -1.706636148039306411e+00 4.909236144057368412e-01
-2.268248162521951272e+00 5.003866199796652481e+00 -2.446607248901277121e+00 5.003866199796652481e+00 8.322909403451106414e+00 -2.609690021731940313e+00 -2.446607248901277121e+00 -2.609690021731940313e+00 4.267352869982436125e+00
2.655813013059060701e+00 5.088828363767827767e+00 -3.090893178792532225e+00 5.088828363767827767e+00 -7.803210125008429310e-02 -3.498276553259680011e+00 -3.090893178792532225e+00 -3.498276553259680011e+00 -4.105750344830487286e+00
-4.670548349624824347e+00 -5.279253088252270132e+00 -3.160620783461304484e+00 -5.279253088252270132e+00 -3.864775783716712265e+00 -5.457390151192090144e+00 -3.160620783461304484e+00 -5.457390151192090144e+00 -1.152285197337994671e-01
-1.330699370891388611e+01 6.460623465120487907e+00 -1.854807173206577176e+00 6.460623465120487907e+00 -3.611143562457711731e+00 8.741368321468331315e-01 -1.854807173206577176e+00 8.741368321468331315e-01 5.238267727847074617e+00
-5.810377538353104221e+00 -3.631866856580602487e+00 -3.604349365586572596e+00 -3.631866856580602487e+00 -1.189881432213531376e+00 8.371551148564138067e-01 -3.604349365586572596e+00 8.371551148564138067e-01 -5.022663190282666612e+00
8.036803445034108595e-01 -1.782225602108249873e+00 -1.755715960893148520e+00 -1.782225602108249873e+00 -4.899431951129014529e+00 4.267618835502435815e+00 -1.755715960893148520e+00 4.267618835502435815e+00 4.849819675267328378e+00
-5.640724512344816866e+00 -3.633829463075247901e+00 3.401973902534324523e+00 -3.633829463075247901e+00 -7.674210175021195290e+00 7.059608927238112397e-01 3.401973902534324523e+00 7.059608927238112397e-01 -4.814492484791575988e-01
2.906287309676450104e+00 -2.663644472311813782e+00 -5.934944976346083756e+00 -2.663644472311813782e+00 -8.996613858617164894e+00 -2.868022733609015162e+00 -5.934944976346083756e+00 -2.868022733609015162e+00 2.923347727823417230e+00
6.656905180505739983e-01 1.470070106538186927e+00 -4.174786595121813271e+00 1.470070106538186927e+00 7.043260252252681042e-01 4.258841314003448453e+00 -4.174786595121813271e+00 4.258841314003448453e+00 3.337023399742536367e-01
-7.614125629936449036e-01 1.549107581809144873e+00 -3.308192688511915946e+00 1.549107581809144873e+00 -3.853443619359733230e+00 -2.930375333030720064e+00 -3.308192688511915946e+00 -2.930375333030720064e+00 -1.289167435659322436e+01
-1.784360115515216672e+00 4.610920723161329171e+00 3.137905689139185217e+00 4.610920723161329171e+00 -2.237487087303859035e+00 -5.973078359114613711e+00 3.137905689139185217e+00 -5.973078359114613711e+00 8.886464341471999262e+00
-4.007181903147214008e+00 8.862143764437157012e-01 -1.089587755613775494e-01 8.862143764437157012e-01 4.117549590672721749e+00 -2.357459756228911907e+00 -1.089587755613775494e-01 -2.357459756228911907e+00 -8.066371034883397684e+00
-7.079776482811308114e+00 -7.165638420596847524e+00 -5.725754579894968721e+00 -7.165638420596847524e+00 -1.308420783443785851e+01 -2.664686905329271216e+00 -5.725754579894968721e+00 -2.664686905329271216e+00 -2.410449795670069673e+00
-5.284799828219319373e+00 1.814842267923931773e+00 1.015507225280841919e+00 1.814842267923931773e+00 -1.106483968397701823e+01 -1.994322831387486117e+00 1.015507225280841919e+00 -1.994322831387486117e+00 -4.665600822545129311e+00
-8.854967806351440984e+00 7.483418883771279617e+00 2.031119179370587169e+00 7.483418883771279617e+00 -6.188559629335007806e+00 -6.580710112593515237e-01 2.031119179370587169e+00 -6.580710112593515237e-01 -5.000244584487504085e+00
-1.466725457975945890e+00 -1.575025249319972565e+00 1.251215958743796319e+00 -1.575025249319972565e+00 -6.738641571589924162e+00 -1.773692959158410742e+00 1.251215958743796319e+00 -1.773692959158410742e+00 1.332081983114248025e-01
5.480211331796821517e-01 -4.509284466836862570e+00 -1.397430733283898663e+00 -4.509284466836862570e+00 -1.380971930480218379e+00 2.959449494604599717e+00 -1.397430733283898663e+00 2.959449494604599717e+00 -2.627459054501794178e+00
-1.721711199509387891e+00 -5.795108982848980184e-02 5.934976601553471065e-01 -5.795108982848980184e-02 -6.458727357860409413e+00 -1.071581171691510237e+00 5.934976601553471065e-01 -1.071581171691510237e+00 -3.536272899869224773e+00
-7.499032529584608753e+00 -4.010884903164181559e+00 2.538835933471924378e+00 -4.010884903164181559e+00 -1.007493782233092361e+01 -2.248726185209302120e+00 2.538835933471924378e+00 -2.248726185209302120e+00 -4.251133891912129315e+00
-1.204341960059766237e+00 -5.264496812729551500e+00 3.264012436523903382e+00 -5.264496812729551500e+00 -2.562774125653790147e+00 -2.197427468963643882e-01 3.264012436523903382e+00 -2.197427468963643882e-01 1.588593874897787916e+00
-1.082739707982882660e-01 -3.308631607470888358e+00 1.153373999688661833e+00 -3.308631607470888358e+00 -5.360859245007318918e+00 2.843406238659165641e+00 1.153373999688661833e+00 2.843406238659165641e+00 -5.745774209418689438e+00
7.884275587401470275e+00 -7.800284314316315637e+00 1.564274735611443701e+00 -7.800284314316315637e+00 -3.581991135090002221e+00 8.633754956565328764e-02 1.564274735611443701e+00 8.633754956565328764e-02 -2.131992270141485957e+00
1.103981732533019766e+01 -2.454283935980088760e+00 3.926479336663940001e-01 -2.454283935980088760e+00 -5.870950357538339937e+00 -1.477696200761975609e+00 3.926479336663940001e-01 -1.477696200761975609e+00 1.185299833463205132e+01
-1.089016910296442431e+00 -1.384470828389397212e+01 8.909467867215683512e-01 -1.384470828389397212e+01 -7.864675964513740958e+00 3.815492725934773510e+00 8.909467867215683512e-01 3.815492725934773510e+00 -1.031360502927874379e+01
-3.995747295212526584e+00 -3.053494544824607360e+00 3.079437178732442160e+00 -3.053494544824607360e+00 -1.005383704053023353e+00 3.338301233518315758e+00 3.079437178732442160e+00 3.338301233518315758e+00 7.092964291055196213e+00
-2.684288286479553864e+00 8.546022954359679957e+00 -6.482389510520262021e+00 8.546022954359679957e+00 4.976778838996202659e+00 -2.330504408887723589e+00 -6.482389510520262021e+00 -2.330504408887723589e+00 4.972631151195860966e+00
-1.548642147638433331e+00 -2.265838191263532586e+00 2.543766933978562683e+00 -2.265838191263532586e+00 3.817431495445903877e+00 -1.030382656591938284e+00 2.543766933978562683e+00 -1.030382656591938284e+00 3.476111390139494883e+00
6.342080627042046004e+00 3.294715294496889602e+00 2.220830406601435048e+00 3.294715294496889602e+00 -9.626406609745860599e-02 -4.363597211215235916e+00 2.220830406601435048e+00 -4.363597211215235916e+00 9.743727242272642641e+00
2.688533330517451692e+00 -1.816827947550230693e+00 7.934025689895533862e-02 -1.816827947550230693e+00 1.996558902018458648e+00 -1.323149876494605248e+00 7.934025689895533862e-02 -1.323149876494605248e+00 4.654342906880530428e+00
-7.181233437602788650e-01 2.451470301159139442e+00 5.110056188087925833e+00 2.451470301159139442e+00 -2.575478672436421146e+00 -1.475800159746138762e+00 5.110056188087925833e+00 -1.475800159746138762e+00 5.342970306850567397e+00
5.112687861815579993e+00 -6.733544214189839394e+00 4.298156404840476341e+00 -6.733544214189839394e+00 7.240470641357479309e+00 -2.457589849095748402e+00 4.298156404840476341e+00 -2.457589849095748402e+00 -4.221812548870446768e+00
4.728236562959165390e+00 2.270714376194697515e+00 -5.236822984051493712e+00 2.270714376194697515e+00 8.430599595691020909e+00 2.401334832126159391e+00 -5.236822984051493712e+00 2.401334832126159391e+00 6.188318480631489482e-01
1.590509244440456715e-01 6.154160939909651518e+00 2.660316400249580049e+00 6.154160939909651518e+00 -2.339423174543853179e+00 2.078156059829272095e+00 2.660316400249580049e+00 2.078156059829272095e+00 -1.180897238498885393e+01
-6.927974532092258109e+00 5.049466726139770323e+00 2.911447062286666387e+00 5.049466726139770323e+00 -9.806431295771245615e+00 1.815022173972335562e+00 2.911447062286666387e+00 1.815022173972335562e+00 -6.620916440965308070e+00
1.620084197665700776e+00 -3.516159826638659336e+00 -1.763011105184273841e+00 -3.516159826638659336e+00 3.912337734738227102e+00 -4.679105712835013975e+00 -1.763011105184273841e+00 -4.679105712835013975e+00 5.235062003015245935e+00
-8.368207856639619635e+00 1.141304355014834515e+00 -6.253402120983631018e-01 1.141304355014834515e+00 -5.049608877902016069e+00 4.299342177332654558e-01 -6.253402120983631018e-01 4.299342177332654558e-01 -1.815593512263341935e+01
3.501319899024799009e-01 -3.349116765417605279e+00 -1.985838804219471898e+00 -3.349116765417605279e+00 -5.685933332450355815e-01 1.217571083352608108e+00 -1.985838804219471898e+00 1.217571083352608108e+00 -3.978371811052076601e-01
-1.007817069413472311e+01 -1.389158820232944347e+00 1.002882541628359103e+00 -1.389158820232944347e+00 -2.183599261114371526e+00 1.670833644068690615e+00 1.002882541628359103e+00 1.670833644068690615e+00 -4.474004371698977245e+00
-8.013514410282484235e+00 7.585223377364918029e-01 -2.089289224990893423e-01 7.585223377364918029e-01 -5.820872373585753934e+00 5.898269698238959302e-01 -2.089289224990893423e-01 5.898269698238959302e-01 -7.930885193740083494e+00
-3.795152625176475336e+00 -5.255418161911856734e-01 1.258506547104244255e+00 -5.255418161911856734e-01 -8.702019293292112323e+00 6.907993030873106122e+00 1.258506547104244255e+00 6.907993030873106122e+00 4.877886740514073338e+00
-4.220474807610050227e+00 1.436125981103321347e+00 2.678082221908821836e+00 1.436125981103321347e+00 -5.464166070042344892e+00 3.064881003299870788e-01 2.678082221908821836e+00 3.064881003299870788e-01 -2.165709515256897255e+00
1.642204958957285577e+00 2.308891227584566885e-01 2.362400529763332369e+00 2.308891227584566885e-01 1.501329094822127841e+00 -3.992113591891787383e+00 2.362400529763332369e+00 -3.992113591891787383e+00 8.419960399781219351e+00
-6.659299277905866843e-01 1.611529231558321396e+00 1.140887185211777899e+00 1.611529231558321396e+00 -9.477732961825572344e-01 -1.358166256259023985e+00 1.140887185211777899e+00 -1.358166256259023985e+00 4.761567768540930778e+00
-5.702194537578293421e+00 -8.941201190181865543e-01 8.704838720291844245e-01 -8.941201190181865543e-01 -3.047901389681199724e+00 7.045430041930704768e+00 8.704838720291844245e-01 7.045430041930704768e+00 -2.722839598792359705e+00
-2.999687347277006033e+00 8.295501188688679806e-01 3.773643308957474130e+00 8.295501188688679806e-01 -3.290619418299276955e+00 -6.938607946306486474e-01 3.773643308957474130e+00 -6.938607946306486474e-01 2.712810904166949588e-01
-5.558939149271956204e+00 -4.317292351661873084e+00 -1.531325448416575474e+00 -4.317292351661873084e+00 -3.695926639714480100e+00 1.772967669729450524e+00 -1.531325448416575474e+00 1.772967669729450524e+00 -3.981204210788817033e+00
-6.047262745370170833e+00 -5.162305035358468963e+00 -2.076669206050430372e+00 -5.162305035358468963e+00 -1.733253939335968496e+01 -1.076179337851238260e-01 -2.076669206050430372e+00 -1.076179337851238260e-01 -1.593513565329474080e+00
-1.525759430915349713e+00 -9.769028567081204928e-01 4.749333412780487151e+00 -9.769028567081204928e-01 -4.207381494095043806e+00 1.379522639350411195e+00 4.749333412780487151e+00 1.379522639350411195e+00 9.253149135964223504e+00
-1.612604784124235913e+00 -4.335309517131331170e+00 4.666190786742478031e-02 -4.335309517131331170e+00 -8.035699145195881243e+00 1.917268863389317790e+00 4.666190786742478031e-02 1.917268863389317790e+00 -5.858838400059890539e+00
-5.181298773921184875e+00 2.526496678016191488e+00 2.212729679029546759e+00 2.526496678016191488e+00 3.022689880341303148e+00 3.910477167403447196e-01 2.212729679029546759e+00 3.910477167403447196e-01 -4.462855212054599896e+00
-1.009102484078004913e+01 4.637797606469152178e+00 -3.433009582754684846e-02 4.637797606469152178e+00 -3.572433166972492025e+00 -2.257000801839425641e+00 -3.433009582754684846e-02 -2.257000801839425641e+00 8.099360138254501962e+00
-3.171609947361103021e+00 -1.618091632296414728e+00 -8.790809965018531180e-01 -1.618091632296414728e+00 -6.296852787896877190e-01 -5.336577965953585689e+00 -8.790809965018531180e-01 -5.336577965953585689e+00 7.507565779922378280e-01
-7.377367030630455957e+00 -4.257602790060757703e-01 4.934019783036222018e-01 -4.257602790060757703e-01 -8.137439835458009085e+00 5.241729760688734530e+00 4.934019783036222018e-01 5.241729760688734530e+00 -1.983288085728801997e+00
6.177079319593206996e+00 -1.919176889965755528e+00 9.610715242291193450e-01 -1.919176889965755528e+00 -1.024820419585556941e+01 2.135814977910661105e-01 9.610715242291193450e-01 2.135814977910661105e-01 -7.754117061983926362e+00
-5.165329681752692359e+00 8.748893495382077390e-01 -3.047105943529816452e-01 8.748893495382077390e-01 -5.930872652460504213e+00 3.497388218410478089e+00 -3.047105943529816452e-01 3.497388218410478089e+00 -9.922814132311471580e-01
-2.497198373737274935e+00 3.670540246840076071e-01 -2.024983675581731646e+00 3.670540246840076071e-01 -1.341921406977231790e+01 -1.930378982617476646e+00 -2.024983675581731646e+00 -1.930378982617476646e+00 3.028568576586354588e-01
-3.191015653677794273e+00 -2.919737253154105705e+00 4.668572786616408621e+00 -2.919737253154105705e+00 4.543619538588948181e+00 6.752319813243113922e-01 4.668572786616408621e+00 6.752319813243113922e-01 1.166157466505510554e+00
-3.524235169735935091e+00 5.539376325479237195e+00 3.957963810289034101e-01 5.539376325479237195e+00 -7.933657709832165894e-01 2.014026692990187772e+00 3.957963810289034101e-01 2.014026692990187772e+00 1.226059987471833246e+01
-4.016011603640324168e+00 4.910941332189076580e-01 2.630308781379246064e+00 4.910941332189076580e-01 -1.775669510906568993e-01 7.609085761309158258e+00 2.630308781379246064e+00 7.609085761309158258e+00 -3.092541462956407194e+00
2.309211344707571278e+00 6.426695628217575340e+00 -9.244066160618018557e-01 6.426695628217575340e+00 5.679078263674647964e+00 -1.461435608429986654e+00 -9.244066160618018557e-01 -1.461435608429986654e+00 2.966049360354522602e+00
