-6.148884757506075438e+00 -8.147045835982142936e-01 -6.777111400653245132e-01 -8.147045835982142936e-01 -1.139462538471249964e+01 -2.638993122797678836e+00 -6.777111400653245132e-01 -2.638993122797678836e+00 3.261655688503366513e-01
-1.704870861171688068e+00 -9.502415431582693639e-01 -2.939871833861995576e+00 -9.502415431582693639e-01 -2.482231566270681977e+00 -4.651715822908157882e+00 -2.939871833861995576e+00 -4.651715822908157882e+00 1.132232887788860998e+00
-1.230738617115049394e+01 1.276037081670842843e+00 2.550413374893363283e+00 1.276037081670842843e+00 -1.751305095778390708e+01 2.210068182029768735e+00 2.550413374893363283e+00 2.210068182029768735e+00 -1.805902137133592156e+00
8.652549093128818480e-01 2.968024828538169402e+00 -1.505876718000935810e+00 2.968024828538169402e+00 1.129642330657067983e+00 -1.969493873978726217e+00 -1.505876718000935810e+00 -1.969493873978726217e+00 1.762938051402702655e+01
2.809875446597918547e+00 -4.950129731344163897e-01 -2.370966523779778790e+00 -4.950129731344163897e-01 -1.146624001259523018e+00 -2.277964226431650641e+00 -2.370966523779778790e+00 -2.277964226431650641e+00 1.560535921282571614e+01
-4.970424066373700711e+00 2.780151236671536630e+00 3.575440235782196829e+00 2.780151236671536630e+00 3.342571852996614634e+00 -1.900720616808153629e-01 3.575440235782196829e+00 -1.900720616808153629e-01 3.847832798168723034e+00
-3.769708487365388550e+00 6.456046195981579139e+00 -3.153741450647689515e+00 6.456046195981579139e+00 -9.310344757210442523e+00 2.691162363738016428e+00 -3.153741450647689515e+00 2.691162363738016428e+00 3.536227770625428590e+00
-1.309218076874064662e+00 2.243578424186283282e+00 3.751261001867488787e+00 2.243578424186283282e+00 -1.586613032680050939e+00 9.614923225771035975e-01 3.751261001867488787e+00 9.614923225771035975e-01 5.153122977760149936e+00
-3.382661302989891539e+00 5.477462970865458303e+00 1.501314946846427634e-01 5.477462970865458303e+00 -1.011609188221403421e+01 -1.452276161579800329e+00 1.501314946846427634e-01 -1.452276161579800329e+00 -1.957226367998695205e+00
-1.244506165451399582e+01 1.607952701462060485e+00 8.788958589381771214e-01 1.607952701462060485e+00 -1.669054426200334618e+01 -5.564988332292939432e-01 8.788958589381771214e-01 -5.564988332292939432e-01 -2.616650894689759088e+00
-3.201264057215762460e+00 9.853026580264483136e-02 4.563455534163596283e-02 9.853026580264483136e-02 -1.296521149607476175e+01 3.280457750708098086e+00 4.563455534163596283e-02 3.280457750708098086e+00 -7.569292360883482118e+00
-1.528829310023461829e+01 1.293301703683573889e+00 4.177335438045142735e-01 1.293301703683573889e+00 -1.315551660874216111e+01 -7.234500617526918864e-01 4.177335438045142735e-01 -7.234500617526918864e-01 -1.248242155490597582e+00
-1.038335338616455950e+01 -9.640263948316610820e-01 9.170574051578624930e-01 -9.640263948316610820e-01 -1.526798537935228595e+01 1.404011108896882742e+00 9.170574051578624930e-01 1.404011108896882742e+00 -3.432688651245855649e+00
-8.431539472674041136e+00 4.202809439373995093e-01 1.804913780266416357e+00 4.202809439373995093e-01 4.498450425817868137e-01 -7.375148965986416449e+00 1.804913780266416357e+00 -7.375148965986416449e+00 -7.664275627517894485e+00
-6.376942200192338817e+00 1.895889257626678592e+00 -3.920798828091121901e+00 1.895889257626678592e+00 -7.669242015482079289e+00 4.231946026341649181e-01 -3.920798828091121901e+00 4.231946026341649181e-01 -1.496100062152484478e+00
-3.852745546341704408e+00 1.225307715101243256e+00 2.865058855709793129e+00 1.225307715101243256e+00 -9.893801194397457976e+00 -3.802093656443174652e+00 2.865058855709793129e+00 -3.802093656443174652e+00 7.738894164635866879e+00
4.113976693949852326e+00 9.620641813610473214e-01 2.321713808647758004e+00 9.620641813610473214e-01 5.447284425966926413e+00 -2.474962575840359946e+00 2.321713808647758004e+00 -2.474962575840359946e+00 5.259776709109985404e+00
-1.130137549985402501e+00 8.020459150938147985e+00 3.069271397825847458e+00 8.020459150938147985e+00 -6.592291941256349652e+00 -4.690071436190528686e+00 3.069271397825847458e+00 -4.690071436190528686e+00 9.557204959975333480e+00
-6.461195858097167566e+00 -5.165182621492875548e+00 -4.090270276562974594e+00 -5.165182621492875548e+00 5.360513690317749713e+00 3.083503916062717565e+00 -4.090270276562974594e+00 3.083503916062717565e+00 -7.025879294523813101e+00
3.983981650976601063e+00 4.780663110114858338e-01 -3.563469118114095391e+00 4.780663110114858338e-01 -6.289922395632038032e+00 -3.828066714750487876e+00 -3.563469118114095391e+00 -3.828066714750487876e+00 1.055674586995501052e+01
2.595375178316035925e+00 1.272343903979778368e+00 3.509252741210770576e+00 1.272343903979778368e+00 1.767817248918586825e+00 2.423030748182480654e+00 3.509252741210770576e+00 2.423030748182480654e+00 7.974655280264566493e+00
-1.199926191547397991e+01 -3.916521725213291671e-01 -4.549513218896172884e-01 -3.916521725213291671e-01 -1.480745113724866613e+01 2.281756324726181617e+00 -4.549513218896172884e-01 2.281756324726181617e+00 -3.651516125327008311e+00
6.711576475918934470e+00 -2.291458530368332358e+00 6.975386959206193449e-01 -2.291458530368332358e+00 1.656314003107140920e+01 -8.250639095562494196e-01 6.975386959206193449e-01 -8.250639095562494196e-01 1.385062886684628047e+01
-2.294640541140183565e+00 -1.522454435891375857e+00 5.683620297789218512e+00 -1.522454435891375857e+00 -5.507054208812214746e+00 -1.372314311328196146e+00 5.683620297789218512e+00 -1.372314311328196146e+00 9.307564886103294910e+00
-8.958821676460178907e+00 3.162716138420615053e+00 8.013332149708103369e-01 3.162716138420615053e+00 -1.804440169375642355e+01 -9.371703059931495439e-01 8.013332149708103369e-01 -9.371703059931495439e-01 1.010814991327687817e+00
-4.801709010686787238e+00 -5.449639087978427554e+00 3.103040181091432093e+00 -5.449639087978427554e+00 -6.480256521503275913e+00 1.931073153619041527e+00 3.103040181091432093e+00 1.931073153619041527e+00 1.105688673998220795e-01
-9.990055325043838863e+00 4.380483819805313317e+00 8.780273890422739536e-01 4.380483819805313317e+00 -9.772115819730885278e+00 -4.860315229621160249e+00 8.780273890422739536e-01 -4.860315229621160249e+00 2.476746550455040996e+00
3.197388464981765210e+00 -1.922687946409186388e+00 -7.781180872273910643e-01 -1.922687946409186388e+00 -4.197925391174175402e+00 4.171851320421540721e-02 -7.781180872273910643e-01 4.171851320421540721e-02 9.988970659130121277e+00
-2.425465225269304970e+00 -9.901258326309884339e+00 -4.786027424374144523e+00 -9.901258326309884339e+00 2.397521513896628542e-01 -3.557319488626684012e-02 -4.786027424374144523e+00 -3.557319488626684012e-02 4.811175599802909875e-01
-9.729033390030012995e+00 1.049772932359643862e+00 -1.489049973768665547e+00 1.049772932359643862e+00 -1.536766653289213025e+01 1.073016528364574729e+00 -1.489049973768665547e+00 1.073016528364574729e+00 3.072444417396213101e+00
-1.028127648365392588e+01 -1.331249037346778907e+00 -1.560338963705174997e+00 -1.331249037346778907e+00 -5.381550730789657955e+00 4.752955047954988688e-01 -1.560338963705174997e+00 4.752955047954988688e-01 7.071476375879020004e+00
-7.278015352841013197e+00 3.393775599628940931e+00 4.822772124127270743e+00 3.393775599628940931e+00 -1.289261231581950895e+01 1.009597358242942278e+00 4.822772124127270743e+00 1.009597358242942278e+00 1.497746691391944607e+00
-3.743495427012076604e+00 -4.400525927529723713e-01 1.775429479699322188e+00 -4.400525927529723713e-01 -9.269698789678644246e+00 1.914330962288447457e+00 1.775429479699322188e+00 1.914330962288447457e+00 4.150929119900086839e+00
-9.050080147602294067e-01 1.495881350559297829e+00 2.720400192151244401e+00 1.495881350559297829e+00 -6.279115261447015151e+00 -4.739889441281880167e+00 2.720400192151244401e+00 -4.739889441281880167e+00 -1.433986280397961943e-01
-7.075338533144032382e+00 -5.654416887263622460e-01 6.049852528858795653e-01 -5.654416887263622460e-01 -1.717474316496224285e+00 -1.596190945010318218e+00 6.049852528858795653e-01 -1.596190945010318218e+00 5.044938320957122357e+00
-8.303829037015146852e+00 2.481100023113136377e-01 2.580553064013967113e+00 2.481100023113136377e-01 -1.044451200306265726e+01 -1.790790944838487997e+00 2.580553064013967113e+00 -1.790790944838487997e+00 -6.496206965823610346e+00
-1.028260053067481472e+01 1.956142356942127458e+00 -1.544962734155791662e+00 1.956142356942127458e+00 -4.639206308190917838e+00 2.548763348470888701e+00 -1.544962734155791662e+00 2.548763348470888701e+00 2.307278921963470619e+00
-1.061610926360707019e+01 3.119162618208950910e+00 -9.912262854772974086e-01 3.119162618208950910e+00 -1.356864908050125784e+01 -1.821064614436801454e+00 -9.912262854772974086e-01 -1.821064614436801454e+00 -1.189501491625230667e+00
-9.927893217428616524e+00 2.165663556141248947e+00 -2.755790445524107568e+00 2.165663556141248947e+00 -8.567965950321248414e+00 -1.846142210312968546e+00 -2.755790445524107568e+00 -1.846142210312968546e+00 6.956153552761196401e+00
-6.128663480730913271e+00 -2.370294235239808867e+00 -1.584777717825517906e-01 -2.370294235239808867e+00 -1.430458829569285939e+00 2.891087632523815731e+00 -1.584777717825517906e-01 2.891087632523815731e+00 9.484475139269207489e+00
-7.991361163426828007e+00 6.187253116663594676e-01 4.331687948681945066e+00 6.187253116663594676e-01 -2.078134776803044037e+00 3.775108181039012578e+00 4.331687948681945066e+00 3.775108181039012578e+00 -1.188247232408617959e+00
-1.235622648650771715e+01 -9.743688789610078782e-01 9.723281265169365917e-02 -9.743688789610078782e-01 -5.545131249414651187e+00 -2.860676403095568698e+00 9.723281265169365917e-02 -2.860676403095568698e+00 5.213541267639862919e-01
-7.145823522624405122e+00 2.243393002499239230e+00 1.756710499488097765e+00 2.243393002499239230e+00 -2.840765763897741714e+00 -8.934611708066240165e-01 1.756710499488097765e+00 -8.934611708066240165e-01 9.534202475870250382e+00
-5.399130984025964253e+00 -1.577263735232319108e+00 -4.042292018739576775e+00 -1.577263735232319108e+00 -9.872969853565951581e+00 1.369856969835418603e+00 -4.042292018739576775e+00 1.369856969835418603e+00 1.435039155444642445e+00
-1.246546492354643121e+01 -1.645402128935821606e+00 -1.303760699965228698e+00 -1.645402128935821606e+00 -1.035988569812483817e+01 -3.758742550163816643e-01 -1.303760699965228698e+00 -3.758742550163816643e-01 2.710735001683291845e+00
-1.162607919084667252e+01 1.863019138232305139e+00 3.500378820678481162e+00 1.863019138232305139e+00 -9.518159048109541942e+00 2.499610983647343687e+00 3.500378820678481162e+00 2.499610983647343687e+00 -1.321253012016966988e+00
-1.517024667329222432e+01 -2.523657965690446758e+00 3.613312716497421584e-01 -2.523657965690446758e+00 -9.545729889571344273e+00 2.775239003425932438e+00 3.613312716497421584e-01 2.775239003425932438e+00 -1.128081833024960901e+01
-1.225494769333489842e+01 -6.220129613901195093e-02 -7.338105944486316146e-01 -6.220129613901195093e-02 -8.040611518612955422e+00 -6.855967757077140456e-01 -7.338105944486316146e-01 -6.855967757077140456e-01 -6.176658433607675747e+00
-6.082127780444094078e+00 -4.718042611152904048e-02 -5.236950600055807925e+00 -4.718042611152904048e-02 3.489390246541592244e+00 -6.477173454674962638e-01 -5.236950600055807925e+00 -6.477173454674962638e-01 6.045953563814458143e+00
-5.033600803056399897e+00 -3.543717880893310301e+00 -2.667285321022078826e+00 -3.543717880893310301e+00 -3.542395224620935590e-01 1.637037369331484138e+00 -2.667285321022078826e+00 1.637037369331484138e+00 9.434358243070581906e+00
-5.960645510475411690e+00 -2.398736151281257278e+00 -2.433244110244740632e+00 -2.398736151281257278e+00 -5.468705628423661480e+00 1.692628016422333292e+00 -2.433244110244740632e+00 1.692628016422333292e+00 1.713965457761203792e+00
-2.424596468199602395e+00 1.934332809874941494e+00 1.082573173401832234e+00 1.934332809874941494e+00 -1.410942573623436891e+00 -8.206144726640774989e-01 1.082573173401832234e+00 -8.206144726640774989e-01 4.739075998286065960e+00
-1.049248503528793464e+01 2.595485365166021907e+00 -4.505978893619386305e+00 2.595485365166021907e+00 -1.150373630144655124e+01 -1.971533618909281138e+00 -4.505978893619386305e+00 -1.971533618909281138e+00 8.705128431541000467e+00
-5.596534255598671903e-01 1.854973040799272388e+00 1.041788483040597013e+00 1.854973040799272388e+00 -1.324887889500835358e+00 -2.621518862835136243e+00 1.041788483040597013e+00 -2.621518862835136243e+00 3.357686789524895410e+00
-9.942200931413294640e+00 -1.528400670167332498e+00 2.549256728752760104e+00 -1.528400670167332498e+00 -7.137121326287496181e+00 -2.645368549297092198e+00 2.549256728752760104e+00 -2.645368549297092198e+00 3.543524773698470742e+00
-3.571978885758474442e-01 1.532683649188631314e+00 -4.422277704280344501e+00 1.532683649188631314e+00 -9.203580486178488229e+00 4.339509554505084132e+00 -4.422277704280344501e+00 4.339509554505084132e+00 9.470982574817728761e+00
-5.495273005506900788e+00 2.296753010554088537e+00 1.111558363301004215e+00 2.296753010554088537e+00 -7.698510533258150268e+00 -2.379629254767954727e+00 1.111558363301004215e+00 -2.379629254767954727e+00 1.619348792869843345e+00
6.913715031162144531e-02 1.027726559097948966e+00 -1.937970660584718841e-01 1.027726559097948966e+00 -5.784381868281680106e+00 -1.366667778566663438e+00 -1.937970660584718841e-01 -1.366667778566663438e+00 -2.377960237092063167e+00
-7.637224384792712151e+00 -1.397025217470949432e+00 2.365072756293608247e+00 -1.397025217470949432e+00 -8.866650910147058084e+00 6.665642893906517763e+00 2.365072756293608247e+00 6.665642893906517763e+00 3.448069484650849448e-02
-6.743463599800160857e+00 -9.150979044400906620e-03 5.246092938544457684e-01 -9.150979044400906620e-03 4.359870676232956654e+00 -5.326507971925677154e+00 5.246092938544457684e-01 -5.326507971925677154e+00 9.830774423060782752e+00
-1.457989996584790227e+01 -1.380427895779191561e+00 2.829878127817783362e+00 -1.380427895779191561e+00 -1.783248576870416002e+01 5.078040499593577950e-01 2.829878127817783362e+00 5.078040499593577950e-01 -6.289455621816968822e+00
-7.670353760224587689e-03 4.646449692425156819e+00 4.593598929841299139e+00 4.646449692425156819e+00 -2.018999123763934644e+00 9.657747482438553410e-01 4.593598929841299139e+00 9.657747482438553410e-01 1.265484328412551562e+01
1.807168834836131999e-01 -3.850354368699047569e+00 1.723496753886949229e+00 -3.850354368699047569e+00 -7.374901163342270749e+00 -2.464174349160991984e+00 1.723496753886949229e+00 -2.464174349160991984e+00 8.803129681482689151e+00
-5.398685173895876765e+00 2.640629285017546124e+00 2.759525190728440158e-01 2.640629285017546124e+00 -4.474799924961559761e+00 2.755393513925931348e+00 2.759525190728440158e-01 2.755393513925931348e+00 1.330817212133358574e+00
-2.755516461057506278e-02 5.179611088678927722e+00 -3.517318393311819058e-01 5.179611088678927722e+00 -9.230391107248704374e-01 2.414923316954754817e+00 -3.517318393311819058e-01 2.414923316954754817e+00 4.561481242789843016e+00
-1.274755978080246432e+00 -1.781827711018855176e+00 -9.577056610067716136e+00 -1.781827711018855176e+00 -8.409881050471097907e+00 5.250432731924822960e+00 -9.577056610067716136e+00 5.250432731924822960e+00 4.876747921292446719e+00
-5.549376554084489044e+00 6.866694088633682469e-01 1.149646261731644525e+00 6.866694088633682469e-01 8.179980387660842567e+00 -3.489901528704420830e+00 1.149646261731644525e+00 -3.489901528704420830e+00 -7.267391868298934909e+00
4.217501448337483971e+00 7.764792471572785182e+00 -2.681345167168529997e+00 7.764792471572785182e+00 -2.148807444687231172e+00 1.725878395665366494e+00 -2.681345167168529997e+00 1.725878395665366494e+00 1.036897145817462729e+01
-1.087473565447155188e+01 7.370854944912998974e-01 -4.213939318353643326e-01 7.370854944912998974e-01 -1.528584283721244397e+01 -5.542735100613408461e-01 -4.213939318353643326e-01 -5.542735100613408461e-01 -2.266982602138830405e+00
-6.445594948830210669e+00 2.817528771478450267e+00 -1.576150936965962757e+00 2.817528771478450267e+00 -8.375480521269091483e+00 -8.562061763937901526e-01 -1.576150936965962757e+00 -8.562061763937901526e-01 8.842608878957298302e+00
-8.135914974278142253e+00 -2.340073295840518153e+00 -4.842915276382838141e-01 -2.340073295840518153e+00 -7.511865562195263912e+00 -3.177404608259351892e+00 -4.842915276382838141e-01 -3.177404608259351892e+00 2.775061783939086535e+00
-3.623452788167666139e+00 -4.233262476369178628e+00 2.555492719878873498e+00 -4.233262476369178628e+00 -9.436469612269723584e+00 -8.985644052781910363e-01 2.555492719878873498e+00 -8.985644052781910363e-01 6.009868315496784241e+00
-1.209359031722235356e+00 7.706122967255077949e-01 1.683521443934145712e+00 7.706122967255077949e-01 1.902424867194482394e-01 -1.168349319480896931e+00 1.683521443934145712e+00 -1.168349319480896931e+00 5.697502026223989269e+00
1.003472308382563583e+01 -5.332420718168294549e+00 9.448723696559316876e-01 -5.332420718168294549e+00 2.540361568226049638e+00 -3.965149455139354906e+00 9.448723696559316876e-01 -3.965149455139354906e+00 7.747936999534228875e+00
-1.204754635115548567e+01 1.108987455495064500e+00 -6.596467666429881582e-01 1.108987455495064500e+00 -4.796661520906163823e+00 -8.675530862848337410e-01 -6.596467666429881582e-01 -8.675530862848337410e-01 -1.614956203527058820e+00
-4.139981649683011966e+00 -1.286315820084878159e-01 1.875547666187482809e+00 -1.286315820084878159e-01 -3.657064263820828387e+00 1.436277305338180099e+00 1.875547666187482809e+00 1.436277305338180099e+00 1.368113157036021832e+01
-6.893323071202295260e+00 -6.444347769169358031e+00 -1.826825942697066996e+00 -6.444347769169358031e+00 2.056479195255626280e+00 -2.267417316893810542e-01 -1.826825942697066996e+00 -2.267417316893810542e-01 -1.916425649445335333e+00
-1.019583031445317367e+01 9.071999689420078283e-01 1.274014684317567259e+00 9.071999689420078283e-01 -4.236098194992598209e+00 2.151070679639497829e+00 1.274014684317567259e+00 2.151070679639497829e+00 5.557768345760977446e+00
-8.870485999114086084e+00 -2.353573140717893697e+00 -9.549770961339943964e-01 -2.353573140717893697e+00 1.604656591826108425e+01 5.843906731662549703e+00 -9.549770961339943964e-01 5.843906731662549703e+00 8.987756939559577773e+00
-1.887924104965836403e+00 1.340550556347758882e+00 3.315725013896184237e+00 1.340550556347758882e+00 -4.430122985529940216e+00 4.612024364002500931e+00 3.315725013896184237e+00 4.612024364002500931e+00 1.884820407184821134e+00
-1.950910552974892465e+00 2.955718830841875810e+00 2.217336213884167684e+00 2.955718830841875810e+00 -6.534415779687161141e+00 -7.119956613121476430e-01 2.217336213884167684e+00 -7.119956613121476430e-01 1.155370064446088385e+01
-8.792884116713356235e+00 2.590806600759154588e+00 3.967369351767890961e+00 2.590806600759154588e+00 -8.578604704238964374e+00 4.818541975746387429e+00 3.967369351767890961e+00 4.818541975746387429e+00 4.448750285892036693e+00
-5.180477909570367245e+00 -2.219227956057409745e+00 -6.104152494899868664e+00 -2.219227956057409745e+00 -1.109885046373877948e+01 1.736180485298058462e+00 -6.104152494899868664e+00 1.736180485298058462e+00 8.223649377898322399e+00
-1.723461571516049506e+00 -1.569259096757980920e+00 9.452655927858096829e-01 -1.569259096757980920e+00 -7.729851757792454592e+00 2.518570696652201235e+00 9.452655927858096829e-01 2.518570696652201235e+00 3.722631334955748272e+00
-3.887541136100140626e+00 -3.156929315998257213e+00 -4.441053988848995826e-01 -3.156929315998257213e+00 -7.367376854060927016e+00 -3.927969283728995453e+00 -4.441053988848995826e-01 -3.927969283728995453e+00 8.230704566401552569e+00
-1.144370142336063978e+01 -3.037985387522394998e+00 -8.185943807107030068e+00 -3.037985387522394998e+00 -9.112461156485826663e+00 1.913493758251172849e+00 -8.185943807107030068e+00 1.913493758251172849e+00 2.595799330331465260e+00
-1.025533527211477036e+01 5.417312756807493024e-01 3.466786108396642696e+00 5.417312756807493024e-01 -2.635511549527743469e+00 -2.738672999790730422e+00 3.466786108396642696e+00 -2.738672999790730422e+00 6.049513976592269415e+00
-7.825155175994021661e+00 -1.450285045299816611e+00 -1.531967413308643833e+00 -1.450285045299816611e+00 -1.478032094280628606e+01 5.187199484276163730e+00 -1.531967413308643833e+00 5.187199484276163730e+00 -7.536088572995813806e+00
-1.373108413913685055e+01 -4.956787000852976854e-01 1.430371479353415465e+00 -4.956787000852976854e-01 -6.499978948759697062e+00 3.649373297091985435e+00 1.430371479353415465e+00 3.649373297091985435e+00 4.932836500031569926e+00
-1.517185827870092929e+00 -5.149983613751729195e+00 -2.314484797866781740e+00 -5.149983613751729195e+00 -8.536797709148064017e-02 2.314294523069335696e+00 -2.314484797866781740e+00 2.314294523069335696e+00 7.229437414161176356e+00
4.147389282102538210e+00 4.453802296788340054e-01 -1.240874404169826084e+00 4.453802296788340054e-01 3.647709666411768747e+00 -3.994218175562953999e+00 -1.240874404169826084e+00 -3.994218175562953999e+00 1.269277285613240203e+01
-5.600804375864957052e+00 -2.354040116308200759e+00 1.862929679021441576e+00 -2.354040116308200759e+00 3.151797644459939818e+00 -1.599897865382502726e-01 1.862929679021441576e+00 -1.599897865382502726e-01 7.949811738965617103e+00
-4.794016278750988569e+00 1.531951803097945541e+00 5.720736019033790809e-01 1.531951803097945541e+00 -8.913953616066654817e+00 -2.110092722205963334e+00 5.720736019033790809e-01 -2.110092722205963334e+00 -2.811955397331205919e+00
-6.133854923935229131e+00 -7.035310747065159909e-01 1.492701751620249651e+00 -7.035310747065159909e-01 -1.107080214960077669e+01 2.412926683276837903e+00 1.492701751620249651e+00 2.412926683276837903e+00 2.033007483133593585e+00
-2.350035019716534279e+00 -9.323342660945730387e-01 3.560360057385327348e+00 -9.323342660945730387e-01 2.001406504953189724e+00 -2.002234601187782015e-01 3.560360057385327348e+00 -2.002234601187782015e-01 3.406799252896621777e+00
-2.432230465938440001e-01 -3.321945728740858694e+00 8.367839637735670077e-01 -3.321945728740858694e+00 -1.779506241591564786e+00 3.305393049180999743e+00 8.367839637735670077e-01 3.305393049180999743e+00 2.027313017535728790e+00
-3.088799033094802304e+00 2.537160264135974508e+00 8.538652819947583072e-01 2.537160264135974508e+00 -4.676369623885344495e+00 -2.872688520540387813e+00 8.538652819947583072e-01 -2.872688520540387813e+00 2.692547138077337365e+00
-8.086827463003618988e+00 -5.976315897484369977e+00 -2.978374319885256138e+00 -5.976315897484369977e+00 6.489738903723463181e+00 3.339200011171907789e+00 -2.978374319885256138e+00 3.339200011171907789e+00 3.065525668831078132e+00
-1.679654060928540860e+00 -1.684153175719087514e-01 -3.078629454170023205e+00 -1.684153175719087514e-01 -6.704434755598599471e-01 -3.869603983055495799e+00 -3.078629454170023205e+00 -3.869603983055495799e+00 1.607003213369386430e+01
-1.117827116945767152e+01 6.513345503805330061e-01 -9.150401817109464764e-01 6.513345503805330061e-01 -1.478635612123080101e+01 -3.962882500191756474e+00 -9.150401817109464764e-01 -3.962882500191756474e+00 -7.141197453775830484e-01
