1.042716357507413250e+01 -1.294072022581748693e-01 -1.358882119174721070e-01 -1.294072022581748693e-01 1.008583039968447714e+01 2.725472481449702222e-01 -1.358882119174721070e-01 2.725472481449702222e-01 -6.979976406087224916e+00
1.042905006614867069e+01 -2.842921764477342461e-01 -3.798338211904262463e-01 -2.842921764477342461e-01 1.010096289798130265e+01 2.239751741882024805e-01 -3.798338211904262463e-01 2.239751741882024805e-01 -7.180553005496086882e+00
1.054586037639299789e+01 -4.328381349298432434e-01 -6.193269058304672336e-01 -4.328381349298432434e-01 1.022298641474344016e+01 1.828374978531325523e-01 -6.193269058304672336e-01 1.828374978531325523e-01 -7.308925680390805368e+00
1.068164716405915371e+01 -5.796903084149215291e-01 -8.576333267300734198e-01 -5.796903084149215291e-01 1.036127838141717739e+01 1.470043098620570921e-01 -8.576333267300734198e-01 1.470043098620570921e-01 -7.354789726837350550e+00
1.087084396246999951e+01 -7.188748085002678589e-01 -1.088474922732586281e+00 -7.188748085002678589e-01 1.054702675528317002e+01 1.165161799155037814e-01 -1.088474922732586281e+00 1.165161799155037814e-01 -7.358268578657599868e+00
1.111033704711003978e+01 -8.551078628722251773e-01 -1.314164166768083231e+00 -8.551078628722251773e-01 1.077861889074544521e+01 9.012558972224639364e-02 -1.314164166768083231e+00 9.012558972224639364e-02 -7.301470997918844574e+00
1.139670842070981749e+01 -9.865029804562566174e-01 -1.532469725307542108e+00 -9.865029804562566174e-01 1.105328590574298708e+01 6.696029072093975798e-02 -1.532469725307542108e+00 6.696029072093975798e-02 -7.172865047246091308e+00
1.170175199897746232e+01 -1.109520454881321339e+00 -1.740947273894169811e+00 -1.109520454881321339e+00 1.134747708911947406e+01 4.476866453229749743e-02 -1.740947273894169811e+00 4.476866453229749743e-02 -7.000940798834904832e+00
1.204995159618142608e+01 -1.226269910574859345e+00 -1.941016752046435423e+00 -1.226269910574859345e+00 1.168432731260082313e+01 2.333772022854928643e-02 -1.941016752046435423e+00 2.333772022854928643e-02 -6.769723933102511637e+00
1.236613155724391966e+01 -1.329347377190568391e+00 -2.126988259265331305e+00 -1.329347377190568391e+00 1.199758625522532185e+01 -1.206948590698550842e-03 -2.126988259265331305e+00 -1.206948590698550842e-03 -6.531103097023815529e+00
1.649877624020842148e+01 -2.537541403128707795e+00 -6.262045835000166205e-01 -2.537541403128707795e+00 1.478796804456510117e+01 -1.466030962363179091e+00 -6.262045835000166205e-01 -1.466030962363179091e+00 -6.465049147250462314e-01
1.627254437994153236e+01 -2.581977339423612516e+00 -6.926760906001379059e-01 -2.581977339423612516e+00 1.441986062998632079e+01 -1.357489754759317213e+00 -6.926760906001379059e-01 -1.357489754759317213e+00 -5.478328822334983528e-01
1.609749222797436019e+01 -2.630514751089868764e+00 -7.617405977547435647e-01 -2.630514751089868764e+00 1.408730590816978356e+01 -1.228943995404321310e+00 -7.617405977547435647e-01 -1.228943995404321310e+00 -3.917106165956427688e-01
1.597446768546541485e+01 -2.682640953706056930e+00 -8.319487855417451172e-01 -2.682640953706056930e+00 1.379063909585257086e+01 -1.080847212824830983e+00 -8.319487855417451172e-01 -1.080847212824830983e+00 -1.835706008153605018e-01
1.590072000330746249e+01 -2.737675654482218057e+00 -9.016837261705137330e-01 -2.737675654482218057e+00 1.352739536408555132e+01 -9.145205553375796992e-01 -9.016837261705137330e-01 -9.145205553375796992e-01 6.694475425835426374e-02
1.588424508661148238e+01 -2.794869545417816514e+00 -9.694172256925893683e-01 -2.794869545417816514e+00 1.330481145066337056e+01 -7.312161560487251410e-01 -9.694172256925893683e-01 -7.312161560487251410e-01 3.621228098902936066e-01
1.592097103795351032e+01 -2.854015580881125391e+00 -1.035307033160716150e+00 -2.854015580881125391e+00 1.311894362926742019e+01 -5.324523495909310178e-01 -1.035307033160716150e+00 -5.324523495909310178e-01 6.905760563354796933e-01
1.600853162154238163e+01 -2.914226422450457932e+00 -1.098732011679713683e+00 -2.914226422450457932e+00 1.296713974394844016e+01 -3.202207177550939754e-01 -1.098732011679713683e+00 -3.202207177550939754e-01 1.038619763268346263e+00
1.614478736585025587e+01 -2.974604872388331156e+00 -1.158025936879970352e+00 -2.974604872388331156e+00 1.285124348676037620e+01 -9.767624159609951395e-02 -1.158025936879970352e+00 -9.767624159609951395e-02 1.411331478324099775e+00
1.631330279144433248e+01 -3.033642455377878466e+00 -1.212469078708340531e+00 -3.033642455377878466e+00 1.275499684595477135e+01 1.327359685685159663e-01 -1.212469078708340531e+00 1.327359685685159663e-01 1.764324561786818180e+00
8.348171765090659946e+00 -8.122807187012363039e-01 -1.375697358304809104e+00 -8.122807187012363039e-01 7.913981603462284298e+00 2.221232675928676237e+00 -1.375697358304809104e+00 2.221232675928676237e+00 -1.652359830341296387e+01
8.533570569330981570e+00 -8.907266657380326080e-01 -1.451785044187142049e+00 -8.907266657380326080e-01 8.156020230672359261e+00 2.166961502929043437e+00 -1.451785044187142049e+00 2.166961502929043437e+00 -1.649337723866259608e+01
8.775453364306180504e+00 -9.929422230013141837e-01 -1.551746228452544729e+00 -9.929422230013141837e-01 8.442491822453535022e+00 2.124221915310267050e+00 -1.551746228452544729e+00 2.124221915310267050e+00 -1.637764583222769588e+01
9.066007760641118907e+00 -1.117618399718119049e+00 -1.675528967022724469e+00 -1.117618399718119049e+00 8.765033382200776657e+00 2.092608749261668066e+00 -1.675528967022724469e+00 2.092608749261668066e+00 -1.617985317090687047e+01
9.408288070139375847e+00 -1.264121478133283016e+00 -1.823621534233628161e+00 -1.264121478133283016e+00 9.128579597351835773e+00 2.071270121899255301e+00 -1.823621534233628161e+00 2.071270121899255301e+00 -1.589918892707875742e+01
9.790222489005854456e+00 -1.431287910893061843e+00 -1.993738390640400704e+00 -1.431287910893061843e+00 9.523915588417688483e+00 2.059208706919819498e+00 -1.993738390640400704e+00 2.059208706919819498e+00 -1.554357976709073696e+01
1.021421083365765270e+01 -1.618296981560439995e+00 -2.185079597437343590e+00 -1.618296981560439995e+00 9.953648948128599017e+00 2.055676509595953494e+00 -2.185079597437343590e+00 2.055676509595953494e+00 -1.511408535013996968e+01
1.067439381206341764e+01 -1.823392980289142651e+00 -2.395806334252915004e+00 -1.823392980289142651e+00 1.041615902124185133e+01 2.058865876003091344e+00 -2.395806334252915004e+00 2.058865876003091344e+00 -1.461862195375818096e+01
1.116230453946153034e+01 -2.044196868293389535e+00 -2.623570728748309211e+00 -2.044196868293389535e+00 1.090649034268837880e+01 2.067810646284998555e+00 -2.623570728748309211e+00 2.067810646284998555e+00 -1.406320470221159802e+01
1.167640547113454019e+01 -2.277488112719068258e+00 -2.865609355958385063e+00 -2.277488112719068258e+00 1.142629473415786556e+01 2.080339557969063780e+00 -2.865609355958385063e+00 2.080339557969063780e+00 -1.344979708165966592e+01
1.598819211565704101e+01 -1.684445363177651922e+00 -9.254598882705579177e-01 -1.684445363177651922e+00 1.562016572810353132e+01 -8.407973200857140617e-01 -9.254598882705579177e-01 -8.407973200857140617e-01 5.998253138595995182e+00
1.578539050946426592e+01 -1.648030305598147116e+00 -8.532838773629759510e-01 -1.648030305598147116e+00 1.547620421628921861e+01 -8.771049874149845493e-01 -8.532838773629759510e-01 -8.771049874149845493e-01 5.867617780560778762e+00
1.561180881408528442e+01 -1.624326348546394128e+00 -7.924326564801194017e-01 -1.624326348546394128e+00 1.536259509429117642e+01 -9.061589314784180837e-01 -7.924326564801194017e-01 -9.061589314784180837e-01 5.796027534654475843e+00
1.547870348029467635e+01 -1.614309767024525000e+00 -7.442437223749083230e-01 -1.614309767024525000e+00 1.528999928513267648e+01 -9.283496622768672157e-01 -7.442437223749083230e-01 -9.283496622768672157e-01 5.793762576649530871e+00
1.535114338851617433e+01 -1.618117239532837814e+00 -7.099764698000926577e-01 -1.618117239532837814e+00 1.522491103074057150e+01 -9.444093860619303671e-01 -7.099764698000926577e-01 -9.444093860619303671e-01 5.822260043961748899e+00
1.523376584500990383e+01 -1.637115551074316944e+00 -6.908024287582300582e-01 -1.637115551074316944e+00 1.517099136237284718e+01 -9.544357303338208975e-01 -6.908024287582300582e-01 -9.544357303338208975e-01 5.877302428581923088e+00
1.518371222565062162e+01 -1.671080158398471793e+00 -6.842320979938849579e-01 -1.671080158398471793e+00 1.517995356689241504e+01 -9.576769633408974691e-01 -6.842320979938849579e-01 -9.576769633408974691e-01 6.016450904635726182e+00
1.514887873357456982e+01 -1.717921833000741305e+00 -6.921008745110648341e-01 -1.717921833000741305e+00 1.520285697844241923e+01 -9.553046150857179564e-01 -6.921008745110648341e-01 -9.553046150857179564e-01 6.179625508491985109e+00
1.510270092597374969e+01 -1.777747965131359908e+00 -7.152776430616667458e-01 -1.777747965131359908e+00 1.521176060646185846e+01 -9.458933240651702379e-01 -7.152776430616667458e-01 -9.458933240651702379e-01 6.348062234609733068e+00
1.510637171998176420e+01 -1.848205732035190119e+00 -7.497206251368661034e-01 -1.848205732035190119e+00 1.526607078483043445e+01 -9.303022122811301919e-01 -7.497206251368661034e-01 -9.303022122811301919e-01 6.552523508306133948e+00
-2.676629328611700220e+00 -8.374400502270775704e-01 4.759247335633103315e-01 -8.374400502270775704e-01 -3.609028206968677654e+00 1.531382613441996998e+00 4.759247335633103315e-01 1.531382613441996998e+00 -2.054760417157702435e+01
-2.948410693135607108e+00 -7.975839058576791318e-01 5.670746710029921367e-01 -7.975839058576791318e-01 -3.808989479890002805e+00 1.486422336015102097e+00 5.670746710029921367e-01 1.486422336015102097e+00 -2.015237962347331546e+01
-3.056848823189390441e+00 -7.664651591522962937e-01 6.506178036924694652e-01 -7.664651591522962937e-01 -3.851897127463668191e+00 1.448179756289686093e+00 6.506178036924694652e-01 1.448179756289686093e+00 -1.970313907800199260e+01
-3.062051745918967782e+00 -7.385735417348793241e-01 7.271029631433009177e-01 -7.385735417348793241e-01 -3.810668904315372529e+00 1.420222279090882056e+00 7.271029631433009177e-01 1.420222279090882056e+00 -1.923968379638129989e+01
-3.088527378036563409e+00 -7.193205323093972980e-01 7.929188380094294164e-01 -7.193205323093972980e-01 -3.783106585804890898e+00 1.392989259487335429e+00 7.929188380094294164e-01 1.392989259487335429e+00 -1.864743971225821895e+01
-3.069252415350618879e+00 -7.076853042643511671e-01 8.524341271228634831e-01 -7.076853042643511671e-01 -3.713931862088022395e+00 1.371475064234231267e+00 8.524341271228634831e-01 1.371475064234231267e+00 -1.797687737143570885e+01
-3.018265967926808457e+00 -7.031409793486446125e-01 9.050560924511190652e-01 -7.031409793486446125e-01 -3.618786431244192414e+00 1.355010118887468140e+00 9.050560924511190652e-01 1.355010118887468140e+00 -1.726310003739305188e+01
-2.898499955474451717e+00 -7.022079657789946916e-01 9.522226725544805648e-01 -7.022079657789946916e-01 -3.457945868466776762e+00 1.341596676744971406e+00 9.522226725544805648e-01 1.341596676744971406e+00 -1.647820511608261285e+01
-2.761939698768396401e+00 -7.073779586178783330e-01 9.942412130794205938e-01 -7.073779586178783330e-01 -3.284526087444434417e+00 1.330433443799865723e+00 9.942412130794205938e-01 1.330433443799865723e+00 -1.565640676393496022e+01
-2.569102258867104194e+00 -7.170703231120063581e-01 1.031594685756111129e+00 -7.170703231120063581e-01 -3.055465767780262354e+00 1.320697172784813134e+00 1.031594685756111129e+00 1.320697172784813134e+00 -1.476386402994738134e+01
