-1.989326261549103858e+00 -1.248094201501141892e-01 2.726445690274067690e+00 -1.248094201501141892e-01 -4.978215049448852514e-01 -4.397296934572504645e-02 2.726445690274067690e+00 -4.397296934572504645e-02 5.263738949299429093e-01
-3.333238204926947112e+00 -1.564448130044673757e+00 2.431795710712612944e-03 -1.564448130044673757e+00 -2.260467881327758111e+00 -1.463023761572145309e+00 2.431795710712612944e-03 -1.463023761572145309e+00 -7.027157221040728707e+00
1.375838758459567490e+00 3.621662146182882402e+00 8.047013082325282785e-01 3.621662146182882402e+00 2.035643880308772233e-02 -6.575775816485825986e-01 8.047013082325282785e-01 -6.575775816485825986e-01 -2.423322662497562341e+00
-1.492228192951053911e+00 2.036562129305198532e+00 3.611432615556450898e+00 2.036562129305198532e+00 -9.674666573767250810e+00 -1.966666778977974817e+00 3.611432615556450898e+00 -1.966666778977974817e+00 -8.999960898263280384e+00
-6.569006567626862747e+00 -3.463309934849356231e-01 -1.220123866793265455e+00 -3.463309934849356231e-01 -4.922945651566508651e+00 -9.784592088704613388e-01 -1.220123866793265455e+00 -9.784592088704613388e-01 -2.975619189465202652e+00
-4.570850700279365242e-01 -8.519193565387583433e+00 -4.597656126107485086e+00 -8.519193565387583433e+00 -9.795806350423350572e-01 -1.997442221349011726e-01 -4.597656126107485086e+00 -1.997442221349011726e-01 -1.288636682908864017e+01
3.628277283454052871e+00 4.966994045405528801e+00 4.304280519303805619e+00 4.966994045405528801e+00 -4.794049068199157659e+00 8.736624101314057755e-01 4.304280519303805619e+00 8.736624101314057755e-01 2.198086905283685777e+00
-7.900524388339909443e+00 -1.414542647068798953e+00 5.778740803375597146e-01 -1.414542647068798953e+00 -1.439436081726310102e+00 2.335926375014735878e+00 5.778740803375597146e-01 2.335926375014735878e+00 -1.257394959518174105e+01
-2.265611242849983498e+00 -9.693911634520075982e-01 3.676014702047594618e+00 -9.693911634520075982e-01 6.421234810993586839e-01 1.237105601996171256e+00 3.676014702047594618e+00 1.237105601996171256e+00 -8.880483336846234366e+00
2.354199035079919344e+00 4.632704405555225335e+00 1.929155944686981261e+00 4.632704405555225335e+00 -4.119910184212668192e+00 6.717277147036902818e+00 1.929155944686981261e+00 6.717277147036902818e+00 -1.206487561553917409e+01
-2.012702872929895914e+00 -4.936625509244652932e+00 -2.562916952672289472e+00 -4.936625509244652932e+00 -2.649174634069106471e+00 5.757013185929431287e-02 -2.562916952672289472e+00 5.757013185929431287e-02 -2.888470995214460935e+00
2.610766782715467027e+00 -4.933657161156915549e+00 -5.634023933920261351e-01 -4.933657161156915549e+00 7.890243066974882424e-01 -1.458563783342821552e+00 -5.634023933920261351e-01 -1.458563783342821552e+00 1.554502588143076958e+00
-2.091532585062588101e+00 -7.670729345177492720e-01 -1.218797989767309575e+00 -7.670729345177492720e-01 2.257803118761716465e+00 7.193373169703829451e-01 -1.218797989767309575e+00 7.193373169703829451e-01 -4.709375775559789257e-01
-1.206403053829760319e+00 9.931249128659541681e-01 -2.415956719561515254e+00 9.931249128659541681e-01 1.445469797125292999e+00 -2.916889946746924256e+00 -2.415956719561515254e+00 -2.916889946746924256e+00 -1.210067046688999337e+00
-7.447214742278825739e+00 1.903446102201314938e+00 3.166688729766434562e+00 1.903446102201314938e+00 -3.859471338092097525e+00 3.249952125492131305e+00 3.166688729766434562e+00 3.249952125492131305e+00 6.871852672793245631e+00
1.957441838511936316e+00 -3.380385706738117335e+00 -1.654557876206324885e+00 -3.380385706738117335e+00 1.269038281398553458e+01 -2.277763950549263061e+00 -1.654557876206324885e+00 -2.277763950549263061e+00 9.227053428724637740e+00
-1.265534467410395436e+01 -5.394461476855160198e-01 1.149207004622567085e+00 -5.394461476855160198e-01 -1.072552111978023071e+01 4.893004934068193590e-01 1.149207004622567085e+00 4.893004934068193590e-01 -1.165256422834995575e+01
-5.166987003334564399e+00 2.018912290142457433e+00 1.279053595605939675e+00 2.018912290142457433e+00 -7.350992505781813513e+00 -2.333082559589614746e+00 1.279053595605939675e+00 -2.333082559589614746e+00 -3.732977497933775091e+00
-5.010480893500482980e-01 -1.934784964511091943e+00 -4.273196705482749103e+00 -1.934784964511091943e+00 -6.079151510277879922e+00 5.928265873562442723e-01 -4.273196705482749103e+00 5.928265873562442723e-01 8.623729998028931698e-01
4.576131456891231686e+00 -2.787217254159284785e+00 -1.199385031216513298e+00 -2.787217254159284785e+00 -4.924587841826170376e+00 3.199737807291284764e+00 -1.199385031216513298e+00 3.199737807291284764e+00 5.142328713911846760e-01
-1.010444346031540874e+01 -9.753315887638597248e-01 7.080563967165631745e-01 -9.753315887638597248e-01 -8.531271657469904568e+00 2.641695483202774822e-02 7.080563967165631745e-01 2.641695483202774822e-02 -1.298850823966175660e+01
-2.612209696014949678e+00 -4.173745586524838735e+00 3.326522841576490475e+00 -4.173745586524838735e+00 -2.025327867429271400e+00 -1.301459578127711625e-01 3.326522841576490475e+00 -1.301459578127711625e-01 1.543621221015782086e-01
-4.609850730391531037e+00 -1.131925330744917302e+00 -7.596185764673066831e-01 -1.131925330744917302e+00 -3.539385326673266885e+00 -1.892597675581915384e+00 -7.596185764673066831e-01 -1.892597675581915384e+00 -8.917908136426637711e+00
-1.000651529164392262e+00 -8.148883251609726486e-01 2.136128209766066099e+00 -8.148883251609726486e-01 -1.661994566850370170e+00 -1.498092946606013776e+00 2.136128209766066099e+00 -1.498092946606013776e+00 -4.191462562023443583e-01
2.404652671510765227e+00 4.270352700191823558e+00 -3.172526530651624377e+00 4.270352700191823558e+00 -1.516848033122301098e+00 1.381471623214019784e-01 -3.172526530651624377e+00 1.381471623214019784e-01 -3.865635127522987435e+00
3.297875187094063687e+00 -8.627215888172998781e-01 -3.121847250295743503e+00 -8.627215888172998781e-01 1.926726069807147113e+00 -1.856361069714201673e+00 -3.121847250295743503e+00 -1.856361069714201673e+00 -6.752333662765356515e+00
-5.247315136069445884e-01 1.346028558051304502e+00 -8.764131755373957278e-01 1.346028558051304502e+00 9.760022597484322437e-01 -3.377541728120469600e+00 -8.764131755373957278e-01 -3.377541728120469600e+00 3.877761957172032758e+00
-2.851694605841335495e+00 5.069257974419876245e-01 2.144660835839279134e+00 5.069257974419876245e-01 -5.349604332075391433e+00 1.487066070811285945e+00 2.144660835839279134e+00 1.487066070811285945e+00 2.659738469214692369e+00
-4.164674678937686281e+00 -1.457355095913245080e+00 3.249373547408964669e+00 -1.457355095913245080e+00 6.378626230484984561e+00 -1.148446906446622728e+00 3.249373547408964669e+00 -1.148446906446622728e+00 4.264773068852661386e-01
6.990857732648700029e+00 5.148747807262857634e+00 -2.207884831610249066e+00 5.148747807262857634e+00 1.162434388947224662e+01 -2.200786238916700110e+00 -2.207884831610249066e+00 -2.200786238916700110e+00 2.975817623193137251e+00
-9.738445778138334674e+00 -3.037333130233191625e+00 -1.235653185230346951e+00 -3.037333130233191625e+00 -4.722180692732392160e+00 -1.602231866657562787e+00 -1.235653185230346951e+00 -1.602231866657562787e+00 -1.087031400876638898e+01
5.065218957830744273e+00 -2.758342171021953337e+00 -2.936135597561420063e+00 -2.758342171021953337e+00 8.252317433151534765e-01 -1.127894504154405730e+00 -2.936135597561420063e+00 -1.127894504154405730e+00 9.292175996101693869e+00
-1.080185273385748168e+01 -1.978086048058196766e+00 -3.740893913417991240e-02 -1.978086048058196766e+00 7.397449554652423265e-01 2.041779553001731085e+00 -3.740893913417991240e-02 2.041779553001731085e+00 -7.811621184144445174e+00
7.963081074050883501e+00 1.111090533584857987e+01 -3.272914024075596617e-01 1.111090533584857987e+01 3.878947689691523593e+00 3.903737140237883096e+00 -3.272914024075596617e-01 3.903737140237883096e+00 2.668767002512772990e+00
1.437481817756540714e+01 -2.319184373043488012e+00 -2.031574577151300520e-01 -2.319184373043488012e+00 1.073791909800501188e+01 1.929586869949085237e+00 -2.031574577151300520e-01 1.929586869949085237e+00 8.796319756676702184e+00
2.009582705239683520e+00 -3.029561007871642175e+00 -1.195602791408441723e+00 -3.029561007871642175e+00 -7.321206289932039368e+00 -1.909836116978283815e+00 -1.195602791408441723e+00 -1.909836116978283815e+00 -2.045925807541406627e+00
-5.259196595053808876e-01 4.437425730756008879e-01 2.077554205990430891e-01 4.437425730756008879e-01 -4.053630893383672884e+00 -1.155728440681292879e+00 2.077554205990430891e-01 -1.155728440681292879e+00 -1.006802441426583261e+00
6.367627292430548536e-02 9.760439967207407141e-01 2.744994096512691772e+00 9.760439967207407141e-01 3.047208687710696751e+00 1.522756087225101806e+00 2.744994096512691772e+00 1.522756087225101806e+00 6.009506173913017335e+00
-6.778562082817769507e-01 -8.598492709176355220e+00 -5.931306047453068775e-01 -8.598492709176355220e+00 2.063310299066051012e+00 -4.169779789745586274e-01 -5.931306047453068775e-01 -4.169779789745586274e-01 -9.559548082428038995e+00
1.780381774226453384e+00 3.440410656273262813e-01 -1.657046554226372148e+00 3.440410656273262813e-01 -1.430851594979734909e+00 2.699645262495854237e+00 -1.657046554226372148e+00 2.699645262495854237e+00 -2.484849724849885533e+00
1.183790053140581167e+00 2.992342169205498004e-01 4.586670713335794236e-01 2.992342169205498004e-01 -4.641979021981070264e-01 2.576435518847270956e+00 4.586670713335794236e-01 2.576435518847270956e+00 3.166733407093045738e+00
4.622898896842218441e+00 -2.805147148586844885e+00 1.996281646583154545e+00 -2.805147148586844885e+00 -2.762324220551069409e+00 2.472457595944902720e-01 1.996281646583154545e+00 2.472457595944902720e-01 1.958120601174799136e+00
1.297797176628860072e+00 -1.635358120393947123e-01 -2.487843600865585536e+00 -1.635358120393947123e-01 -1.659480070848615707e+00 2.516244914966358603e+00 -2.487843600865585536e+00 2.516244914966358603e+00 -9.673710611447450702e+00
-3.318673055737427990e+00 -4.139601482466453319e+00 -4.029226022375719474e+00 -4.139601482466453319e+00 -8.025523587588401231e-01 -2.445235575029574004e+00 -4.029226022375719474e+00 -2.445235575029574004e+00 -8.365312771244413526e+00
-1.014389338850818767e+01 -1.394203548227328948e+00 -1.715284899811936548e+00 -1.394203548227328948e+00 -2.958546555211126972e+00 4.323590192676563859e+00 -1.715284899811936548e+00 4.323590192676563859e+00 -7.202378020251050117e+00
2.177123187586515130e+00 -1.833459582578384817e+00 -2.360650629910525211e+00 -1.833459582578384817e+00 -8.094861514459612828e-02 -3.567237361404020368e-01 -2.360650629910525211e+00 -3.567237361404020368e-01 -3.858680606779303801e+00
6.242930029888893451e-01 -1.979770116455168427e+00 -2.885927246374916932e-01 -1.979770116455168427e+00 -1.157871538101610254e+00 3.324649504289313828e+00 -2.885927246374916932e-01 3.324649504289313828e+00 -2.363609715967272429e+00
2.510294748761849437e+00 -1.182805712191661751e+00 5.799395608760756771e-01 -1.182805712191661751e+00 -4.354671429218446299e+00 1.280179235782368918e+00 5.799395608760756771e-01 1.280179235782368918e+00 2.327595162076113944e+00
6.969962774809729922e+00 6.568357051039285466e+00 2.359761424771090965e+00 6.568357051039285466e+00 -2.037478751668985399e+00 1.738241244559485810e-01 2.359761424771090965e+00 1.738241244559485810e-01 -4.713054309846326895e+00
-2.593667286483223103e-02 1.721712790382893821e-01 3.460997573871518185e+00 1.721712790382893821e-01 3.190861576933835764e+00 3.715445514586150466e+00 3.460997573871518185e+00 3.715445514586150466e+00 5.466116127525738833e+00
-3.275294677458036929e+00 6.451150086693784313e-01 -1.102614650040569133e+00 6.451150086693784313e-01 5.678759429285346272e+00 1.400087257675243675e-02 -1.102614650040569133e+00 1.400087257675243675e-02 6.588108753606006118e+00
-5.728291459515936879e+00 -7.706644552493853162e+00 3.786917570475503703e-01 -7.706644552493853162e+00 -2.599289521725638430e+00 2.152099680585188579e-02 3.786917570475503703e-01 2.152099680585188579e-02 1.550167618967226657e+00
2.397519448409649034e-01 -3.603235373473597569e+00 8.921083646886385221e-01 -3.603235373473597569e+00 -3.333121493820664916e-01 -5.097124813887863315e-01 8.921083646886385221e-01 -5.097124813887863315e-01 2.755331643903760064e+00
-3.396503718664005689e+00 -6.677755167613774745e+00 -6.158771376784821783e+00 -6.677755167613774745e+00 -2.761419981955059111e+00 -1.292468486563725705e+00 -6.158771376784821783e+00 -1.292468486563725705e+00 1.972827637172648751e+00
-7.726365236510076784e+00 -3.945966166699580668e+00 -1.449265544461610655e-01 -3.945966166699580668e+00 -1.986193352518603961e+00 -3.511605110306117883e+00 -1.449265544461610655e-01 -3.511605110306117883e+00 1.399583340194548065e+01
7.238313685632766337e+00 2.016296731240500684e+00 3.961737365705626956e+00 2.016296731240500684e+00 -4.012696274618961390e+00 2.833635901385841649e+00 3.961737365705626956e+00 2.833635901385841649e+00 -4.588498783359871602e+00
5.443567434836599439e+00 -4.916338478487797481e+00 -8.786398201983645073e-01 -4.916338478487797481e+00 4.347537770163972581e+00 4.074403473447866908e+00 -8.786398201983645073e-01 4.074403473447866908e+00 2.094112225911419323e+00
3.221664327565152974e-01 -6.191749290873703515e+00 3.796441607287204256e-01 -6.191749290873703515e+00 1.188014965074886398e+01 -1.153804853443319622e+00 3.796441607287204256e-01 -1.153804853443319622e+00 4.637670622523017094e+00
-3.534865676310397831e+00 6.414225299478963638e-02 1.775889781366212006e+00 6.414225299478963638e-02 -6.894135010901591976e+00 3.682666788795020185e+00 1.775889781366212006e+00 3.682666788795020185e+00 -1.786452423761663022e+00
-6.654054786345581229e-01 -3.797691540704072111e+00 3.289168600505317119e+00 -3.797691540704072111e+00 -2.909770594860841886e+00 -1.235039784377118949e-01 3.289168600505317119e+00 -1.235039784377118949e-01 1.709886584548082178e+00
2.773202262595004353e+00 -3.190396059361833458e+00 -6.747748359449613487e-01 -3.190396059361833458e+00 -1.042959255368491656e+00 -8.246967588787522674e-01 -6.747748359449613487e-01 -8.246967588787522674e-01 2.524857800197328750e+00
-7.614384585840922703e+00 2.215509724719979090e+00 4.285364243483467256e-02 2.215509724719979090e+00 2.526603579635905650e+00 -2.144813009282988681e+00 4.285364243483467256e-02 -2.144813009282988681e+00 -4.213700372446571585e+00
-1.147774580795175225e+01 1.871081780530048366e+00 2.135141708201945487e+00 1.871081780530048366e+00 -4.387206461612223052e+00 -1.799162616237141687e+00 2.135141708201945487e+00 -1.799162616237141687e+00 -7.663342389860633652e+00
-7.584059243312956111e-01 -1.123888886329036163e+00 2.461247161741437761e+00 -1.123888886329036163e+00 -3.320096149703647637e+00 1.653875153958239697e+00 2.461247161741437761e+00 1.653875153958239697e+00 -5.908557282587684867e+00
-1.880466455276664117e+00 9.884231593280465855e-01 -8.775999824981907116e-01 9.884231593280465855e-01 -1.096376464295487629e+00 -1.952734270240626513e+00 -8.775999824981907116e-01 -1.952734270240626513e+00 -7.635823649643375122e-01
-2.625089946424686183e+00 -3.799674602240911137e-01 2.143411020993825744e+00 -3.799674602240911137e-01 -2.441234723735609791e+00 1.531865759568069807e+00 2.143411020993825744e+00 1.531865759568069807e+00 -7.184496394311597200e-02
6.190980600105693732e+00 -5.410469746899558841e-01 1.729932845470608882e+00 -5.410469746899558841e-01 9.721015688604739413e-01 6.080078896939718369e+00 1.729932845470608882e+00 6.080078896939718369e+00 7.265291817422591336e+00
-1.012567968708200183e+01 1.083097631556322993e+00 3.212308228671125754e+00 1.083097631556322993e+00 -5.661916995980680767e+00 -1.058490235012473413e+00 3.212308228671125754e+00 -1.058490235012473413e+00 -5.707124323503904861e+00
1.264907333742313789e+01 8.198517744170031873e-01 2.192493879797606127e+00 8.198517744170031873e-01 5.951655025532993637e-01 2.331480616411226059e+00 2.192493879797606127e+00 2.331480616411226059e+00 1.563621021617910722e+00
1.093070418866425308e+00 -2.062939497797582789e+00 -2.601051110723903381e+00 -2.062939497797582789e+00 -4.149495022719908555e+00 5.258292816944247772e-01 -2.601051110723903381e+00 5.258292816944247772e-01 -3.694984573770966563e+00
3.648265412177830846e+00 -4.608926033704779712e+00 5.306357050406729670e+00 -4.608926033704779712e+00 -5.681278455860441223e-01 -2.160686218371430378e+00 5.306357050406729670e+00 -2.160686218371430378e+00 8.837988809151910985e+00
-6.254942088274477285e+00 1.380898970293179540e+00 1.637722325704265236e+00 1.380898970293179540e+00 -5.004404944792880450e+00 7.226108284614828348e-01 1.637722325704265236e+00 7.226108284614828348e-01 -2.844961323951354371e-01
8.753787317166562554e-01 9.959013852527849320e-01 1.976256407861795905e+00 9.959013852527849320e-01 -1.109138859881853678e+00 -3.235546639322846030e+00 1.976256407861795905e+00 -3.235546639322846030e+00 5.830569194796058952e+00
-8.114179640307513708e+00 2.283619974602751554e-02 2.388585638982358983e+00 2.283619974602751554e-02 -5.554545371271045973e+00 2.916658504920569772e+00 2.388585638982358983e+00 2.916658504920569772e+00 -1.543501125003741592e+00
-5.248111625610748732e+00 4.397903247188700071e+00 7.185171469712563486e-01 4.397903247188700071e+00 -3.254250935766751507e+00 3.808452180106327134e+00 7.185171469712563486e-01 3.808452180106327134e+00 -5.178417336356536893e+00
7.667540391991400028e+00 3.324490579415369851e+00 -8.505185521335177912e-01 3.324490579415369851e+00 1.734287231032193066e+00 3.958286625174911588e+00 -8.505185521335177912e-01 3.958286625174911588e+00 1.439175574298906390e+01
3.301594396254159403e+00 4.258338200001944962e+00 2.779084631327464194e+00 4.258338200001944962e+00 4.277326806532397718e+00 -1.972472710457335410e+00 2.779084631327464194e+00 -1.972472710457335410e+00 -2.901276975207298658e+00
2.749776335001565375e+00 1.197856919962832833e+00 1.172874026531012248e+00 1.197856919962832833e+00 1.650581305093844486e+00 2.283204929116414483e+00 1.172874026531012248e+00 2.283204929116414483e+00 3.047143719751321367e+00
7.354973488189745723e+00 3.261637975994731153e+00 1.082393690958442178e+00 3.261637975994731153e+00 6.291155476168204252e-01 2.678076088919399300e+00 1.082393690958442178e+00 2.678076088919399300e+00 -4.624129016421880678e+00
-1.154094692954304513e+01 -2.159859233147966684e+00 2.817007734478850001e+00 -2.159859233147966684e+00 -1.230299479118440509e+01 1.302790947471016203e+00 2.817007734478850001e+00 1.302790947471016203e+00 -4.448675942005251294e+00
1.177239844470866048e+00 -5.080964559481477849e+00 -2.333706604005721275e+00 -5.080964559481477849e+00 5.649370522805345018e+00 2.270968004679352781e+00 -2.333706604005721275e+00 2.270968004679352781e+00 1.660355792149047049e+00
-7.675618712417811018e+00 3.947441880920282697e-01 -1.315105691701009105e+00 3.947441880920282697e-01 -4.840613325527400868e+00 -2.462068416396530957e+00 -1.315105691701009105e+00 -2.462068416396530957e+00 -1.267085080231034278e+00
-1.030677106103150820e+01 -1.384888564375414077e+00 4.167219598538757230e-01 -1.384888564375414077e+00 -1.249400577004240631e+01 4.477417329347167296e+00 4.167219598538757230e-01 4.477417329347167296e+00 -2.384042563792673519e+01
-1.425586335704735674e+01 1.214387989238375987e+00 1.137757880499171703e+00 1.214387989238375987e+00 -1.030471723555179908e+00 -1.625371261219606511e+00 1.137757880499171703e+00 -1.625371261219606511e+00 2.823199778305559793e+00
-5.049662550865716248e+00 -5.287683170923918041e+00 1.068518647956523848e+00 -5.287683170923918041e+00 -7.154483952919194145e+00 1.597696741682189669e+00 1.068518647956523848e+00 1.597696741682189669e+00 -2.205343335437685015e-01
-3.456994645063624083e-01 -2.317072821075977784e-01 -2.694289045879216360e+00 -2.317072821075977784e-01 -1.168313172221749019e+00 -3.921577955806495375e+00 -2.694289045879216360e+00 -3.921577955806495375e+00 -4.412727269082941994e+00
-1.423113572904983526e+00 -4.063020405313668704e+00 -7.752730474157442764e+00 -4.063020405313668704e+00 5.612156602502302860e+00 -1.089411339111176602e+00 -7.752730474157442764e+00 -1.089411339111176602e+00 -1.058195649673707983e+01
4.735919980527434348e+00 1.936618187312538764e+00 1.876174165006866845e+00 1.936618187312538764e+00 8.013433208309992395e+00 1.594925681377631577e+00 1.876174165006866845e+00 1.594925681377631577e+00 -1.698295165252165784e-01
1.530007204808911669e-01 5.799550248602101110e-01 4.562481787292519186e+00 5.799550248602101110e-01 1.511242152038443010e+01 -1.501589975876406857e+00 4.562481787292519186e+00 -1.501589975876406857e+00 6.977152046651807993e+00
5.816480735211988495e+00 4.273958441804054154e+00 4.585943533606878120e+00 4.273958441804054154e+00 -7.697193689310132925e+00 -2.568052685907054600e-01 4.585943533606878120e+00 -2.568052685907054600e-01 -5.147715237639624242e+00
-5.402863994733740904e-01 3.246452805676000253e+00 3.590445555145381995e+00 3.246452805676000253e+00 3.817567073369981134e+00 1.286819549663466289e-01 3.590445555145381995e+00 1.286819549663466289e-01 2.699176828577930287e+00
-4.798707881981950640e-01 -3.172885039520451755e+00 -3.375324777162654666e+00 -3.172885039520451755e+00 3.277649307788487398e+00 2.294787341153634141e+00 -3.375324777162654666e+00 2.294787341153634141e+00 3.009324637350003773e+00
4.803271766221660632e-01 -1.162987964927579165e+00 3.076917445578383870e+00 -1.162987964927579165e+00 -4.279090381456383874e+00 1.874121944741358403e+00 3.076917445578383870e+00 1.874121944741358403e+00 -4.873575829756306099e+00
-4.662040527933690726e-01 -1.034936724499359653e-02 -5.038744184568184625e-01 -1.034936724499359653e-02 -6.371308411631568802e+00 4.390003582962592965e+00 -5.038744184568184625e-01 4.390003582962592965e+00 6.970107492681132833e+00
4.464861677953816610e+00 -4.874538251945407907e+00 2.126124608549436260e-02 -4.874538251945407907e+00 -6.192550226055771878e-01 -1.236773015302208512e+00 2.126124608549436260e-02 -1.236773015302208512e+00 6.732187517768210006e-01
-3.719319038897554996e-01 2.244029368533486668e+00 3.714536318632058354e+00 2.244029368533486668e+00 7.159057198851720649e+00 -4.675231140970715238e+00 3.714536318632058354e+00 -4.675231140970715238e+00 7.004746248303700407e-01
-5.669004260047111998e+00 -4.342387715283638761e-01 -1.839827124647795964e+00 -4.342387715283638761e-01 -1.180429000218037139e+01 8.159468288104926303e-01 -1.839827124647795964e+00 8.159468288104926303e-01 -3.435643443393509244e+00
3.928678460139110484e+00 -3.099640589250044265e+00 -5.906488240943368773e+00 -3.099640589250044265e+00 2.194042070131478450e+00 -2.486758391318972805e-01 -5.906488240943368773e+00 -2.486758391318972805e-01 7.710142049374044682e+00
2.761820449716650749e+00 2.674634206932851033e+00 -7.320198762896543698e-01 2.674634206932851033e+00 1.572702289080415206e+00 -8.555398556161034618e-01 -7.320198762896543698e-01 -8.555398556161034618e-01 4.441440372449011242e+00
-3.342007693039764415e+00 7.281786605273733448e-01 1.409336191434957364e+00 7.281786605273733448e-01 -7.232867130096042096e+00 -5.148891555196457581e-01 1.409336191434957364e+00 -5.148891555196457581e-01 4.866386591448607746e+00
