-4.575098641558126289e+00 2.359213332440128763e+00 2.904093042064134877e+00 2.359213332440128763e+00 1.658647172979575979e+00 6.083066756757873339e-01 2.904093042064134877e+00 6.083066756757873339e-01 1.513518546349376548e+00
-2.947391142455503488e+00 -3.857222579066630352e-01 1.723026152715147141e+00 -3.857222579066630352e-01 -3.075951773019141022e+00 7.336790376774481315e-01 1.723026152715147141e+00 7.336790376774481315e-01 3.200942876789969027e+00
-5.051621487040812930e+00 2.690397228532474649e+00 4.101541075432215244e+00 2.690397228532474649e+00 -4.751007113043558050e+00 -4.137521679466083846e+00 4.101541075432215244e+00 -4.137521679466083846e+00 1.111401328346163808e+01
-2.350367907503546050e+01 1.498097940923388993e+00 3.551485191480849402e+00 1.498097940923388993e+00 -2.332192170325724589e+01 -2.442203762841408832e+00 3.551485191480849402e+00 -2.442203762841408832e+00 3.263246813196079010e+00
-8.065617130674230140e+00 -1.165371911807223659e+00 9.446413733680739666e-01 -1.165371911807223659e+00 -4.093901780062329188e+00 2.574350890130169045e+00 9.446413733680739666e-01 2.574350890130169045e+00 9.249003396684154055e+00
-1.135313807621031756e+01 2.767603613305156696e+00 1.661017080642896326e+00 2.767603613305156696e+00 -1.439235671295898411e-01 -5.050242760796946229e+00 1.661017080642896326e+00 -5.050242760796946229e+00 7.584353261303884430e+00
-7.579013348447690701e-01 -6.542763987288283123e-02 -4.419016879476878046e+00 -6.542763987288283123e-02 7.998572022866231590e-01 -2.903772354641505071e+00 -4.419016879476878046e+00 -2.903772354641505071e+00 7.799177742571170135e+00
-2.540945083606807042e+00 6.286575063483218484e-01 2.596949521115739401e+00 6.286575063483218484e-01 5.857089617689841266e-01 -3.724594195093941629e+00 2.596949521115739401e+00 -3.724594195093941629e+00 8.615512889304474342e+00
-6.143125212603027130e+00 -5.532728487657137539e-02 -3.265140489718302508e+00 -5.532728487657137539e-02 4.114941055113582102e+00 -2.684416498560965536e+00 -3.265140489718302508e+00 -2.684416498560965536e+00 -1.242069212139472523e+00
-1.301981597418957826e+01 2.515217280621366402e+00 4.982218389881702403e-01 2.515217280621366402e+00 -8.040938472202229903e+00 7.240181336766493558e-02 4.982218389881702403e-01 7.240181336766493558e-02 4.533793678133141825e+00
-1.052058299917078088e+01 2.500681467308793149e+00 -2.672694933925295668e+00 2.500681467308793149e+00 -1.171571829261071862e+01 -1.073099715270529719e+00 -2.672694933925295668e+00 -1.073099715270529719e+00 1.358813174955498138e+00
-6.593453092230324941e+00 2.490108396630131171e+00 6.021048668161002038e-01 2.490108396630131171e+00 4.532693211206299644e+00 -4.184898032303584259e+00 6.021048668161002038e-01 -4.184898032303584259e+00 1.177001371025351872e+01
-1.353094719318493455e+00 -4.751262359495767917e+00 -2.232720709864745245e+00 -4.751262359495767917e+00 -1.220772071772202150e+00 3.582870589460396715e+00 -2.232720709864745245e+00 3.582870589460396715e+00 1.186992749618051413e+01
-2.323193665094394067e+00 -2.064921208219700599e+00 -4.668131153524925914e+00 -2.064921208219700599e+00 2.697249161600908440e+00 -4.044748857191917679e+00 -4.668131153524925914e+00 -4.044748857191917679e+00 5.383688740265670347e+00
-1.050475380638442857e+01 -6.069266034753233452e-01 -4.492142167938165009e+00 -6.069266034753233452e-01 -2.581039274792331639e-01 1.346834008408844596e+00 -4.492142167938165009e+00 1.346834008408844596e+00 -5.935073506791743725e+00
-2.777157550634749672e+00 4.828324782977930774e+00 1.368491027073687860e+00 4.828324782977930774e+00 -1.065427178357502314e+01 9.032588982342111272e-01 1.368491027073687860e+00 9.032588982342111272e-01 2.813085974843881676e+00
-9.511068891652174173e+00 -7.505280343626914430e-01 7.184007517722786895e-01 -7.505280343626914430e-01 -6.297100880802005918e+00 -7.375224475294170912e-01 7.184007517722786895e-01 -7.375224475294170912e-01 -3.464946909190158131e+00
-9.490247340781289509e+00 6.454870034163208148e-01 2.685064645680395934e+00 6.454870034163208148e-01 -1.003207757146174472e+01 -1.286728249539291991e+00 2.685064645680395934e+00 -1.286728249539291991e+00 2.205250106589488279e+00
9.445227443769187659e+00 -8.908838243029844062e-01 -6.325518461973719475e+00 -8.908838243029844062e-01 3.730188395755348996e+00 5.193996630668246794e+00 -6.325518461973719475e+00 5.193996630668246794e+00 7.041352518595866528e+00
-5.791757512960206356e+00 -4.929969500649859171e+00 -3.562518955995642722e-01 -4.929969500649859171e+00 3.962826699725666479e+00 2.636492839732661242e+00 -3.562518955995642722e-01 2.636492839732661242e+00 2.056927728286735757e+00
-1.338396049039268476e+01 -6.802064250026420567e+00 1.130023802135672328e+00 -6.802064250026420567e+00 -1.167995692651138384e+01 -9.762558624702028995e-03 1.130023802135672328e+00 -9.762558624702028995e-03 5.041808297626327873e-01
-1.764983705515725587e+00 -2.459494130968467918e+00 -6.620414222272370530e-01 -2.459494130968467918e+00 1.125994439056615093e+01 -9.916968099626759070e+00 -6.620414222272370530e-01 -9.916968099626759070e+00 2.009961558081753807e+01
3.250836928840512119e+00 4.182475667894815508e-01 3.025176352168454041e+00 4.182475667894815508e-01 -2.884265339881309842e+00 -1.082781667007586934e+00 3.025176352168454041e+00 -1.082781667007586934e+00 3.254373664948115419e+00
-6.831566606478193249e-01 -1.613472153994493397e+00 -1.692416146405600230e+00 -1.613472153994493397e+00 -4.763275383663378548e+00 -2.467864274931713453e+00 -1.692416146405600230e+00 -2.467864274931713453e+00 1.061551678948823607e+01
-1.278691621088190189e+01 -1.595520014733540659e+00 3.808809117961732049e+00 -1.595520014733540659e+00 -4.071408694016275476e+00 -8.774004785039453136e-01 3.808809117961732049e+00 -8.774004785039453136e-01 3.427441119224800214e+00
-9.238887020865730548e+00 -5.826583853971664118e-01 -2.424756080789790325e+00 -5.826583853971664118e-01 -4.537613525077682120e+00 -1.215561681837487029e+00 -2.424756080789790325e+00 -1.215561681837487029e+00 1.094785534696841545e+01
-3.232858551972875194e+00 3.080343347016099909e+00 4.270270743662716306e+00 3.080343347016099909e+00 6.841484905276479234e-01 2.866932941205922458e-01 4.270270743662716306e+00 2.866932941205922458e-01 7.969283101404821323e+00
-8.496048265391291654e-01 -1.355825398378230018e+00 3.703894878588915418e+00 -1.355825398378230018e+00 -1.718848060659007526e+00 9.471184985496656772e-01 3.703894878588915418e+00 9.471184985496656772e-01 3.708569332642968952e+00
-1.615150752788271582e+00 -6.532106486841003923e-01 2.060559178030209271e+00 -6.532106486841003923e-01 2.411058743450286368e+00 -1.423774122667307518e+00 2.060559178030209271e+00 -1.423774122667307518e+00 -4.692429171379097763e-01
-6.966891951928508853e+00 -1.672966716651815844e+00 1.868922454465900829e-01 -1.672966716651815844e+00 -3.403318054541585980e+00 -1.379114763015080625e+00 1.868922454465900829e-01 -1.379114763015080625e+00 7.882368837040354848e+00
-2.191533668026846460e+00 -5.664657646988356277e+00 3.717533042812223965e+00 -5.664657646988356277e+00 5.785508883648233791e+00 -3.562435839475807775e+00 3.717533042812223965e+00 -3.562435839475807775e+00 8.539371903277642062e+00
-1.103525206011074289e+01 -4.195627024585970588e+00 8.777505524676799675e-01 -4.195627024585970588e+00 -9.307261867127653687e+00 -4.534973537128009546e+00 8.777505524676799675e-01 -4.534973537128009546e+00 -3.958423337035211986e+00
-7.625346990636241884e+00 3.600744776203892883e+00 1.027737865275906604e+00 3.600744776203892883e+00 -1.441996509432513784e+00 -3.618141165459998199e+00 1.027737865275906604e+00 -3.618141165459998199e+00 8.378139825716377498e-01
-1.407032261743858825e+01 -3.080391909293225261e-01 4.542586996360619134e-01 -3.080391909293225261e-01 -5.407717560113384003e+00 -3.416474706260441696e+00 4.542586996360619134e-01 -3.416474706260441696e+00 -1.578927208971635299e+00
-1.992373349781561442e+00 6.546603888597247733e-01 3.790868342263982171e+00 6.546603888597247733e-01 4.580082058465508865e+00 -1.533949740084116442e+00 3.790868342263982171e+00 -1.533949740084116442e+00 -3.607259840168877130e-01
-5.467310644544986609e+00 2.349669454682773995e-01 6.731064802254237200e+00 2.349669454682773995e-01 -3.730967296008048883e+00 3.284533712271235029e+00 6.731064802254237200e+00 3.284533712271235029e+00 5.329975644053341455e+00
4.563909128284291405e+00 1.136204283543532423e+00 -9.240491398002442791e-01 1.136204283543532423e+00 4.828221304847088113e+00 1.747294350768996418e+00 -9.240491398002442791e-01 1.747294350768996418e+00 1.375867874428102056e+01
2.127955722007092820e+00 -2.012625303464928628e+00 -3.149274126840135857e-01 -2.012625303464928628e+00 6.568629056263843857e+00 -3.305019964555768186e-01 -3.149274126840135857e-01 -3.305019964555768186e-01 1.780615200029024336e+01
-4.332875860033324145e+00 -3.199588043908690338e+00 -3.713961523273883625e+00 -3.199588043908690338e+00 -1.076081669222560322e+01 3.977909911595631343e+00 -3.713961523273883625e+00 3.977909911595631343e+00 -5.573963312174355700e+00
-1.090408917431056146e+01 -1.651998230444070570e+00 -3.163547351069182945e+00 -1.651998230444070570e+00 -4.113533414123046406e+00 -3.360054746329340425e+00 -3.163547351069182945e+00 -3.360054746329340425e+00 1.073824230049019279e+00
-7.928899701174519699e+00 -2.489715038215808640e+00 -4.692153909528328448e+00 -2.489715038215808640e+00 -9.963222161977924429e+00 -3.206352627195650395e+00 -4.692153909528328448e+00 -3.206352627195650395e+00 1.188321654000948469e+00
2.121179471632704150e+00 -7.511368494160212128e-01 -3.191647049884335008e+00 -7.511368494160212128e-01 -1.139355945395825298e+00 -3.649371337718328334e+00 -3.191647049884335008e+00 -3.649371337718328334e+00 1.080448609119702397e+01
-2.600964950398356290e+00 -1.565739896203814485e+00 -1.641966437013724356e+00 -1.565739896203814485e+00 5.171512638997422862e+00 1.335052349073253264e-01 -1.641966437013724356e+00 1.335052349073253264e-01 -8.742864703560362383e-01
-1.879715650323842269e+01 -3.035983407490822628e-01 -7.513180309668517687e+00 -3.035983407490822628e-01 -5.803104766817596349e+00 -3.887755024346523314e+00 -7.513180309668517687e+00 -3.887755024346523314e+00 -7.247530975624097982e-01
-4.777723051721046943e+00 -5.444186858752998459e-01 -8.021841983056572367e-01 -5.444186858752998459e-01 -2.411481591072808239e+00 1.397912089273817049e+00 -8.021841983056572367e-01 1.397912089273817049e+00 5.091182250289675082e+00
-5.840435053609657423e+00 1.728956335532799038e+00 -2.462169087209430951e-01 1.728956335532799038e+00 1.312396277571530767e+00 -4.350704746195442674e+00 -2.462169087209430951e-01 -4.350704746195442674e+00 1.140012486359065047e+00
-2.907881843080471818e+00 2.496481396925998908e+00 1.682477796043091001e+00 2.496481396925998908e+00 9.711667932904111566e+00 -1.749767300684019311e+00 1.682477796043091001e+00 -1.749767300684019311e+00 6.952915539845068160e+00
-9.007617122944967747e+00 -2.996701298144511139e+00 -5.228433447209829277e-01 -2.996701298144511139e+00 -6.672244963751292168e+00 6.683332258692677996e-01 -5.228433447209829277e-01 6.683332258692677996e-01 -1.735845204212689841e-01
-5.770617060821956024e+00 -5.508685372287107640e+00 -1.594365197479161278e+00 -5.508685372287107640e+00 -5.726639316891612097e+00 -5.191185715967648662e+00 -1.594365197479161278e+00 -5.191185715967648662e+00 2.063284034279459433e+01
-8.395493741995558423e+00 -1.711572611456057214e+00 -1.549943677159179689e+00 -1.711572611456057214e+00 5.015020816527274050e+00 2.040251574740515050e-01 -1.549943677159179689e+00 2.040251574740515050e-01 -2.874447617933001631e+00
-2.405034848287973759e+01 -2.284489080093276669e+00 -1.386905360540901855e+00 -2.284489080093276669e+00 -5.921458335737527001e+00 -1.346314757446955168e+00 -1.386905360540901855e+00 -1.346314757446955168e+00 -1.106469749515352063e+01
-2.198143316226562227e+00 -2.149772433000893379e+00 -1.836140514776101185e+00 -2.149772433000893379e+00 -1.738392269704264748e-01 -2.051167482912798601e+00 -1.836140514776101185e+00 -2.051167482912798601e+00 1.171966471297368528e+01
-7.477487330529196896e+00 2.681343849596684592e+00 1.332313283436072637e-01 2.681343849596684592e+00 -4.094564864206484245e+00 -4.268702265819200647e+00 1.332313283436072637e-01 -4.268702265819200647e+00 4.130459209022681932e+00
-7.630878804168430563e+00 -3.059843094367610483e+00 1.386869656903633695e-02 -3.059843094367610483e+00 -2.145208747022061324e+00 -1.422154345183516799e+00 1.386869656903633695e-02 -1.422154345183516799e+00 1.903073687691480487e+01
-5.510266499825527298e+00 1.361876793586162426e+00 -1.206142798314600473e+00 1.361876793586162426e+00 5.098706978668793965e+00 3.815633761602708951e+00 -1.206142798314600473e+00 3.815633761602708951e+00 7.274485056430569863e+00
-1.459124837930033181e+01 2.662670884467074894e-01 1.583604749111313215e+00 2.662670884467074894e-01 -1.731610778476841972e+01 5.252576024349036032e-01 1.583604749111313215e+00 5.252576024349036032e-01 -6.093869202810717312e+00
-4.804058340494972157e+00 4.529004224359141073e-01 1.144360301545916281e+00 4.529004224359141073e-01 4.723923541786005931e-01 -2.668807415123576554e+00 1.144360301545916281e+00 -2.668807415123576554e+00 7.638061048527944763e+00
-2.799718665238311921e+00 -3.688348163268456492e+00 -1.543109416396873268e+00 -3.688348163268456492e+00 -1.103566713516315190e+00 4.377899959731599289e+00 -1.543109416396873268e+00 4.377899959731599289e+00 8.424535948638524729e+00
-8.030446778088222715e+00 -2.282784690712127418e+00 -4.269833884876831909e-01 -2.282784690712127418e+00 -5.485996986355956118e+00 -8.837101826776792013e-01 -4.269833884876831909e-01 -8.837101826776792013e-01 7.670668112655723903e+00
-7.817655984997845309e+00 -3.192460902081633467e+00 -1.092364906046115136e+00 -3.192460902081633467e+00 -8.634072840388375525e+00 2.619819961026299104e+00 -1.092364906046115136e+00 2.619819961026299104e+00 -6.320878924866526916e+00
-1.220148366950040320e+01 8.952893299103006353e-01 3.636772253293801160e+00 8.952893299103006353e-01 -7.391789498878159392e+00 2.829666418224352942e+00 3.636772253293801160e+00 2.829666418224352942e+00 2.742681195147168793e+00
-3.637278208284151937e+00 5.439812761642961014e+00 -6.615717044265970737e-01 5.439812761642961014e+00 9.948988570690306954e-01 -2.081840258154571632e+00 -6.615717044265970737e-01 -2.081840258154571632e+00 1.314345530966634890e+01
-9.540404869819706590e+00 4.154259399137506747e+00 -9.633339187838966255e-01 4.154259399137506747e+00 -3.459365763370212843e+00 -2.404439963497391197e+00 -9.633339187838966255e-01 -2.404439963497391197e+00 -6.859263925879139912e-01
-7.939438325316066525e+00 -1.404540895066228812e+00 4.190987715864369356e+00 -1.404540895066228812e+00 -3.564081161047483626e+00 -2.364480562163910449e+00 4.190987715864369356e+00 -2.364480562163910449e+00 8.839700250725835318e+00
-7.221899839326349380e+00 4.227007200334796266e+00 1.075389051027041853e+00 4.227007200334796266e+00 3.053203057417967159e+00 -2.593573040282044051e+00 1.075389051027041853e+00 -2.593573040282044051e+00 1.187151003628143897e+01
-4.722327237880212358e+00 -5.465453119390314640e+00 -2.389431636703118200e-01 -5.465453119390314640e+00 5.152930632304065561e+00 -3.369441761198844976e+00 -2.389431636703118200e-01 -3.369441761198844976e+00 7.133991605836404126e+00
-2.361316078609935332e+01 -3.137840864574619193e-01 1.704988816790211414e+00 -3.137840864574619193e-01 -1.272598700053845988e+01 -1.977112228734612565e+00 1.704988816790211414e+00 -1.977112228734612565e+00 8.236511700034725436e+00
-3.094823412898025428e+00 -1.499929283894443799e+00 -1.507412678209468559e+00 -1.499929283894443799e+00 -8.474098609583320396e+00 2.342319558146964464e+00 -1.507412678209468559e+00 2.342319558146964464e+00 4.510064665708314990e+00
-1.903882457456390043e+01 1.581031816034347059e+00 -4.346477395385737630e+00 1.581031816034347059e+00 -2.431470476473224451e+00 5.163827357305695642e+00 -4.346477395385737630e+00 5.163827357305695642e+00 1.320749334101160422e+01
7.211571626926453149e+00 1.327242966298466387e+00 -4.216118494240262415e-01 1.327242966298466387e+00 1.299089694580479204e+01 -1.151028443467190243e+00 -4.216118494240262415e-01 -1.151028443467190243e+00 8.894791785483326052e+00
-4.298222458010569014e+00 -2.248914427506524483e+00 2.183514273665951647e-02 -2.248914427506524483e+00 -1.899905741748975174e+01 -1.776839384653141840e+00 2.183514273665951647e-02 -1.776839384653141840e+00 2.535013007890435599e+00
-7.481768952973479436e+00 -1.726879834718853646e+00 2.581096448386626108e-01 -1.726879834718853646e+00 -3.434854724278176175e+00 -6.635778609523109717e-01 2.581096448386626108e-01 -6.635778609523109717e-01 2.123294391642436718e+00
-5.101338555597809687e-01 5.795739284876607833e+00 -1.491422487401240948e+00 5.795739284876607833e+00 2.883019071258081212e+00 1.020954748220426422e+00 -1.491422487401240948e+00 1.020954748220426422e+00 6.572596210483081514e+00
-7.550905614112672026e+00 -2.415106834348576648e+00 4.713404512167622684e-01 -2.415106834348576648e+00 -2.521143449994179275e-01 -5.507696401729698543e+00 4.713404512167622684e-01 -5.507696401729698543e+00 1.345686325578715525e+01
1.885161181944853270e+00 -4.843951983953369012e-01 3.677447868636157247e-01 -4.843951983953369012e-01 1.205850100662504643e+00 5.150206939983244858e+00 3.677447868636157247e-01 5.150206939983244858e+00 1.398804086607165598e+00
-7.483125084187383536e+00 -1.326838360614385204e-01 6.949106198478402163e+00 -1.326838360614385204e-01 -1.083317024577129750e+00 -1.887952455258960383e+00 6.949106198478402163e+00 -1.887952455258960383e+00 6.333675856818973493e+00
-6.177407670571827936e+00 -4.203419075260467763e-01 -2.466414259723772109e-02 -4.203419075260467763e-01 -1.297940217929247098e+01 2.052364108685111876e+00 -2.466414259723772109e-02 2.052364108685111876e+00 -7.651421636602620424e+00
-7.982424586730730631e+00 -1.869604083823361407e+00 5.539847335385197802e+00 -1.869604083823361407e+00 -1.010144332540103163e+00 2.858201083773417750e+00 5.539847335385197802e+00 2.858201083773417750e+00 1.046085699083109866e+01
-1.257581220459387872e+01 -9.326285436800813011e-01 -2.599411541031326323e+00 -9.326285436800813011e-01 -1.305793892319525895e+01 -1.706946732052587290e+00 -2.599411541031326323e+00 -1.706946732052587290e+00 3.698685404371754859e-01
-1.833168812850211893e+01 7.177025367526459476e-01 6.211819267489294694e-01 7.177025367526459476e-01 -1.759199106174731142e+01 -7.788591435648973826e-01 6.211819267489294694e-01 -7.788591435648973826e-01 -5.869776697828168466e+00
-7.035765210405494408e+00 2.235371178887192833e+00 5.618257931056690468e-01 2.235371178887192833e+00 3.083796341565209764e-01 -4.329500984225165716e+00 5.618257931056690468e-01 -4.329500984225165716e+00 -2.794051623957242714e-01
-3.224092208272507420e+00 -2.598603718270252383e+00 -8.834023636194485718e-01 -2.598603718270252383e+00 8.285307965062065350e+00 -5.218320247811162993e+00 -8.834023636194485718e-01 -5.218320247811162993e+00 7.779321419829176243e+00
-1.242538110858055234e+01 7.320525977394568527e-03 4.880862065586815568e+00 7.320525977394568527e-03 -1.107660081164714566e-01 -4.912824396287090778e+00 4.880862065586815568e+00 -4.912824396287090778e+00 8.724476363173865323e+00
-1.026879744091723623e+01 -2.260681264081096487e+00 -1.796135051258673565e+00 -2.260681264081096487e+00 2.008699251720473811e+00 -2.811440557841735188e+00 -1.796135051258673565e+00 -2.811440557841735188e+00 -9.050848694266333538e-02
-9.890292709850301289e-01 6.846815686253879818e-01 2.363341585058083449e+00 6.846815686253879818e-01 -1.647210516769217703e+00 -2.949134451763858689e+00 2.363341585058083449e+00 -2.949134451763858689e+00 6.299987955391999961e+00
-8.925725174491372371e+00 -2.192962563050900204e+00 -1.377769985545666653e+00 -2.192962563050900204e+00 -1.197369043113123332e+01 -2.377856417052540916e+00 -1.377769985545666653e+00 -2.377856417052540916e+00 -1.878925886258093314e+00
-1.099560114912646291e+01 -7.931846850014168115e-01 2.923651093347566121e+00 -7.931846850014168115e-01 -7.547707014468810760e-01 -7.931603050932210408e+00 2.923651093347566121e+00 -7.931603050932210408e+00 1.415015497812152923e+01
-2.923295536964119812e+00 -1.184139560906611655e+00 -6.245136059424970520e-01 -1.184139560906611655e+00 7.563249460609302588e+00 -6.062910643955665257e+00 -6.245136059424970520e-01 -6.062910643955665257e+00 1.083695222367642685e+01
-3.251888454418115249e+00 8.278529651650258225e-01 -2.102066166662015956e+00 8.278529651650258225e-01 1.442742643366181854e+00 9.777774381525508041e-01 -2.102066166662015956e+00 9.777774381525508041e-01 1.002639719217924075e+01
-5.347965391473395336e+00 5.410706660679030833e+00 -5.375442401388064617e+00 5.410706660679030833e+00 -3.296498405973735224e+00 4.397693340275790064e+00 -5.375442401388064617e+00 4.397693340275790064e+00 5.475939849685082628e+00
-1.511268979846354732e+01 4.581287074507285340e+00 4.173941578661923835e+00 4.581287074507285340e+00 -1.535765737111353424e+01 1.305415615600963086e+00 4.173941578661923835e+00 1.305415615600963086e+00 3.670241491786181864e+00
-4.586093997505222397e+00 3.083543676396348854e+00 1.503976049812761007e+00 3.083543676396348854e+00 4.307612839531750559e+00 4.404517662652458476e+00 1.503976049812761007e+00 4.404517662652458476e+00 8.924318070973383143e+00
-1.890571128588759464e+01 1.066732438918415182e+00 2.915173352118960448e+00 1.066732438918415182e+00 -1.757637293943827217e+01 -1.750424185745359740e+00 2.915173352118960448e+00 -1.750424185745359740e+00 -2.852494562048306648e+00
-1.260356035814146658e+01 -3.366762821743169098e+00 -9.940396662379463733e-01 -3.366762821743169098e+00 -4.795226718731486315e+00 1.314163992217455501e+00 -9.940396662379463733e-01 1.314163992217455501e+00 2.119920457149400583e+00
-4.007270173932954371e+00 1.111511795781471523e+00 7.380041439024844635e-03 1.111511795781471523e+00 8.389242101529026385e+00 -5.241257419717525678e+00 7.380041439024844635e-03 -5.241257419717525678e+00 -8.372930917364375114e-01
-6.072452132375865119e+00 1.230190265542153050e+00 -1.972796329649524338e+00 1.230190265542153050e+00 -2.249467794782030960e+00 1.630515482904604019e+00 -1.972796329649524338e+00 1.630515482904604019e+00 6.495587265198208726e+00
-5.741924075594943666e+00 6.595179507277331155e-01 5.204688745932883442e+00 6.595179507277331155e-01 -3.637011900386385221e+00 -3.484967983308700390e+00 5.204688745932883442e+00 -3.484967983308700390e+00 1.377909271734706387e+01
1.698881838790641696e+00 2.229739260651554922e+00 3.003532605133867328e+00 2.229739260651554922e+00 3.168642915297051665e+00 5.699302856041492740e-03 3.003532605133867328e+00 5.699302856041492740e-03 8.832525984976603795e+00
-1.191259530817230150e+01 2.129374774540213622e+00 -3.566703487986344623e+00 2.129374774540213622e+00 -4.537985394690374541e+00 1.960937399328033903e+00 -3.566703487986344623e+00 1.960937399328033903e+00 8.786632730293359117e+00
-1.327734461125030130e+00 3.598847352199105121e+00 4.879667575628600318e+00 3.598847352199105121e+00 3.454469554870364667e-01 -1.910760950669438518e+00 4.879667575628600318e+00 -1.910760950669438518e+00 1.057404983143207211e+01
