2.026162521062947253e+00 0.000000000000000000e+00 1.248506417867018860e-02 0.000000000000000000e+00 -2.077338715338939323e+00 0.000000000000000000e+00 1.248506417867018860e-02 0.000000000000000000e+00 -5.793614429353713957e-01
2.284871485167942140e+00 -4.793133447519338786e-01 -2.137334057298186651e-01 -4.793133447519338786e-01 -1.870476284526241262e+00 9.254868043853169135e-02 -2.137334057298186651e-01 9.254868043853169135e-02 -6.988493725916379296e-01
2.424281052465006248e+00 0.000000000000000000e+00 -2.658313161532293439e-02 0.000000000000000000e+00 -2.155139937418773410e+00 0.000000000000000000e+00 -2.658313161532293439e-02 0.000000000000000000e+00 -4.754169992196643491e-01
1.895907270957291058e+00 3.616478992962451344e-01 -1.982737121662975222e-01 3.616478992962451344e-01 -2.208704214440349922e+00 -4.025595273850755551e-01 -1.982737121662975222e-01 -4.025595273850755551e-01 -6.151826841191398998e-01
1.206484540782434278e+00 1.093050610367167330e+00 1.829606552625930027e-01 1.093050610367167330e+00 -3.054672053016552979e+00 -4.420047888757398791e-02 1.829606552625930027e-01 -4.420047888757398791e-02 -2.782116398606019891e-01
1.161948892386708065e+00 -7.426099414997620884e-02 9.212971855334141369e-02 -7.426099414997620884e-02 -3.666670626808246514e+00 5.619954727942346739e-01 9.212971855334141369e-02 5.619954727942346739e-01 -8.563161971404025241e-01
2.424281052465006248e+00 0.000000000000000000e+00 -2.658313161532293439e-02 0.000000000000000000e+00 -2.155139937418773410e+00 0.000000000000000000e+00 -2.658313161532293439e-02 0.000000000000000000e+00 -4.754169992196643491e-01
2.744598361787230267e+00 -2.197957842085219493e+00 -1.026037656830982997e-01 -2.197957842085219493e+00 -2.038668533335877164e+00 3.010241145092124385e-02 -1.026037656830982997e-01 3.010241145092124385e-02 -6.496632472702995598e-01
1.579549151450114319e+00 3.305818755093863359e-01 -3.317549687879191023e-01 3.305818755093863359e-01 -2.125938294021011643e+00 -2.148855509140919495e-01 -3.317549687879191023e-01 -2.148855509140919495e-01 2.300100749694608537e-02
2.737245580702141190e+00 -1.149044866322847636e+00 -4.926782288895036332e-01 -1.149044866322847636e+00 -3.137898831509601028e+00 4.198417051491743490e-01 -4.926782288895036332e-01 4.198417051491743490e-01 -5.570098263604703615e-01
1.937614926627982737e+00 -2.695181807429037346e-01 -8.634804453771563471e-02 -2.695181807429037346e-01 -2.498123084729792165e+00 1.238870294507642411e-01 -8.634804453771563471e-02 1.238870294507642411e-01 -6.988703206858973838e-01
2.285437083712948958e+00 5.936689913146193931e-02 -3.858429481659835236e-01 5.936689913146193931e-02 -2.021365407477518694e+00 -2.070300155667742781e-01 -3.858429481659835236e-01 -2.070300155667742781e-01 -2.899006764574106332e-01
2.049854815670457242e+00 2.206881730239772244e-01 -4.316145341230210875e-01 2.206881730239772244e-01 -2.190248943397718584e+00 -1.752727046693514368e-01 -4.316145341230210875e-01 -1.752727046693514368e-01 -4.763806115556019072e-01
1.896535713785076238e+00 0.000000000000000000e+00 -1.502606801234920575e-01 0.000000000000000000e+00 -2.165090282192042359e+00 0.000000000000000000e+00 -1.502606801234920575e-01 0.000000000000000000e+00 -5.154697554438545382e-01
