3.277650515515351248e+00 3.231754487180290569e-01 2.692828226100181688e+00 3.231754487180290569e-01 1.906039253105087639e+01 3.937866267832960343e+00 2.692828226100181688e+00 3.937866267832960343e+00 2.129701223207911198e+01
-7.208652358126338200e+00 9.328898068153086420e-01 9.874831973257318651e-01 9.328898068153086420e-01 -5.215886821849871069e+00 3.572215111938870091e-01 9.874831973257318651e-01 3.572215111938870091e-01 3.138085688149322650e+00
1.053401221051345482e+00 1.746514321157700778e+00 -4.364883703383987346e+00 1.746514321157700778e+00 -3.473945939347716116e+00 -1.349848792735384384e+00 -4.364883703383987346e+00 -1.349848792735384384e+00 2.566324477469121401e+00
-2.693722504901667758e+00 -6.415919058311212453e-01 3.391722370647648699e+00 -6.415919058311212453e-01 -1.363829962520918748e+01 7.711702479984000602e-01 3.391722370647648699e+00 7.711702479984000602e-01 -7.192938242917449543e+00
-7.043888731094037681e+00 -5.761727678900672167e-01 8.648393124438065627e+00 -5.761727678900672167e-01 -2.566483966023382468e+00 2.869993461729324125e+00 8.648393124438065627e+00 2.869993461729324125e+00 -2.837828136191925310e+00
5.452190494184330660e+00 1.745819556614594203e+00 3.630274440794275748e+00 1.745819556614594203e+00 4.963902111214650859e-01 8.791242142828988027e-02 3.630274440794275748e+00 8.791242142828988027e-02 4.049166265774688966e+00
-7.620394285575166293e+00 1.120090608792357223e+00 2.155108770495941517e-01 1.120090608792357223e+00 6.687831378258852766e+00 -2.411782699896906745e+00 2.155108770495941517e-01 -2.411782699896906745e+00 1.593706336626292464e+00
4.888958472078395623e+00 1.787807755199064541e-01 2.045681990291438268e+00 1.787807755199064541e-01 2.553868503894882735e+00 1.297566493888815398e+00 2.045681990291438268e+00 1.297566493888815398e+00 -5.245771504573358834e-01
4.081084430636874316e+00 -6.034849219289493583e+00 -1.779594118221771604e+00 -6.034849219289493583e+00 2.248641475453377669e+00 1.814097470551794045e+00 -1.779594118221771604e+00 1.814097470551794045e+00 9.913130416844634141e+00
-1.251608449767600106e+01 -3.306785029388070285e+00 -1.864962552907162729e+00 -3.306785029388070285e+00 4.652977208929105934e+00 -8.964170575716986500e-01 -1.864962552907162729e+00 -8.964170575716986500e-01 -5.344854648358754901e+00
6.952011333066597798e-01 1.087176240383818993e+00 -3.337342786740656653e+00 1.087176240383818993e+00 3.134530939270721017e+00 5.060215461906948597e+00 -3.337342786740656653e+00 5.060215461906948597e+00 1.162264638917845927e+00
-1.210314243412867086e+01 -6.964106052156460169e-01 -3.010081705191847146e+00 -6.964106052156460169e-01 -9.534184125608604177e+00 6.469118762923276478e+00 -3.010081705191847146e+00 6.469118762923276478e+00 5.052360177572501776e+00
1.751101216050935383e+00 -2.300121334902493153e+00 3.421180055919580187e+00 -2.300121334902493153e+00 -8.564828580353204046e+00 -4.249223004189143893e+00 3.421180055919580187e+00 -4.249223004189143893e+00 3.999449270880327756e+00
-2.192703281426766626e+00 -2.966911677428621941e-01 -3.970319947395014815e+00 -2.966911677428621941e-01 7.931970271962769381e+00 3.371078182896918740e+00 -3.970319947395014815e+00 3.371078182896918740e+00 4.300576023420688010e+00
-3.784354891969859302e+00 -3.213116631658045730e+00 -3.528580938563705693e+00 -3.213116631658045730e+00 -1.295713307703052486e-01 1.941581409762833887e+00 -3.528580938563705693e+00 1.941581409762833887e+00 2.958987599280757053e+00
-2.510455464480919829e+00 -5.150907405316876853e-01 2.708303701960651733e+00 -5.150907405316876853e-01 -4.683759432125714994e+00 -2.988181769601780058e+00 2.708303701960651733e+00 -2.988181769601780058e+00 7.066874942660580139e+00
-5.659408732338415682e+00 2.339988181953680524e+00 -2.899250845986037994e+00 2.339988181953680524e+00 2.179435297054666432e+00 1.950473871600348907e+00 -2.899250845986037994e+00 1.950473871600348907e+00 7.739883543816187261e-01
-1.643977256274003906e+01 -2.599066281530109990e+00 9.537695041404257168e-01 -2.599066281530109990e+00 -1.805041302456760022e+01 7.767043758024920752e-01 9.537695041404257168e-01 7.767043758024920752e-01 -2.641384129524406710e+00
2.348143627833022773e+00 -8.932308556861318083e-01 -2.768141231662803570e+00 -8.932308556861318083e-01 -1.127862461676272243e+00 -1.579581021513012246e-02 -2.768141231662803570e+00 -1.579581021513012246e-02 7.268260157191855697e+00
-4.609642991972109805e+00 5.110941559202712980e+00 -2.194815014209011927e+00 5.110941559202712980e+00 -4.580696845090267644e+00 -2.719516454676492501e+00 -2.194815014209011927e+00 -2.719516454676492501e+00 2.097421488406742363e+00
-2.702377306269884816e+00 -9.432439422211928992e-01 -2.679397604060658189e+00 -9.432439422211928992e-01 -4.187133620499333908e+00 1.002646323792313110e+00 -2.679397604060658189e+00 1.002646323792313110e+00 3.966373893971889775e+00
-4.419617569849855765e-01 -3.505918045346918088e+00 -3.446882510143395861e-01 -3.505918045346918088e+00 -8.630658930379434324e+00 4.435430445149029843e+00 -3.446882510143395861e-01 4.435430445149029843e+00 1.039157543872376438e-01
6.733791168877257149e+00 -1.099125407817074684e+00 -2.392090747270468665e+00 -1.099125407817074684e+00 -1.397391590487674806e+00 5.219181518182368640e-01 -2.392090747270468665e+00 5.219181518182368640e-01 6.674632556441800979e+00
-3.038820182858164909e+00 3.682406266786977245e-01 1.517892157520923435e+00 3.682406266786977245e-01 -4.177902837923347157e+00 -3.652190733668184031e+00 1.517892157520923435e+00 -3.652190733668184031e+00 1.121046379472756538e+00
-2.478644057856544514e+00 2.370296822331795283e+00 2.949195549966765473e+00 2.370296822331795283e+00 -3.065461326000935571e+00 -8.055309963734598455e-02 2.949195549966765473e+00 -8.055309963734598455e-02 2.695737684395027589e+00
-3.805466392332499392e+00 -8.826780615742120251e-01 -2.947651381056576092e+00 -8.826780615742120251e-01 -8.897343213081416735e+00 7.386094440077327176e-03 -2.947651381056576092e+00 7.386094440077327176e-03 7.573212912147488041e+00
-5.274437208305127633e+00 3.175219253597506786e+00 -4.110494445799369068e+00 3.175219253597506786e+00 -1.198308986944495391e+00 -2.619195483571645777e+00 -4.110494445799369068e+00 -2.619195483571645777e+00 4.595938983858760984e+00
1.159606569809315424e+00 -9.349582425588270906e-02 8.739232827164622464e-01 -9.349582425588270906e-02 -2.524075852052494628e+00 1.650954143355126136e-01 8.739232827164622464e-01 1.650954143355126136e-01 1.444816985898099038e+00
-3.127204692934987929e+00 -1.288689677171748205e+00 -2.843615259747232393e+00 -1.288689677171748205e+00 -3.190852854732488364e+00 -7.823193044108990302e-01 -2.843615259747232393e+00 -7.823193044108990302e-01 6.935465751682363233e+00
-3.181785846740150081e+00 -2.782870866145628508e+00 -1.189424081667653343e+00 -2.782870866145628508e+00 -3.999183948119465981e+00 1.750004409604103695e-01 -1.189424081667653343e+00 1.750004409604103695e-01 1.004829000212032142e+01
-1.136665673374081287e+01 3.111551516317089927e+00 1.041547186177607109e+00 3.111551516317089927e+00 -6.161692958041863122e+00 2.346679092318416426e+00 1.041547186177607109e+00 2.346679092318416426e+00 4.509973281724711569e+00
-7.580641893928502739e+00 -8.082082247454943635e-01 -5.901011458584745073e-01 -8.082082247454943635e-01 -1.661771778301789126e+01 5.087419689809533629e-01 -5.901011458584745073e-01 5.087419689809533629e-01 -1.314937983826815482e-01
9.867349256205024677e-01 -2.993378339104077468e-01 2.494401909106933157e+00 -2.993378339104077468e-01 -3.842481154410843036e+00 2.979118879164620814e+00 2.494401909106933157e+00 2.979118879164620814e+00 1.215904025898783303e+01
-7.037123849764924444e+00 -4.470625593589559799e+00 -2.364923276967866528e+00 -4.470625593589559799e+00 -1.032821969186824873e+01 3.298775774429219543e-01 -2.364923276967866528e+00 3.298775774429219543e-01 -4.036185644552195306e+00
-1.553024963011621296e+01 2.405863780833106258e+00 3.929761882066135081e-01 2.405863780833106258e+00 -1.249094590867931842e+01 -4.409893624429181536e+00 3.929761882066135081e-01 -4.409893624429181536e+00 -5.046190482614209216e+00
-4.324371523257433125e+00 -2.532266195032957246e+00 6.242394515827007773e-01 -2.532266195032957246e+00 8.928936155601446600e+00 -5.527165814219633933e-02 6.242394515827007773e-01 -5.527165814219633933e-02 1.043968506855528133e+01
-1.443640799569380562e+01 -2.887502149202615609e+00 4.688906747999170399e+00 -2.887502149202615609e+00 -8.218990181558917030e+00 -4.790118163538231499e+00 4.688906747999170399e+00 -4.790118163538231499e+00 -3.469264894883921646e-01
-9.045469980960687550e+00 -1.380447131531803207e+00 -2.562292845863602064e+00 -1.380447131531803207e+00 -5.901777202490905871e+00 3.525787276554891658e+00 -2.562292845863602064e+00 3.525787276554891658e+00 6.418594448812451780e+00
-9.968643334330621997e+00 -1.156257298224989016e+00 -1.401865999979786226e+00 -1.156257298224989016e+00 -1.283988522970748924e+01 2.773749199547502098e+00 -1.401865999979786226e+00 2.773749199547502098e+00 -4.374062948607993384e+00
3.516098161705758951e+00 7.766071922047772524e-01 2.489780134357360453e+00 7.766071922047772524e-01 -4.409877172638795528e+00 -6.710526808189213321e-01 2.489780134357360453e+00 -6.710526808189213321e-01 1.630319972804493034e+00
-3.875676385307448069e+00 2.321205777375248580e+00 3.317255213133986080e-01 2.321205777375248580e+00 -9.834698124915135509e+00 3.461073681589073470e+00 3.317255213133986080e-01 3.461073681589073470e+00 1.924459863147310434e+00
3.103435046548479459e+00 1.571831635965689422e+00 -5.334777947413730459e+00 1.571831635965689422e+00 -4.848186598437374428e+00 6.294287303190174709e-01 -5.334777947413730459e+00 6.294287303190174709e-01 9.773632898238057365e+00
-1.490442277472453192e+01 3.778487043661886702e+00 -2.480390459701964367e+00 3.778487043661886702e+00 -9.224365861533863509e+00 1.050141793223142050e+00 -2.480390459701964367e+00 1.050141793223142050e+00 9.696619660678884589e-01
1.463162900003069922e-01 -1.075604749527468540e+00 2.262065189203616544e+00 -1.075604749527468540e+00 -4.650473520954493623e+00 -1.328533026065716216e+00 2.262065189203616544e+00 -1.328533026065716216e+00 2.295288843758345632e+00
-4.694125736115658754e+00 4.215958823108428843e-01 -1.030455249122727457e+00 4.215958823108428843e-01 -9.011914868219969676e+00 1.007212174376619362e+00 -1.030455249122727457e+00 1.007212174376619362e+00 6.267680056120400245e+00
-7.008122897110351524e+00 -8.078747233677647799e-01 -4.175114774082887281e-02 -8.078747233677647799e-01 -6.036057654920087501e+00 -8.860272558978509183e-01 -4.175114774082887281e-02 -8.860272558978509183e-01 2.525360442703826980e+00
3.689712359041375844e+00 -2.540294944138516975e+00 -1.533029022853791057e+00 -2.540294944138516975e+00 7.252577866340729207e-01 2.650892214704470354e-02 -1.533029022853791057e+00 2.650892214704470354e-02 4.597292808819189780e+00
-7.475312361354962132e-01 -7.401138158350230312e-02 -4.512264016121208532e-01 -7.401138158350230312e-02 3.102375238422479420e+00 -4.689112201268914148e+00 -4.512264016121208532e-01 -4.689112201268914148e+00 6.407607876428388138e+00
-1.205009859275573270e+01 -1.034158442384156551e+00 6.106490817500318080e+00 -1.034158442384156551e+00 -5.264391419673015271e+00 -4.940514560814892597e+00 6.106490817500318080e+00 -4.940514560814892597e+00 1.882206761051679500e+00
-5.233000332307966573e+00 3.112246140784282744e-01 -4.588379594400573858e+00 3.112246140784282744e-01 -4.312945062325191259e+00 -1.382475356856360138e+00 -4.588379594400573858e+00 -1.382475356856360138e+00 1.032965274196322669e+00
7.201210654535118216e+00 -8.678303658173800450e-01 -9.154062930199157178e-01 -8.678303658173800450e-01 -1.521516141379019471e+00 -3.113685960387937435e-01 -9.154062930199157178e-01 -3.113685960387937435e-01 8.509122524700504897e+00
-5.171575076030087814e+00 -1.285195035923060836e+00 1.759127927494908761e+00 -1.285195035923060836e+00 -1.020518736570985752e+01 -1.737226412738710701e+00 1.759127927494908761e+00 -1.737226412738710701e+00 -8.657863035721186762e+00
-4.531655123160053478e+00 3.206710117774608015e+00 -3.508882450322882818e+00 3.206710117774608015e+00 -1.155563039532464975e+00 -4.943275391522498730e+00 -3.508882450322882818e+00 -4.943275391522498730e+00 4.985998464557216181e+00
-4.309564906881156732e-02 -8.445063617143266921e-01 -1.763870792406334598e+00 -8.445063617143266921e-01 -2.297764190020740838e+00 3.598136417979605817e+00 -1.763870792406334598e+00 3.598136417979605817e+00 3.578984051652486009e+00
-3.359922152196496370e+00 1.536194147930390219e+00 -1.766515029356606314e+00 1.536194147930390219e+00 -6.806101884132674584e+00 -1.845569444011962434e-01 -1.766515029356606314e+00 -1.845569444011962434e-01 2.805420184560100338e+00
2.734305768196584996e+00 5.293682616567563920e-02 -5.090656802786502233e+00 5.293682616567563920e-02 -3.098592780216177012e+00 -1.801950878341099793e+00 -5.090656802786502233e+00 -1.801950878341099793e+00 4.675282202212970084e+00
-1.411906797889091081e+01 -4.720726302742273561e-01 2.344944539119292681e+00 -4.720726302742273561e-01 -3.415895648445316901e+00 3.330236691490625400e+00 2.344944539119292681e+00 3.330236691490625400e+00 5.203169785304943673e+00
-1.110728224560097210e+01 1.171196138369962503e+00 2.586727579921252129e+00 1.171196138369962503e+00 -1.495722026019853956e+01 -1.245394586421005423e+00 2.586727579921252129e+00 -1.245394586421005423e+00 -6.248629399414652674e+00
3.518182846314505952e+00 1.614024578086939554e+00 3.275689342902205148e+00 1.614024578086939554e+00 -2.112103311234906633e-01 3.910579979253814287e-01 3.275689342902205148e+00 3.910579979253814287e-01 1.975462621640351557e+01
-8.875629474881504777e+00 3.295471527230595221e+00 -9.993006991703550224e-01 3.295471527230595221e+00 -6.463866134217640003e+00 2.271711429751545719e+00 -9.993006991703550224e-01 2.271711429751545719e+00 1.551105731315277181e+00
-1.277696803879736009e+01 -1.568483701778955908e+00 3.334049908004744545e+00 -1.568483701778955908e+00 5.536202700516572150e+00 -4.680000736154019236e+00 3.334049908004744545e+00 -4.680000736154019236e+00 1.644809036801748503e+00
-2.113237417933443218e+00 2.057136342051578914e+00 9.911977328493013495e-01 2.057136342051578914e+00 2.741516176632889490e+00 -8.502001778236698559e-01 9.911977328493013495e-01 -8.502001778236698559e-01 3.490862801160297568e+00
-7.485544716978963287e+00 -1.961334152188100477e+00 3.373900859907560612e+00 -1.961334152188100477e+00 1.808906813645720257e+00 1.034645837449965633e+00 3.373900859907560612e+00 1.034645837449965633e+00 5.345127943656550862e+00
-5.034621619559023209e+00 2.821575397611541525e-01 -2.787880619202230292e+00 2.821575397611541525e-01 -1.003301950533816100e+00 1.607369935263263994e+00 -2.787880619202230292e+00 1.607369935263263994e+00 3.034729395553526388e+00
8.390079655075312060e-01 -2.658520111208049208e+00 -1.436411811901416868e+00 -2.658520111208049208e+00 -1.584378145360277212e+00 2.987297577728776687e+00 -1.436411811901416868e+00 2.987297577728776687e+00 2.682935010670817189e+00
1.451420998542100937e+00 -3.387189665241948089e-01 8.618814751443621969e-01 -3.387189665241948089e-01 -3.425503592107987938e+00 -1.782369841065291505e+00 8.618814751443621969e-01 -1.782369841065291505e+00 7.662022076299276563e+00
3.640877723339021710e+00 -6.039286321541062819e+00 -4.441242640567381272e+00 -6.039286321541062819e+00 2.340722163487429341e+00 5.217953370407799607e-01 -4.441242640567381272e+00 5.217953370407799607e-01 9.291244530454376260e+00
-4.376834495332887265e+00 1.612377698386170621e+00 -1.452850046435951947e+00 1.612377698386170621e+00 5.155017419620386399e+00 -3.691683447898567838e+00 -1.452850046435951947e+00 -3.691683447898567838e+00 2.661947305262683638e+00
1.382097874021917194e+00 9.009788808180088093e-01 -4.625994760257593263e+00 9.009788808180088093e-01 -3.197748618993639713e+00 -1.390533787632519447e+00 -4.625994760257593263e+00 -1.390533787632519447e+00 9.206760593052663921e+00
8.705410241139297511e-01 -2.916021200511421885e+00 -4.712930716637926842e+00 -2.916021200511421885e+00 1.210399249995072202e+00 7.919463486081236292e-01 -4.712930716637926842e+00 7.919463486081236292e-01 3.392963889434855940e+00
-4.910696231620470975e+00 1.348790195982325857e+00 2.539433158036003224e+00 1.348790195982325857e+00 -9.412340283177067946e+00 1.153085079514767575e+00 2.539433158036003224e+00 1.153085079514767575e+00 1.808333566935543368e+00
-1.484023070882347639e+01 -9.373596719317974779e-01 4.963391395522457117e+00 -9.373596719317974779e-01 -9.800254115709353675e-01 -3.234493230952479426e+00 4.963391395522457117e+00 -3.234493230952479426e+00 1.875011752983875679e+00
3.323267364369415944e+00 3.277971063138850560e+00 4.448875913514199532e+00 3.277971063138850560e+00 -5.443234063524948319e+00 9.338250984789141507e-01 4.448875913514199532e+00 9.338250984789141507e-01 1.444321444821291678e+01
-4.086309658902450792e+00 -3.171414601010638101e-01 -2.858791696904536384e+00 -3.171414601010638101e-01 -1.986606515026406727e-01 -2.336110761870442420e+00 -2.858791696904536384e+00 -2.336110761870442420e+00 2.413947649814309315e+00
-1.216213852688287744e+01 3.677211468976045339e+00 -2.728518230561290725e+00 3.677211468976045339e+00 -4.730810811381048531e+00 1.824073441546044672e+00 -2.728518230561290725e+00 1.824073441546044672e+00 -4.039847772084047328e+00
-6.296581527764073094e+00 1.221490283967327617e+00 -1.461307695167612941e+00 1.221490283967327617e+00 -2.823389664839316637e+00 2.109258197880361507e+00 -1.461307695167612941e+00 2.109258197880361507e+00 3.676644034444678688e+00
6.779480148967914843e+00 -3.021803240529174150e+00 3.783686206110989048e+00 -3.021803240529174150e+00 3.523996700957612749e+00 -5.037137880801442202e-01 3.783686206110989048e+00 -5.037137880801442202e-01 3.878461092952671052e+00
1.002115422533848310e+01 -1.553008829282988446e+00 2.045531281793415701e+00 -1.553008829282988446e+00 -6.592173495656383775e-01 -1.330688661609251977e-01 2.045531281793415701e+00 -1.330688661609251977e-01 1.436762627358559108e+01
-5.229067357661004500e+00 7.259711551354657011e-02 1.766387176206231535e+00 7.259711551354657011e-02 -5.960419550506719233e+00 2.701890547017695154e-01 1.766387176206231535e+00 2.701890547017695154e-01 6.443675424086317882e+00
-1.120602969242203883e+01 -6.810260966413438366e-01 2.772194338662426372e+00 -6.810260966413438366e-01 -1.065897109990772407e+01 -1.888026043554297539e-01 2.772194338662426372e+00 -1.888026043554297539e-01 3.112996640598220122e+00
-3.194140941510685394e+00 1.469898630125791472e+00 4.809681586034825762e-01 1.469898630125791472e+00 1.885550354733928957e+00 -3.455450056527925584e-01 4.809681586034825762e-01 -3.455450056527925584e-01 8.662018835658754412e+00
-6.798480508721206128e+00 -3.441298856904971615e+00 -2.696762422230357004e+00 -3.441298856904971615e+00 7.692473736887264213e-01 6.703081001326799404e-02 -2.696762422230357004e+00 6.703081001326799404e-02 1.222568369980551850e+01
-4.543268725185639845e+00 8.686052123262436586e-01 3.866801314691292180e-01 8.686052123262436586e-01 -9.501982146466401602e+00 1.307774582767370131e+00 3.866801314691292180e-01 1.307774582767370131e+00 6.220282597740752095e+00
-8.105992836725580020e+00 -8.094762743537099459e-01 6.293157458855910269e-01 -8.094762743537099459e-01 -4.812871093212302220e+00 -1.503856221055931641e+00 6.293157458855910269e-01 -1.503856221055931641e+00 2.487702128092124099e+00
-3.980439864615087586e+00 -1.233728110314605830e+00 -1.404880974838732977e+00 -1.233728110314605830e+00 -5.635863782998622007e+00 -1.651834844617725340e+00 -1.404880974838732977e+00 -1.651834844617725340e+00 6.648546831561644055e+00
-1.657061313670338265e+01 3.266774813597516758e+00 1.957227714258069629e+00 3.266774813597516758e+00 -1.464972104260746022e+01 -7.014180082087274393e+00 1.957227714258069629e+00 -7.014180082087274393e+00 1.923016675481831861e+00
-4.219128760435102876e+00 -1.804802769802086981e+00 4.111172935791396754e-01 -1.804802769802086981e+00 -3.713060058814035447e+00 1.313277640834370763e-01 4.111172935791396754e-01 1.313277640834370763e-01 5.441352252512849041e+00
-4.068607000553689623e+00 2.447075902129996816e+00 -1.595323326877460923e+00 2.447075902129996816e+00 -4.155683450635219600e+00 2.265690535902128655e+00 -1.595323326877460923e+00 2.265690535902128655e+00 9.875654709211573845e+00
-1.100213393417675656e+00 -1.446655156727835845e+00 -3.414859311751510251e+00 -1.446655156727835845e+00 -5.171097995614199583e+00 2.219850103509919848e+00 -3.414859311751510251e+00 2.219850103509919848e+00 -4.974083405255853574e-01
-5.530914667984847988e+00 1.815729012687725907e+00 1.326016010663527145e-01 1.815729012687725907e+00 -3.662252200035430505e+00 -2.853897415127313320e+00 1.326016010663527145e-01 -2.853897415127313320e+00 2.239295215852383336e+00
-6.376567427361705676e+00 -7.459296019671801670e-01 1.075246839021323675e+00 -7.459296019671801670e-01 -2.312107955544512095e+00 -1.850719158629565708e+00 1.075246839021323675e+00 -1.850719158629565708e+00 4.429924505659790235e+00
6.756267642715635624e+00 1.986172210488446277e+00 1.293115592189565621e+00 1.986172210488446277e+00 -4.328640243173316193e+00 4.099928768416671865e-02 1.293115592189565621e+00 4.099928768416671865e-02 8.677118851355100304e+00
-1.704396703376342526e+00 1.070408210527776349e+00 -1.513076164648916366e+00 1.070408210527776349e+00 -3.719902552247807304e+00 -7.969729334684957367e-01 -1.513076164648916366e+00 -7.969729334684957367e-01 3.291834951362283324e+00
-1.488581108151984544e+01 3.554048264518729017e+00 -2.004318901287651944e-01 3.554048264518729017e+00 -7.774477834324266645e+00 1.767066205755455366e+00 -2.004318901287651944e-01 1.767066205755455366e+00 -2.359805900235399712e+00
-6.136630207684132365e+00 4.683220615696839673e+00 -1.172961574528948780e+00 4.683220615696839673e+00 -5.312913327887256898e+00 1.871510616015354955e+00 -1.172961574528948780e+00 1.871510616015354955e+00 3.908472080974102258e+00
-1.748133845297571654e+01 4.167119024284159146e+00 5.564795835079591191e-01 4.167119024284159146e+00 -1.599126873957949257e+01 -7.274909470414960833e-01 5.564795835079591191e-01 -7.274909470414960833e-01 -3.883403515347827462e+00
-1.188366856369974833e+01 -1.496668352714840999e+00 5.515867120813069402e-01 -1.496668352714840999e+00 -1.050088885993700494e+01 5.078211660181730203e+00 5.515867120813069402e-01 5.078211660181730203e+00 3.464575106525813908e+00
6.481159386686741186e-01 6.585583333644881021e-01 1.893356690033955347e+00 6.585583333644881021e-01 2.161086177741826830e+01 2.129489933087307829e+00 1.893356690033955347e+00 2.129489933087307829e+00 2.101781435833728295e+01
-3.266655197003560662e+00 -3.955909477189900603e+00 -1.104540666656044640e-01 -3.955909477189900603e+00 -4.731006210968511816e+00 -4.615424468733794860e+00 -1.104540666656044640e-01 -4.615424468733794860e+00 6.415582897847199817e+00
-1.455707295067760931e+01 2.489169979494031182e+00 -2.354709281612315852e+00 2.489169979494031182e+00 -8.333308192219149646e+00 2.352717174826617796e+00 -2.354709281612315852e+00 2.352717174826617796e+00 -6.111549253017038552e+00
