-2.807309391240694563e+00 3.674436672179823837e+00 2.003073994923501022e+00 3.674436672179823837e+00 -4.956704608765643449e+00 1.462051979177491301e+00 2.003073994923501022e+00 1.462051979177491301e+00 1.919178389523515493e+00
-7.122572120683024366e+00 -1.057606981344614283e+00 -2.725189922353532967e+00 -1.057606981344614283e+00 1.542452087473777267e+00 -5.423906277129152409e-01 -2.725189922353532967e+00 -5.423906277129152409e-01 -7.454071987979989267e+00
3.839270363534657005e+00 2.727744892889842454e+00 1.210106226841141108e+00 2.727744892889842454e+00 1.863417803985436771e+00 5.932903873332249667e+00 1.210106226841141108e+00 5.932903873332249667e+00 -1.799625735582669250e+00
5.139749131806314431e+00 1.277944134712586610e+00 -4.159899629725677395e-01 1.277944134712586610e+00 1.153071325637523969e+01 9.088211543724237229e-01 -4.159899629725677395e-01 9.088211543724237229e-01 3.436777268272718788e-01
-1.836742216814889472e+00 5.466488231056472191e-01 1.687820986443262727e+00 5.466488231056472191e-01 4.451950136262742497e+00 -1.409204323847563500e-01 1.687820986443262727e+00 -1.409204323847563500e-01 5.913327913468378938e+00
-1.169687720269231690e+01 1.889519966050731137e+00 5.890733610152713018e-01 1.889519966050731137e+00 -1.233869440894967440e+01 8.752054148597837369e+00 5.890733610152713018e-01 8.752054148597837369e+00 -1.022583974907225368e+01
-4.960318204918602980e+00 7.252956707155068905e+00 8.678269453455195181e-01 7.252956707155068905e+00 -3.888530481172400854e-01 -1.889973606447656218e+00 8.678269453455195181e-01 -1.889973606447656218e+00 -4.501823140060744244e+00
