7.727965455637434422e-01 -4.166883419999192206e-01 -3.813822674765027898e+00 -4.166883419999192206e-01 -4.339628277972399140e+00 4.510881151138376843e+00 -3.813822674765027898e+00 4.510881151138376843e+00 7.625812112878620042e+00
-2.609649973336976903e+00 5.076829734007738404e-01 -3.027053948807220340e+00 5.076829734007738404e-01 7.332559426739491570e+00 -2.623518144875121472e+00 -3.027053948807220340e+00 -2.623518144875121472e+00 1.716108145861732881e+00
-1.057233997230383332e-01 -1.564032725558562875e-01 -3.259085196600899348e+00 -1.564032725558562875e-01 2.640529204106480510e+00 1.196678210484284216e-01 -3.259085196600899348e+00 1.196678210484284216e-01 3.058559003523506181e+00
1.605430902309919361e+00 2.354681360345064700e+00 1.836761028468278045e+00 2.354681360345064700e+00 7.999481164497180607e+00 8.872101049368350534e-01 1.836761028468278045e+00 8.872101049368350534e-01 -2.701117885768868465e+00
-7.701499080980214185e-01 3.022464001833627734e+00 5.192506250158539061e+00 3.022464001833627734e+00 -9.421931236856618597e+00 2.545388001366863051e+00 5.192506250158539061e+00 2.545388001366863051e+00 1.503583858138518359e+00
-7.250226188828724716e+00 1.835475777560764410e+00 -1.378965398107653284e-01 1.835475777560764410e+00 -2.836857143209109644e+00 -6.641369265956508228e-01 -1.378965398107653284e-01 -6.641369265956508228e-01 5.009771580301175531e-01
-2.751132811361986175e+00 1.735805306295248540e+00 -5.102955646982213489e-01 1.735805306295248540e+00 -3.239064872541038920e+00 4.203841870093804611e-01 -5.102955646982213489e-01 4.203841870093804611e-01 5.996411520564910447e+00
2.465796450862303146e+00 2.164708636608466463e+00 9.897994813062158670e-01 2.164708636608466463e+00 9.660749462324730530e+00 -2.347693341994408822e+00 9.897994813062158670e-01 -2.347693341994408822e+00 5.265314162490579264e+00
6.183953709525097153e+00 1.371857502095247261e+00 2.890081319323121178e+00 1.371857502095247261e+00 5.156018047041237118e+00 2.405774542547046480e+00 2.890081319323121178e+00 2.405774542547046480e+00 -6.091031634987333021e+00
-2.868820923991989291e-01 1.618354508415255744e+00 8.470456747804250286e-01 1.618354508415255744e+00 1.035981165722633790e+01 -2.229647294024735160e+00 8.470456747804250286e-01 -2.229647294024735160e+00 2.447975631965639831e+00
-7.373127224328198892e+00 -5.149092081541004617e+00 -5.150059758940320753e-01 -5.149092081541004617e+00 1.333516912102331098e+01 -1.321292928954936441e+00 -5.150059758940320753e-01 -1.321292928954936441e+00 1.651210442284061441e+00
2.253264185692945620e+00 -2.243777796702086658e+00 -1.525704425162326849e+00 -2.243777796702086658e+00 8.880848872786986092e+00 -3.468077277341844233e+00 -1.525704425162326849e+00 -3.468077277341844233e+00 5.360962800285714813e+00
-2.284329987741318957e-01 2.770738182955294615e-01 -4.446105242483048947e+00 2.770738182955294615e-01 9.518213877668312284e-01 -2.045812916627385292e+00 -4.446105242483048947e+00 -2.045812916627385292e+00 3.567609081261916781e+00
-5.047481421480734198e+00 -4.064923205490855729e+00 -1.842181051281129411e+00 -4.064923205490855729e+00 -9.422402486909399855e+00 -1.573256505894057300e-01 -1.842181051281129411e+00 -1.573256505894057300e-01 -3.324210022054850722e+00
-3.208803985107657741e+00 1.929041144160261734e+00 1.039419493964836905e+00 1.929041144160261734e+00 -2.051419907439241186e+00 2.791020365312681051e+00 1.039419493964836905e+00 2.791020365312681051e+00 4.563961175638194590e+00
4.060163080147762393e+00 -5.910845978831953396e+00 3.756792495624555972e+00 -5.910845978831953396e+00 -7.495240189088333338e+00 -1.719920694649575976e+00 3.756792495624555972e+00 -1.719920694649575976e+00 -2.824185905865664203e+00
-8.672945022379661140e+00 -5.321618556785110421e+00 -1.659130814226176476e+00 -5.321618556785110421e+00 5.164554207029460109e+00 -1.986592520541925200e-01 -1.659130814226176476e+00 -1.986592520541925200e-01 -1.929931065621148134e+00
4.974904259060496381e-01 9.845187759247285841e-01 4.319556673061010765e-01 9.845187759247285841e-01 3.880716920415837823e+00 -1.694513468668492617e+00 4.319556673061010765e-01 -1.694513468668492617e+00 3.594489498106627323e+00
