-4.713545464106632110e+00 2.407800720287382568e+00 6.318417612735133027e+00 2.407800720287382568e+00 -1.199866393343782978e+00 3.961565930725808204e+00 6.318417612735133027e+00 3.961565930725808204e+00 3.823042593624769392e+00
6.348224135687011715e-01 -5.006221975867556573e+00 -1.711887706320563141e-01 -5.006221975867556573e+00 -3.879114358098847859e+00 3.383280997186892680e-01 -1.711887706320563141e-01 3.383280997186892680e-01 1.564572625882801660e+00
4.228115419262769237e+00 2.603123875543489785e+00 -1.037372406310492545e+00 2.603123875543489785e+00 -6.239730811621468920e-01 1.730339431071685308e+00 -1.037372406310492545e+00 1.730339431071685308e+00 -3.189576209219474823e+00
3.242365271667464910e+00 -2.729481389715678219e+00 -4.382851963993703137e+00 -2.729481389715678219e+00 -8.537552348894063670e+00 1.240072485510168798e+00 -4.382851963993703137e+00 1.240072485510168798e+00 2.670390099735857614e+00
6.832831568394016841e+00 -1.122131146152599790e+00 4.716918454415755524e-01 -1.122131146152599790e+00 1.879765663104825402e+00 4.483081414062605852e+00 4.716918454415755524e-01 4.483081414062605852e+00 1.457320805295651001e+00
8.136908198046444163e-01 -4.237235027479391292e+00 -5.444404791215516903e-01 -4.237235027479391292e+00 -3.978043154146587934e+00 8.261006171848727098e-01 -5.444404791215516903e-01 8.261006171848727098e-01 -2.321408202694247080e+00
-5.800050998105559241e-01 -4.538886062907406815e-01 1.905632140266167340e+00 -4.538886062907406815e-01 -3.061842306474727327e+00 3.035549767600025817e+00 1.905632140266167340e+00 3.035549767600025817e+00 -4.745849421135563517e+00
4.517513395616835070e-01 1.403513828165131372e+00 2.311868881905974060e+00 1.403513828165131372e+00 1.819613411123103486e+00 9.078813212119397624e-01 2.311868881905974060e+00 9.078813212119397624e-01 -7.913160486716348530e-01
-1.167661391892113087e+01 -3.124572407473624747e+00 2.521653179997853211e+00 -3.124572407473624747e+00 3.432835069784149873e+00 4.279330861664192298e+00 2.521653179997853211e+00 4.279330861664192298e+00 -1.096189767262846004e+00
3.079784582927537429e+00 -1.411741479488662909e+00 -1.285666155792116294e+00 -1.411741479488662909e+00 -5.924368339403546457e+00 2.873322915598504057e+00 -1.285666155792116294e+00 2.873322915598504057e+00 -6.100290679205212285e+00
-9.226308904518155884e+00 -2.603697043354357366e+00 1.402360861417826232e+00 -2.603697043354357366e+00 -3.961407214622545414e+00 -2.820895736231966655e+00 1.402360861417826232e+00 -2.820895736231966655e+00 1.261136363346268885e+00
-4.015638667007509710e+00 -2.049134311790117291e+00 2.634223930046364348e-01 -2.049134311790117291e+00 -5.960774087281160760e+00 -7.959502251093938385e-01 2.634223930046364348e-01 -7.959502251093938385e-01 4.840004122594325331e+00
-1.563363581910107936e+00 3.160664133000867793e+00 1.035611210624801659e+00 3.160664133000867793e+00 -2.821334565300735786e+00 1.139620919196668858e+00 1.035611210624801659e+00 1.139620919196668858e+00 7.794821874430141406e+00
4.393299142170396188e+00 5.413397841529644872e+00 8.014583788688851129e+00 5.413397841529644872e+00 5.147942315024451432e+00 2.717653541562414787e+00 8.014583788688851129e+00 2.717653541562414787e+00 -1.845134747164307143e+00
-1.031516378260680433e+01 -4.717477201559994171e+00 1.244561743279441357e+00 -4.717477201559994171e+00 -6.913871111716175299e+00 -1.864116060612954540e+00 1.244561743279441357e+00 -1.864116060612954540e+00 2.870417547011438586e+00
-4.264686111891847098e+00 3.346619173871306696e+00 -1.375926755848505767e+00 3.346619173871306696e+00 2.431246727632651705e+00 1.134682944015341866e+00 -1.375926755848505767e+00 1.134682944015341866e+00 -9.946523949135461784e-01
2.469733102297195226e-01 -1.280038653300176854e+00 -3.300190184731266907e+00 -1.280038653300176854e+00 -2.494614684941955041e+00 3.130686306389685036e+00 -3.300190184731266907e+00 3.130686306389685036e+00 -1.298793488835316801e+01
4.791333757215327616e+00 1.201320336989178728e+00 1.073101319926123232e+00 1.201320336989178728e+00 -1.325598549497902789e+00 -1.791726674902445193e+00 1.073101319926123232e+00 -1.791726674902445193e+00 -8.220923095969157740e-03
-7.090843523125776926e+00 -6.371852798181512068e-01 -7.316065583017526963e-01 -6.371852798181512068e-01 -8.185104991060663693e+00 4.672418820720129595e+00 -7.316065583017526963e-01 4.672418820720129595e+00 -4.549673394220099532e-01
1.968623841299934396e+00 4.947095272233791086e+00 -6.848921403213581449e+00 4.947095272233791086e+00 -4.750999333146428860e+00 1.168776193777236516e+00 -6.848921403213581449e+00 1.168776193777236516e+00 8.531658243827063615e+00
6.327879445849092122e+00 -4.141934377251356714e-01 6.683243227046931079e-01 -4.141934377251356714e-01 6.943201478410578886e+00 -1.670145726902679151e+00 6.683243227046931079e-01 -1.670145726902679151e+00 9.442888293428977065e+00
-1.968222892932938173e+00 -5.420865304043028132e+00 4.432114021670477300e+00 -5.420865304043028132e+00 -2.971424225590955093e+00 2.811001014900585737e+00 4.432114021670477300e+00 2.811001014900585737e+00 -7.262709742053848672e+00
-2.447142516849326821e+00 1.232527913311673329e+00 -2.745463518837573669e-01 1.232527913311673329e+00 3.980406216555057775e+00 -6.655555604012502791e+00 -2.745463518837573669e-01 -6.655555604012502791e+00 -2.392283005666392182e+00
-8.953342259287159877e+00 2.071791857829023975e-01 -4.820677012702206388e-01 2.071791857829023975e-01 -7.480073538701791591e+00 -1.166283529044564726e-01 -4.820677012702206388e-01 -1.166283529044564726e-01 5.249716855125723391e+00
7.413167847707315516e+00 5.630250506055590520e+00 -8.779768217331016089e+00 5.630250506055590520e+00 7.273814249766865636e+00 -3.429939470194729001e+00 -8.779768217331016089e+00 -3.429939470194729001e+00 1.716611151248464417e-01
3.654004381065478757e+00 1.067275970950100072e+00 1.712870654555277650e+00 1.067275970950100072e+00 2.621589083682828392e+00 -1.142802158012065972e+00 1.712870654555277650e+00 -1.142802158012065972e+00 4.044644800952996277e+00
4.187195823651039817e+00 -9.603432879124392807e-01 -3.496897101884990922e-02 -9.603432879124392807e-01 2.004933279274121904e+00 4.322873414871416520e-01 -3.496897101884990922e-02 4.322873414871416520e-01 -9.304799594908637062e-01
1.681976488361564215e+00 -2.088773525197107794e+00 -4.713136564786739591e-01 -2.088773525197107794e+00 3.441071968133284642e+00 5.188340027954101430e+00 -4.713136564786739591e-01 5.188340027954101430e+00 1.213540686928196166e+01
-7.185388219190737225e+00 -1.862778789466048579e+00 -7.911499192853133522e+00 -1.862778789466048579e+00 -1.590655797564127782e+00 -1.298011165788578003e+00 -7.911499192853133522e+00 -1.298011165788578003e+00 -1.517950116138024885e+00
-6.973265880055373067e+00 2.383853252723760807e+00 5.004452749457453248e-02 2.383853252723760807e+00 -6.642647014766520641e+00 3.586748083167897588e-02 5.004452749457453248e-02 3.586748083167897588e-02 -1.424234157812529489e+00
2.787641091467268240e+00 -2.119131588986122416e+00 9.382974953575672072e-02 -2.119131588986122416e+00 -2.061064717709810146e-01 -3.018346239228761441e+00 9.382974953575672072e-02 -3.018346239228761441e+00 -3.572341296716697645e+00
-3.532910122409255838e+00 2.377168138405888698e+00 2.124487896127162045e+00 2.377168138405888698e+00 -4.702304780502772452e+00 1.207757207756841256e+00 2.124487896127162045e+00 1.207757207756841256e+00 3.136535078517810327e-02
-6.292649957469687472e+00 2.068178756883217451e-01 -8.477552909717158691e-01 2.068178756883217451e-01 8.800077152783726264e-01 -9.821006333437484193e-01 -8.477552909717158691e-01 -9.821006333437484193e-01 -4.345354177487307012e+00
-6.566531826752443735e+00 -3.734430244472254579e+00 -1.102685972432134065e+00 -3.734430244472254579e+00 5.804580199239409488e+00 -1.676321784420004901e+00 -1.102685972432134065e+00 -1.676321784420004901e+00 -2.474444902563304183e+00
5.240205748246781425e+00 -3.088539341130825733e+00 -2.040493383306288155e+00 -3.088539341130825733e+00 1.019109558222841194e+01 1.819750060747280518e+00 -2.040493383306288155e+00 1.819750060747280518e+00 1.444849429623131876e+01
3.735998779837755190e+00 -3.911994522751963466e+00 1.889926868722308362e-01 -3.911994522751963466e+00 2.190296360973739365e+00 -2.894489462862228191e+00 1.889926868722308362e-01 -2.894489462862228191e+00 6.207986390249001118e+00
-7.744848524392510036e+00 -3.076647753002393237e+00 3.046295745459413506e+00 -3.076647753002393237e+00 -5.996591325702822495e+00 1.415952157519935750e-01 3.046295745459413506e+00 1.415952157519935750e-01 -3.877389354540047517e+00
3.684188510136324535e+00 -1.440031343013023157e+00 -3.263737267640278272e+00 -1.440031343013023157e+00 7.664488852684924858e+00 -2.951977746876122133e+00 -3.263737267640278272e+00 -2.951977746876122133e+00 -5.205076450200497584e-01
-1.707066509225438722e+01 1.308642534872230367e+00 1.744889257959355011e-01 1.308642534872230367e+00 -1.089189718396510465e+01 5.617801389271639412e-01 1.744889257959355011e-01 5.617801389271639412e-01 -5.004063482922445516e+00
-6.212396641930202357e+00 -1.576714011367211787e+00 -1.940240584791964873e-01 -1.576714011367211787e+00 -6.353562969494614521e+00 1.792996965958723043e+00 -1.940240584791964873e-01 1.792996965958723043e+00 -5.647126869906569091e+00
-3.655315990210591170e+00 2.484499089782774561e+00 2.559660336767188848e+00 2.484499089782774561e+00 -6.146540252935988491e+00 -2.119090091259607345e+00 2.559660336767188848e+00 -2.119090091259607345e+00 8.216494921351085168e-01
-8.209414005852871954e-01 6.037462082833073840e-01 -7.350949873747888441e-01 6.037462082833073840e-01 -3.585323518613040772e+00 1.728943840806008492e+00 -7.350949873747888441e-01 1.728943840806008492e+00 -1.348384469353763393e+01
2.005595844537359618e+00 9.582818355909686892e-01 1.575110610730922289e+00 9.582818355909686892e-01 1.602332471103976363e+00 -8.597701077172342776e-01 1.575110610730922289e+00 -8.597701077172342776e-01 6.765762778633065189e+00
-4.501359239382922706e-01 -4.556792219899282514e+00 1.494792990927700238e+00 -4.556792219899282514e+00 -7.576676151462159226e+00 5.416078434673179842e+00 1.494792990927700238e+00 5.416078434673179842e+00 -1.541338690536565359e+00
1.204704177276599886e+01 5.905199193926871537e+00 -4.609082438037181984e-01 5.905199193926871537e+00 8.585667239566028286e+00 -1.369145054617458834e-01 -4.609082438037181984e-01 -1.369145054617458834e-01 1.131364747133349802e+01
1.518583296100952662e+00 -1.811995505320949995e+00 -4.671654567236117828e+00 -1.811995505320949995e+00 -1.980689921631116068e-01 -1.648296916445779026e+00 -4.671654567236117828e+00 -1.648296916445779026e+00 2.919230968584388908e+00
-7.398598704797070269e+00 -8.768252767631179445e-01 2.048988296594971725e+00 -8.768252767631179445e-01 -5.107785830177800968e+00 -1.292954633743979898e+00 2.048988296594971725e+00 -1.292954633743979898e+00 -3.308919565036256394e+00
-2.010847736532114016e+00 -9.130697860708738567e-01 -4.423865020370651102e+00 -9.130697860708738567e-01 -2.462200110362550376e+00 3.628225289624198879e+00 -4.423865020370651102e+00 3.628225289624198879e+00 3.718406423664765370e+00
-8.371131876922520698e-01 5.941885710557365252e-01 -1.520704949371349590e+00 5.941885710557365252e-01 8.318829041174580219e-02 3.884659217315620250e+00 -1.520704949371349590e+00 3.884659217315620250e+00 -4.807363160013461645e+00
-4.434072383271033146e+00 -1.696869430484411856e+00 6.916299078596932493e-01 -1.696869430484411856e+00 2.580864058390022642e+00 -5.666727618266613753e+00 6.916299078596932493e-01 -5.666727618266613753e+00 3.139902298350569776e+00
8.414453186758432679e-01 -2.828117065739713887e+00 2.020088144359477145e+00 -2.828117065739713887e+00 -1.544726230045555759e+00 3.576956431066366515e-01 2.020088144359477145e+00 3.576956431066366515e-01 -5.897578298816340769e+00
-2.218285421198444407e+00 2.500827013788486486e+00 1.606019550064037738e+00 2.500827013788486486e+00 -1.663906943511318959e+00 1.234906950507108858e+00 1.606019550064037738e+00 1.234906950507108858e+00 8.262619748738929459e+00
2.398510219925181097e+00 5.093963438470049399e-01 -1.538038434288438339e+00 5.093963438470049399e-01 3.596485064618369254e+00 7.819436128546539688e-01 -1.538038434288438339e+00 7.819436128546539688e-01 4.229038214748945812e-01
1.868128105133362249e+00 1.887617678118205244e+00 1.966293695410475051e+00 1.887617678118205244e+00 1.018709768979744723e+01 1.900625525235652091e+00 1.966293695410475051e+00 1.900625525235652091e+00 7.461591156400711355e+00
-4.542064841543980158e+00 9.603385102230562964e+00 -3.875871505913237147e+00 9.603385102230562964e+00 4.514974161809758968e+00 6.835277185709345837e-02 -3.875871505913237147e+00 6.835277185709345837e-02 -6.847929067915505819e-01
-4.733949630085644067e+00 7.546571405679744160e+00 1.225553874642012708e+00 7.546571405679744160e+00 -7.936636619812970750e+00 -4.484647048320782314e-01 1.225553874642012708e+00 -4.484647048320782314e-01 -7.699477086873306675e+00
-8.457945272177269658e-01 3.496097434262065207e+00 1.206791623629747567e+00 3.496097434262065207e+00 -9.830083600501019703e+00 -8.155754873641711811e-01 1.206791623629747567e+00 -8.155754873641711811e-01 -7.478323568465224724e+00
4.877038557687786380e+00 -5.057899872722180667e+00 1.188933944223794947e+00 -5.057899872722180667e+00 7.943771526317632947e+00 2.040579310767300036e+00 1.188933944223794947e+00 2.040579310767300036e+00 1.176318897266656016e+01
-6.163030868348417179e+00 -2.143881206341974877e-01 2.113552441910921953e+00 -2.143881206341974877e-01 -1.582398969440965475e+00 -3.443726862665189792e+00 2.113552441910921953e+00 -3.443726862665189792e+00 -2.256605990643525850e+00
5.117023425126439484e+00 -1.978458025733190295e+00 -9.047993739437097671e-02 -1.978458025733190295e+00 4.458510468571693863e+00 -7.438704700852626361e-01 -9.047993739437097671e-02 -7.438704700852626361e-01 1.969512897493326031e+00
-1.644755903376686490e+01 -3.780297462890420124e-01 -2.693452861459071368e+00 -3.780297462890420124e-01 -1.259029631921915104e+01 -2.770934712603104977e+00 -2.693452861459071368e+00 -2.770934712603104977e+00 -4.009603060067178149e+00
-5.002803782957714773e+00 -1.707434637905979047e+00 6.052758038282100017e-01 -1.707434637905979047e+00 1.407544345399946439e-01 4.027878472685381683e-01 6.052758038282100017e-01 4.027878472685381683e-01 4.143420041562849043e+00
-1.117215862060627840e+00 -9.784458918257288307e-01 2.354106372396224944e-01 -9.784458918257288307e-01 -8.197219081172946176e+00 1.914714642453950177e-01 2.354106372396224944e-01 1.914714642453950177e-01 2.443387965426411235e+00
-4.394965252965246094e+00 -2.587570464330310571e+00 -1.046638416156913776e+00 -2.587570464330310571e+00 -2.916132033139233304e+00 2.193132766179636928e+00 -1.046638416156913776e+00 2.193132766179636928e+00 4.085743465247479556e+00
-5.620618821326817560e+00 -2.569828551519219850e+00 -3.948273087131714654e+00 -2.569828551519219850e+00 -6.141211317429042360e+00 -6.076259071331675532e-01 -3.948273087131714654e+00 -6.076259071331675532e-01 4.654261285429085682e+00
5.376182361055099612e+00 -1.872811426216085762e+00 -1.360091265004165884e+00 -1.872811426216085762e+00 1.022278750940554026e+01 -4.196034874765537381e+00 -1.360091265004165884e+00 -4.196034874765537381e+00 -1.463415897639325502e-01
-5.231728230561667026e+00 -4.141280061903434562e-01 6.961990447281724004e-01 -4.141280061903434562e-01 -5.043747493209400634e-01 -2.878594369686074961e-01 6.961990447281724004e-01 -2.878594369686074961e-01 5.487540080467970149e+00
1.330061486709192831e-01 -9.854389340482979653e-01 -1.344975294963629997e+00 -9.854389340482979653e-01 2.957090476524538936e+00 7.890491002960203781e-01 -1.344975294963629997e+00 7.890491002960203781e-01 4.745134273669662228e+00
2.376502556030251956e+00 2.216597590779712412e+00 -2.564550678690359575e+00 2.216597590779712412e+00 1.850998612139424182e+00 -1.350543971054164460e+00 -2.564550678690359575e+00 -1.350543971054164460e+00 -3.374092314202126186e+00
-2.807262249703384782e+00 2.218801969786314832e+00 -4.338700073249218470e+00 2.218801969786314832e+00 -2.271829669971088705e+00 3.214514370610895178e+00 -4.338700073249218470e+00 3.214514370610895178e+00 4.495055110169562163e+00
2.716172551743800123e-01 4.070283656314912513e-01 -1.861131439675080657e+00 4.070283656314912513e-01 3.587559276445667855e+00 -4.241361900094688053e+00 -1.861131439675080657e+00 -4.241361900094688053e+00 7.123448619873388843e+00
-1.805738716414606149e+00 1.999304180230213612e+00 -2.405195820452541433e+00 1.999304180230213612e+00 -1.293741961006367625e+01 3.346411914159920231e-01 -2.405195820452541433e+00 3.346411914159920231e-01 -2.845895426568166187e+00
-3.800032224282558602e+00 -1.639256671621288630e+00 -1.595464690326821311e-01 -1.639256671621288630e+00 -3.836884126721527455e+00 -4.011775788205511617e+00 -1.595464690326821311e-01 -4.011775788205511617e+00 -5.464763757130967292e+00
-3.503345482634071306e+00 1.584038240288381250e+00 2.317682238911725978e+00 1.584038240288381250e+00 -4.381460450138707330e+00 -1.243354974971198956e+00 2.317682238911725978e+00 -1.243354974971198956e+00 -2.116599370924066470e+00
-3.665307050836131619e+00 -2.731845411810077007e+00 1.264623351024162012e+00 -2.731845411810077007e+00 4.660042029434165123e+00 -4.197375139132582533e-01 1.264623351024162012e+00 -4.197375139132582533e-01 2.067332822507983447e+00
4.005406959557872071e+00 1.492613437727196013e+00 -2.383674057235838917e-01 1.492613437727196013e+00 2.965006994488514014e+00 7.349585946585912577e-02 -2.383674057235838917e-01 7.349585946585912577e-02 -3.684410669482718337e-01
-1.127084797260328131e+01 -2.925693260768774451e+00 -7.552402335975788583e-02 -2.925693260768774451e+00 -2.872229137520715958e-01 -2.442453737286320037e-01 -7.552402335975788583e-02 -2.442453737286320037e-01 -9.945453319613902110e+00
3.139534295971121991e-01 1.798060123412166034e+00 -1.530380749107732585e+00 1.798060123412166034e+00 9.998089980670151533e+00 7.437828969939611623e-01 -1.530380749107732585e+00 7.437828969939611623e-01 2.924207219205733121e+00
-7.568767939747548468e+00 -2.390033061774684331e+00 -1.962635523693384121e+00 -2.390033061774684331e+00 2.355214200694171200e+00 -1.364966094930619045e+00 -1.962635523693384121e+00 -1.364966094930619045e+00 -8.418489215417256366e-01
-8.455392338454005952e+00 4.851682971827218083e-01 -1.299296221226392767e+00 4.851682971827218083e-01 -6.434611917460072661e+00 -2.587613278640084058e+00 -1.299296221226392767e+00 -2.587613278640084058e+00 4.735947531068738670e+00
1.822128331973708493e+00 -7.530938281283128255e+00 -5.794467217238412626e-01 -7.530938281283128255e+00 -1.578367098141814528e+00 2.616750035001798036e+00 -5.794467217238412626e-01 2.616750035001798036e+00 5.832601954707985037e+00
6.261271453975344459e-01 8.717881961536453339e-01 -9.451258470694249292e-01 8.717881961536453339e-01 -1.415419751876351206e+01 -2.362235392334610662e+00 -9.451258470694249292e-01 -2.362235392334610662e+00 -4.471820414823095113e+00
8.745765325684171643e+00 5.329577005518457145e-02 -8.591250420606902916e-01 5.329577005518457145e-02 5.822433764455865912e+00 1.953779346350603130e-01 -8.591250420606902916e-01 1.953779346350603130e-01 7.182414339735468722e+00
-5.970906130863824934e+00 -3.990584210947460964e+00 -4.205156870603053321e+00 -3.990584210947460964e+00 2.531174277981321774e-01 -1.471498418856672208e+00 -4.205156870603053321e+00 -1.471498418856672208e+00 -1.979890479005792514e+00
4.254414199741874292e+00 6.202623189720831043e+00 7.659899734560280393e-01 6.202623189720831043e+00 7.242294351691205279e+00 -3.880681069905770553e+00 7.659899734560280393e-01 -3.880681069905770553e+00 3.287290932467974436e-01
2.523537613024356308e+00 5.752954170745129936e+00 -2.159814503074165337e+00 5.752954170745129936e+00 1.147547951223837082e+01 -3.546344005731497884e+00 -2.159814503074165337e+00 -3.546344005731497884e+00 5.192637692259419069e+00
7.395284632286160509e+00 2.062429453557988790e+00 -4.718663656604181966e+00 2.062429453557988790e+00 2.108225412828115708e+00 1.342252997123133396e+00 -4.718663656604181966e+00 1.342252997123133396e+00 2.608301289469512785e+00
-1.907429547886752674e+00 3.648045482326225386e+00 1.767716518109527124e+00 3.648045482326225386e+00 -3.393406052069762868e+00 -2.282161603140638206e+00 1.767716518109527124e+00 -2.282161603140638206e+00 4.147072239440693586e+00
3.238135102174537899e-02 1.156989818447175189e+00 -3.130953534405049865e-01 1.156989818447175189e+00 6.103583463923155428e+00 -1.143689915877238894e+00 -3.130953534405049865e-01 -1.143689915877238894e+00 -5.042235591898022840e+00
1.212462644872501549e+01 -5.251170002584441138e-02 -1.301741089843870158e+00 -5.251170002584441138e-02 3.282307894299085760e+00 -4.086432186978615100e+00 -1.301741089843870158e+00 -4.086432186978615100e+00 -1.921864447850495150e+00
-7.061778552445592272e-01 -2.937209046097317700e+00 1.589641447461083379e+00 -2.937209046097317700e+00 1.686660283865990539e+00 8.685711212566754602e-01 1.589641447461083379e+00 8.685711212566754602e-01 -3.661152329297916452e+00
6.759339058714665782e+00 -6.489637633019133212e+00 -4.097097670737013253e+00 -6.489637633019133212e+00 6.579450192813775189e+00 -1.794064877783464462e+00 -4.097097670737013253e+00 -1.794064877783464462e+00 3.707370851182999250e+00
-3.605332842401345328e+00 5.289185834353952842e+00 3.701651009135053183e+00 5.289185834353952842e+00 -7.934010011239019944e-01 6.224730464887673342e-01 3.701651009135053183e+00 6.224730464887673342e-01 6.409437894077665288e-01
-6.937035074433834936e+00 -1.082013309669972445e+00 4.184610379248557166e+00 -1.082013309669972445e+00 1.138023232619869418e+01 -4.212034331525753572e+00 4.184610379248557166e+00 -4.212034331525753572e+00 -2.956664738841346285e+00
-6.869202462987082924e+00 2.001052154107224368e+00 -2.361720873641750817e-01 2.001052154107224368e+00 -9.085337370196228335e+00 6.353517651167301938e-01 -2.361720873641750817e-01 6.353517651167301938e-01 -6.767692256616818725e+00
-5.831855180467357513e+00 -5.030417249096112542e+00 -1.317079586424148241e+00 -5.030417249096112542e+00 2.301080981048126528e+00 -4.215737352924592507e+00 -1.317079586424148241e+00 -4.215737352924592507e+00 -3.352526299308954183e+00
-4.025080485850240919e+00 1.075827329430300017e+00 1.990821206720585490e+00 1.075827329430300017e+00 -1.019598392962232758e+01 -1.360130849779127127e+00 1.990821206720585490e+00 -1.360130849779127127e+00 -8.469832850090103449e+00
6.778324900634332018e+00 3.116476889601195732e-01 -8.746532613448211313e-01 3.116476889601195732e-01 1.308924522517622924e+00 -6.978654236937416933e+00 -8.746532613448211313e-01 -6.978654236937416933e+00 1.055314052952152615e+01
8.624354968796614784e+00 -8.764812201195202324e-01 -1.169206912214294958e+00 -8.764812201195202324e-01 9.120568459203858280e-01 6.094623168489324838e-01 -1.169206912214294958e+00 6.094623168489324838e-01 -3.922365894551506305e+00
-1.161750177752676016e+01 1.181502830044927732e+00 -6.604837859415849666e-01 1.181502830044927732e+00 -1.573348253653147388e+01 -1.667906284175961318e+00 -6.604837859415849666e-01 -1.667906284175961318e+00 3.534112357349387112e-01
