3.596813961480539668e+00 5.434679265504780421e-01 -1.646398610865372092e+00 5.434679265504780421e-01 5.971675693691301134e+00 -4.140724432768161933e-01 -1.646398610865372092e+00 -4.140724432768161933e-01 1.080947130813883383e+00
-5.197541742599715020e-01 5.088267021235004961e+00 7.101956569679180875e-01 5.088267021235004961e+00 -7.540051808194514482e-01 -2.493739653615519192e+00 7.101956569679180875e-01 -2.493739653615519192e+00 -1.485070232832140125e+00
-1.074746576533981840e-01 5.113478118156444374e+00 -1.242146567947846725e+00 5.113478118156444374e+00 7.800280944487406387e+00 -4.398971742864811851e+00 -1.242146567947846725e+00 -4.398971742864811851e+00 2.333600757803000469e+00
2.958919108650713614e+00 -5.882262234295373426e-01 2.460541308884951484e-01 -5.882262234295373426e-01 -2.744543528834285873e+00 -7.071455638498356545e-03 2.460541308884951484e-01 -7.071455638498356545e-03 -7.134319252858044580e-01
-1.622271080375308872e+00 4.284166718127211837e+00 -8.943129125516140476e-01 4.284166718127211837e+00 8.271564205433527661e+00 6.859975235064972310e-01 -8.943129125516140476e-01 6.859975235064972310e-01 4.354578236179528439e+00
-2.699183366767652359e+00 -1.366982104551358601e+00 4.993775550325419310e+00 -1.366982104551358601e+00 -6.184128767957830952e+00 -6.669846661750851446e-02 4.993775550325419310e+00 -6.669846661750851446e-02 -4.726038273298875936e+00
-4.303120530499649377e+00 6.959031914244458328e+00 -7.498132323699062685e-01 6.959031914244458328e+00 5.598232939070863168e+00 1.944580276324325840e-01 -7.498132323699062685e-01 1.944580276324325840e-01 -3.202647135451282878e+00
3.364668907590699476e+00 -1.374174575621327055e+00 -5.492037373742604256e-01 -1.374174575621327055e+00 -7.254044578233542762e-01 -5.142061241695997653e-01 -5.492037373742604256e-01 -5.142061241695997653e-01 9.198559661108833552e-02
8.925997500912544069e+00 5.357785999620920059e+00 4.779997349920169225e-01 5.357785999620920059e+00 8.391783745210059209e+00 4.041210300433012215e+00 4.779997349920169225e-01 4.041210300433012215e+00 8.124113304566021654e+00
-9.344062679511698777e-01 3.622040241968789154e+00 5.687659801690368999e-01 3.622040241968789154e+00 -2.473321898018332909e+00 -9.325106673808708502e-01 5.687659801690368999e-01 -9.325106673808708502e-01 1.013773425656259874e+01
1.646461494185327945e+00 -1.301471000464029082e+00 5.600909391366144519e-01 -1.301471000464029082e+00 1.771661475648564021e+00 2.798267501049675587e+00 5.600909391366144519e-01 2.798267501049675587e+00 -3.106171516695935164e+00
-6.272290022278180999e+00 2.226786190261758946e+00 4.016141138401039257e-01 2.226786190261758946e+00 -5.780886996835086222e+00 3.468106055889447425e+00 4.016141138401039257e-01 3.468106055889447425e+00 -1.005352961175616011e+00
1.201598873899102138e+01 8.762446052547437247e+00 4.150306319522996668e-01 8.762446052547437247e+00 -4.487436790294629940e-01 -7.205058280097789591e+00 4.150306319522996668e-01 -7.205058280097789591e+00 4.253793292971489670e+00
-1.781417371003747085e+00 -2.522515786295610685e+00 4.119798633293964008e-02 -2.522515786295610685e+00 5.966254843414433573e+00 -2.745382001518380299e+00 4.119798633293964008e-02 -2.745382001518380299e+00 4.697927679833180825e+00
7.486320346002611537e+00 -1.400937986466083585e+00 4.988751993346401292e+00 -1.400937986466083585e+00 -5.775708670799101219e-01 -2.261643240977373459e+00 4.988751993346401292e+00 -2.261643240977373459e+00 4.108080113475090833e+00
3.879021755891880918e+00 3.944838265803299215e+00 -2.463782244846108416e+00 3.944838265803299215e+00 -1.695425242316643377e+00 8.761413940476658890e-01 -2.463782244846108416e+00 8.761413940476658890e-01 -7.780222819992504313e+00
2.420282800883195140e+00 -1.475544157866819583e+00 2.542832823322160873e+00 -1.475544157866819583e+00 -1.840088266351919577e+00 1.495319712263760259e+00 2.542832823322160873e+00 1.495319712263760259e+00 1.663476038466851215e+00
-1.001272001632286646e+01 -6.812339722498923500e-01 -1.121353314545355140e+00 -6.812339722498923500e-01 -3.847411160990402035e+00 2.796860663936277192e+00 -1.121353314545355140e+00 2.796860663936277192e+00 -2.011497090903454854e+00
1.062939760875788053e+01 -2.587727086038688284e+00 3.700278969638846061e+00 -2.587727086038688284e+00 8.772222798028206370e+00 -1.886242395524998727e+00 3.700278969638846061e+00 -1.886242395524998727e+00 9.763765815725603758e+00
-5.670028269325819714e+00 -2.575199570540465555e+00 -1.960981353019396467e+00 -2.575199570540465555e+00 -7.997983282968919028e+00 7.519910030765869280e+00 -1.960981353019396467e+00 7.519910030765869280e+00 -5.922357613540105703e+00
1.507378757990717411e+00 5.992447199986594697e+00 -6.864972506359618087e+00 5.992447199986594697e+00 5.760784388305546067e+00 -1.938643157090884417e+00 -6.864972506359618087e+00 -1.938643157090884417e+00 6.009154455985517007e-01
8.364423749311507450e+00 2.439091434582282503e+00 2.060245142685632747e+00 2.439091434582282503e+00 -3.527516944050035796e+00 -1.231736693707678354e+00 2.060245142685632747e+00 -1.231736693707678354e+00 1.270648909692486228e+01
3.632096663737284459e+00 -2.152826799908559852e-01 -2.740961184479913548e+00 -2.152826799908559852e-01 -1.210131283203018882e+00 -1.709989434657894991e+00 -2.740961184479913548e+00 -1.709989434657894991e+00 -1.663897192093193311e+01
-5.324620026690752184e+00 3.291028810429637019e+00 1.220650643996098322e-02 3.291028810429637019e+00 -4.140118501047876265e+00 1.379606306238751356e+00 1.220650643996098322e-02 1.379606306238751356e+00 7.913579380828003051e-01
6.395722559021817410e+00 -1.291302874228001274e+00 5.033246470427973129e+00 -1.291302874228001274e+00 8.956488762631973799e+00 -2.701765013915694791e+00 5.033246470427973129e+00 -2.701765013915694791e+00 1.227382420336546964e+01
-3.894142512176144710e-01 5.526328246159645907e+00 1.064086392314421037e+00 5.526328246159645907e+00 -3.137193280701678688e+00 1.073771843895191092e+00 1.064086392314421037e+00 1.073771843895191092e+00 1.899589560914819675e+00
6.711982921828162363e-01 4.257735871916896286e+00 4.229661387987730947e+00 4.257735871916896286e+00 -1.392676916709171708e+00 1.897409248025529793e+00 4.229661387987730947e+00 1.897409248025529793e+00 1.867212855427299978e+00
-2.513520670397510481e-01 4.683266783314941617e-01 -3.538243585895994303e-01 4.683266783314941617e-01 -5.303785508862966402e+00 -2.387196454439210580e+00 -3.538243585895994303e-01 -2.387196454439210580e+00 5.621644662061812125e-01
5.740657393302506933e-02 2.543601756915884859e+00 4.465767601946130760e+00 2.543601756915884859e+00 -1.333815166315874379e+00 2.398125247785644731e+00 4.465767601946130760e+00 2.398125247785644731e+00 1.272960503565992552e+00
-4.640091286060635589e+00 -1.639013249449867038e+00 -3.239167058483715111e-01 -1.639013249449867038e+00 -1.835259133975512658e+00 3.569015468039968969e-02 -3.239167058483715111e-01 3.569015468039968969e-02 -2.486525938552510251e+00
5.091680185541103576e+00 -3.096206020191453856e+00 3.508935743373684080e+00 -3.096206020191453856e+00 1.023713947563092752e+01 2.223105835633623073e+00 3.508935743373684080e+00 2.223105835633623073e+00 3.299922615154973649e+00
1.777165452066080897e+00 -1.337939141849631142e+00 4.603812198776388032e-01 -1.337939141849631142e+00 -2.959562443721800662e+00 4.744009093130923560e+00 4.603812198776388032e-01 4.744009093130923560e+00 -3.186344958865453325e+00
-7.679785494388211120e+00 6.661855814973816070e-01 -4.100180870673689526e+00 6.661855814973816070e-01 -2.692045921052946156e+00 4.795035226987661048e+00 -4.100180870673689526e+00 4.795035226987661048e+00 -3.055434633297006819e+00
-6.662669820973997403e+00 -5.364031596560236981e-01 5.070668827467747164e+00 -5.364031596560236981e-01 -6.066023865941733817e+00 3.705586728631955068e-02 5.070668827467747164e+00 3.705586728631955068e-02 3.265513108408524268e+00
-7.624004100948701179e+00 2.252876427583596630e+00 1.342053243504275795e+00 2.252876427583596630e+00 1.014850025539753986e+01 -3.044924158791071367e+00 1.342053243504275795e+00 -3.044924158791071367e+00 2.797343429342878718e+00
4.350175256295743531e-01 3.894261061866950868e+00 -1.569661725352924364e+00 3.894261061866950868e+00 -1.802663860185555578e+00 1.773382857538545077e+00 -1.569661725352924364e+00 1.773382857538545077e+00 -1.333063096294512029e+01
1.350251459544119736e+00 1.392219189447784666e+00 2.355505701933723994e+00 1.392219189447784666e+00 1.699966515446218684e+00 -2.639808073850216541e+00 2.355505701933723994e+00 -2.639808073850216541e+00 2.368367071258346890e+00
4.674075212797123235e+00 1.357198340948014170e+00 -2.666568075512028901e+00 1.357198340948014170e+00 8.503137289608901916e-01 -2.592914487072752294e+00 -2.666568075512028901e+00 -2.592914487072752294e+00 5.232511173211536359e+00
2.442759798093774026e-01 7.308230229652613374e+00 -9.022430738847954101e-01 7.308230229652613374e+00 -8.612946943925839705e+00 7.471794368986673929e-01 -9.022430738847954101e-01 7.471794368986673929e-01 -2.917788231249909714e+00
1.684916552871019713e+00 -1.769464483636260521e+00 1.107691949382309388e-01 -1.769464483636260521e+00 -1.393996803275617591e+00 -1.280092520762833308e+00 1.107691949382309388e-01 -1.280092520762833308e+00 -3.734205149668116674e-01
1.562700075110819764e+00 -3.220583675220739517e-01 4.885473332939534785e+00 -3.220583675220739517e-01 -2.755013954331598569e+00 1.613064173289955106e+00 4.885473332939534785e+00 1.613064173289955106e+00 -7.656981610015953343e+00
4.455377522148408431e+00 -3.606961932125843706e+00 2.244349953542513543e+00 -3.606961932125843706e+00 4.098102460509722711e+00 -3.289369492713952958e+00 2.244349953542513543e+00 -3.289369492713952958e+00 -6.325744271013379327e-01
-8.917276881835264346e-01 3.312151187945918451e+00 -2.468694623530064414e-01 3.312151187945918451e+00 1.240783974277942958e+00 5.442924874627318665e+00 -2.468694623530064414e-01 5.442924874627318665e+00 -1.011178917350844531e+00
-6.794994707728185368e+00 4.345563190358477712e+00 4.725093277734936925e-01 4.345563190358477712e+00 -8.857102819606758715e+00 -7.167600261420590257e-01 4.725093277734936925e-01 -7.167600261420590257e-01 -5.203046987940315837e+00
4.744804259234320476e+00 6.842366870678256774e+00 -3.139292941279372862e+00 6.842366870678256774e+00 1.167610002255946000e+01 -2.887075962503631299e-01 -3.139292941279372862e+00 -2.887075962503631299e-01 3.142251127487258433e+00
6.987375655190933621e+00 8.174895713895120153e+00 -2.954781948117355839e+00 8.174895713895120153e+00 3.446781360537503502e+00 -3.232292324387507687e+00 -2.954781948117355839e+00 -3.232292324387507687e+00 -1.519604523644326743e+00
-1.397796210677486428e+01 3.013088283158661174e+00 -2.222833300664498746e-01 3.013088283158661174e+00 -7.854997861452470254e+00 -3.709270636790904963e+00 -2.222833300664498746e-01 -3.709270636790904963e+00 -9.010016673644427598e+00
-3.375042623477576331e+00 3.847183539187126744e-01 -3.107721538171220210e+00 3.847183539187126744e-01 -1.769632775340449049e+00 -2.433048649739967539e-02 -3.107721538171220210e+00 -2.433048649739967539e-02 1.630714559746150982e+00
-6.046929897585393121e+00 1.216205489406996243e+00 -5.208467682342774907e+00 1.216205489406996243e+00 -6.899487751901784982e+00 4.761844380338311034e+00 -5.208467682342774907e+00 4.761844380338311034e+00 -4.940104582089609231e+00
1.594004686377510138e+00 -7.857286939620510280e-01 2.510703352169704750e-01 -7.857286939620510280e-01 -3.622180054561023876e+00 -1.363555620616445641e+00 2.510703352169704750e-01 -1.363555620616445641e+00 -6.931371283326074995e+00
-8.008038220797034867e+00 2.793307000683963981e+00 9.376956450476767180e-02 2.793307000683963981e+00 -6.179004692777921193e+00 -1.109410826489959145e+00 9.376956450476767180e-02 -1.109410826489959145e+00 -3.462655980093886310e+00
3.343867066651470932e+00 -2.568352336519921675e+00 7.858745394244595950e+00 -2.568352336519921675e+00 -4.461099558844564328e+00 -5.788038834429216628e+00 7.858745394244595950e+00 -5.788038834429216628e+00 9.753245610882173011e+00
2.193486228562434359e+00 -1.159260611592761656e-02 -2.948311474605542326e+00 -1.159260611592761656e-02 -1.266455411160582800e+00 -5.639121145663088974e+00 -2.948311474605542326e+00 -5.639121145663088974e+00 2.772732461268281767e+00
-1.150691306704359285e+01 6.336470476326767631e+00 -3.591650674311563929e+00 6.336470476326767631e+00 -5.314609803635206298e+00 1.375106865738996209e+00 -3.591650674311563929e+00 1.375106865738996209e+00 -4.092298832618903148e+00
-5.135729934307921241e+00 3.595967620723286018e+00 -2.616761265549625293e-01 3.595967620723286018e+00 -2.338760201425062746e-01 -8.532995947173328544e-01 -2.616761265549625293e-01 -8.532995947173328544e-01 2.214526399794772560e-01
-5.528158115889142188e+00 1.741103824332360439e+00 1.146050904913628710e+00 1.741103824332360439e+00 -3.808560966471917553e+00 4.388694212058829258e+00 1.146050904913628710e+00 4.388694212058829258e+00 -3.810359008287063087e+00
