-3.892577530798845276e-01 -9.220749072969306459e-01 7.329439648340048130e-01 -9.220749072969306459e-01 -3.081416156481581403e+00 7.804553622417876868e-01 7.329439648340048130e-01 7.804553622417876868e-01 -1.852391690175494876e+00
-2.527845627853720245e+00 6.647668331554227317e-01 3.250995040509049083e+00 6.647668331554227317e-01 1.172532260412754157e-01 8.726443474557059599e-01 3.250995040509049083e+00 8.726443474557059599e-01 -1.734853821564914744e+00
1.000689328095038633e+01 2.595827092436990835e+00 2.888884478169282954e-01 2.595827092436990835e+00 2.678668942073352710e+00 -8.526130749421286126e+00 2.888884478169282954e-01 -8.526130749421286126e+00 1.374616740050693942e+01
-1.592394171067940789e+00 -2.332691210764359813e+00 1.342603504585911933e+00 -2.332691210764359813e+00 -4.655294393416868459e+00 1.442225448159815349e+00 1.342603504585911933e+00 1.442225448159815349e+00 -4.278347651664531764e-02
3.345339503906255008e+00 -2.547240724393210254e+00 1.327917382401818946e-01 -2.547240724393210254e+00 3.661600199244818388e+00 1.567954810980474623e+00 1.327917382401818946e-01 1.567954810980474623e+00 3.040363461477581630e+00
-2.341970711230580537e+00 1.184961891758585795e+00 -1.198910707679462950e+00 1.184961891758585795e+00 -3.215811914655388293e+00 3.176493551177303587e+00 -1.198910707679462950e+00 3.176493551177303587e+00 -1.825121620197315497e+00
1.290854167121841911e+01 -3.054990785238504092e+00 6.127721422008193919e+00 -3.054990785238504092e+00 9.768076125284363087e+00 -4.518492708817247738e-01 6.127721422008193919e+00 -4.518492708817247738e-01 1.279920563301612013e+01
-5.422747077118088121e+00 1.432874495930571479e+00 -3.873543530270654678e+00 1.432874495930571479e+00 -3.875295405279573391e+00 -2.187670981104116397e+00 -3.873543530270654678e+00 -2.187670981104116397e+00 1.524358773993685245e+00
-2.523092945983854030e+00 1.442990219974301935e-01 -1.059521548257374324e+00 1.442990219974301935e-01 -5.212192007319797149e+00 -1.509615051929788843e+00 -1.059521548257374324e+00 -1.509615051929788843e+00 -1.477606879802124129e-01
-7.358151787981531688e-01 4.347677133272297212e+00 1.169013317676847574e+00 4.347677133272297212e+00 2.091987022711839561e+00 -1.869623294307718231e+00 1.169013317676847574e+00 -1.869623294307718231e+00 3.043321086286724597e+00
5.474566034476970877e+00 2.316334794563359001e+00 -1.923149895975170498e+00 2.316334794563359001e+00 3.649205293396085015e+00 -2.036040692615116221e+00 -1.923149895975170498e+00 -2.036040692615116221e+00 1.472038553749532186e+00
8.372112345920574850e-01 3.028419022115028003e+00 1.209706626387559547e+00 3.028419022115028003e+00 -6.958142914909692500e+00 1.060313299542475107e+00 1.209706626387559547e+00 1.060313299542475107e+00 -3.695981819347677000e+00
-1.915851945748177743e+00 1.595877306811378959e+00 -2.042897674874563752e+00 1.595877306811378959e+00 -3.117546666537449163e+00 1.498624447558757122e+00 -2.042897674874563752e+00 1.498624447558757122e+00 -1.013614742561534499e+01
-1.149033197997773037e+01 5.777784596841775588e+00 1.693048735128610982e+00 5.777784596841775588e+00 -7.753501747539065292e+00 -1.078910205002375777e-01 1.693048735128610982e+00 -1.078910205002375777e-01 -1.077272262921369617e+01
6.050223892904960543e+00 3.283019548421646672e+00 -3.167300479643375688e+00 3.283019548421646672e+00 -1.032945397294599443e+00 -6.511318569451808314e-01 -3.167300479643375688e+00 -6.511318569451808314e-01 3.618978135197271073e-01
3.397245202314590262e+00 1.773742722250996495e+00 1.349650627268589753e+00 1.773742722250996495e+00 1.466754846734036022e+01 -9.834168771296605271e-01 1.349650627268589753e+00 -9.834168771296605271e-01 9.566235535880182050e-01
3.243137871642380432e+00 -5.436117566091678288e-01 5.505170524198425008e-01 -5.436117566091678288e-01 1.611235689157433648e-01 1.709688018269285292e+00 5.505170524198425008e-01 1.709688018269285292e+00 2.506622379274922263e+00
4.581425846821391090e+00 6.508965154099676020e+00 2.422233572570108517e+00 6.508965154099676020e+00 9.180187827987072779e+00 1.249909597918502230e-01 2.422233572570108517e+00 1.249909597918502230e-01 -7.964415904306004101e+00
-6.236078493748546947e+00 -5.732319651237770763e+00 3.119842986975335464e+00 -5.732319651237770763e+00 -8.523433805633294114e+00 2.512128216528219937e+00 3.119842986975335464e+00 2.512128216528219937e+00 -1.561243489338135282e+00
2.274918272724726354e+00 2.163009966323144795e+00 3.699678295506675152e+00 2.163009966323144795e+00 -9.302345737976425610e+00 4.483552146798861493e+00 3.699678295506675152e+00 4.483552146798861493e+00 1.123265121261096899e+00
4.776540850480685663e+00 -7.387573917645772203e-01 6.163747151020529946e-01 -7.387573917645772203e-01 7.001890238953377477e+00 1.168662862697716021e+00 6.163747151020529946e-01 1.168662862697716021e+00 3.251754495935563760e+00
4.041321734941612398e+00 6.878675959222732006e-01 -1.831964916156630707e+00 6.878675959222732006e-01 9.008565847492885581e+00 4.856919393871097945e+00 -1.831964916156630707e+00 4.856919393871097945e+00 -6.699369457212690726e+00
1.399756483655486328e+00 1.464418020951979038e+00 2.666586956961328525e+00 1.464418020951979038e+00 -2.960784197905479864e+00 9.776709655435680268e-01 2.666586956961328525e+00 9.776709655435680268e-01 2.024562935757099336e+00
-5.927756323609631117e+00 1.998668212864280092e+00 -8.793524952154405661e-01 1.998668212864280092e+00 -3.845584047192091237e+00 -9.959382057017293066e-01 -8.793524952154405661e-01 -9.959382057017293066e-01 3.887284469535128739e+00
9.792517567276186607e-01 -3.211870641383881342e+00 -4.769444339701104596e+00 -3.211870641383881342e+00 4.690610548962243165e+00 -3.117819546633625372e+00 -4.769444339701104596e+00 -3.117819546633625372e+00 1.039445959781436635e+01
1.251828335555438265e+01 -1.619585652579047075e+00 2.789355686782513999e+00 -1.619585652579047075e+00 5.149378653371216252e+00 1.052898787588150142e+00 2.789355686782513999e+00 1.052898787588150142e+00 3.710128307482611909e+00
2.252945746583948861e+01 -1.770604116789662230e+00 -6.306325183839869730e+00 -1.770604116789662230e+00 3.702604159744224965e+00 1.504844274295214834e+00 -6.306325183839869730e+00 1.504844274295214834e+00 2.409527381827913928e+00
-2.524342179814998310e+00 1.178841704686908187e+00 1.058278792908844412e+00 1.178841704686908187e+00 -1.796858609329327505e+00 1.898826754791961946e+00 1.058278792908844412e+00 1.898826754791961946e+00 -7.341041676196399912e+00
-5.169854845655312836e-01 -5.367146932935508374e+00 -8.402317844412487968e-02 -5.367146932935508374e+00 -3.364997288703856615e+00 1.008490128357564242e+00 -8.402317844412487968e-02 1.008490128357564242e+00 -8.574052775589080966e+00
9.008008640032081349e-01 -7.768425416081300439e-01 -1.084894525002641608e+00 -7.768425416081300439e-01 -4.916464761904570047e+00 1.417669764385755204e+00 -1.084894525002641608e+00 1.417669764385755204e+00 2.607272035027974333e+00
1.045584357021087740e+01 5.022158594823459055e+00 -4.119486660441514236e-01 5.022158594823459055e+00 9.994625204771555360e+00 -4.310616740823009607e+00 -4.119486660441514236e-01 -4.310616740823009607e+00 -2.739053785939773000e+00
7.102979357154321605e+00 -5.663866950570909609e+00 1.432574019200696158e+00 -5.663866950570909609e+00 -5.114041946275411199e+00 -1.554023452863994237e+00 1.432574019200696158e+00 -1.554023452863994237e+00 6.730157839862337177e+00
6.006842159885136923e+00 1.471734747517786213e+00 -5.369393202138992294e+00 1.471734747517786213e+00 -2.585933691488571107e+00 2.942062408630341519e+00 -5.369393202138992294e+00 2.942062408630341519e+00 -8.278083402854933937e+00
3.430575989465387998e+00 -3.765818399703530606e+00 8.904883277819205523e-01 -3.765818399703530606e+00 2.225004763120507212e-01 -1.010991403468217698e+00 8.904883277819205523e-01 -1.010991403468217698e+00 5.226350699443879755e+00
1.953510154165547297e+00 2.539079128375800742e+00 1.006732740961324257e+00 2.539079128375800742e+00 -7.185200453395227171e+00 2.104753664344015007e+00 1.006732740961324257e+00 2.104753664344015007e+00 -1.805093034108258720e+00
-4.987796330995948324e+00 2.182938037122198749e-01 -5.801604456938286525e+00 2.182938037122198749e-01 -1.260936754667651760e+00 -1.591644393913969946e+00 -5.801604456938286525e+00 -1.591644393913969946e+00 -2.664857018392192245e+00
-3.540547358255631494e+00 -9.549591361485081364e-01 2.754024987675891545e-01 -9.549591361485081364e-01 -6.048504110198377859e+00 -3.247736590420878811e-01 2.754024987675891545e-01 -3.247736590420878811e-01 -5.720835891728553335e+00
2.105948158382765278e+00 1.962204007981645404e+00 -1.298186620951976122e+00 1.962204007981645404e+00 -7.149979449415837518e-01 1.480472773898185990e+00 -1.298186620951976122e+00 1.480472773898185990e+00 8.282304066233432849e+00
-2.040130811439757164e+00 2.058633379119250428e-01 1.811310410335030374e+00 2.058633379119250428e-01 1.900334675404176998e+00 1.149803759780671841e+00 1.811310410335030374e+00 1.149803759780671841e+00 -1.510871099261581751e-01
-1.996731480235454770e+00 -1.081218038022937922e+00 -5.462934341872963673e-01 -1.081218038022937922e+00 2.804830611415115360e+00 1.703032988117655577e+00 -5.462934341872963673e-01 1.703032988117655577e+00 3.008401644130657138e-01
1.174536689796526012e+01 1.594635395079350371e+00 1.152452267328982760e+00 1.594635395079350371e+00 -6.611554893620678719e+00 1.631103086690927961e+00 1.152452267328982760e+00 1.631103086690927961e+00 -9.446655736869107756e+00
1.405632166848210352e+00 1.743691822903949973e+00 -4.154456467279915799e+00 1.743691822903949973e+00 -4.505729774024997969e-01 1.889802270657479299e+00 -4.154456467279915799e+00 1.889802270657479299e+00 -1.060338205458764627e+01
-2.079469221288106073e+00 -5.551043286359094164e-01 3.809016925442518353e+00 -5.551043286359094164e-01 2.643457491590643027e+00 -8.513695806651006004e-02 3.809016925442518353e+00 -8.513695806651006004e-02 2.935785208283578029e+00
2.230931842079915128e+00 8.353642471519565404e+00 -2.243498057760361153e+00 8.353642471519565404e+00 -2.346105203830874397e-01 -2.858937550345835632e+00 -2.243498057760361153e+00 -2.858937550345835632e+00 -4.174199036996406598e+00
-4.661629443529988204e-01 -2.258534801254089341e+00 -6.461572867130404019e-01 -2.258534801254089341e+00 -1.094839928430187737e+00 2.466273604236406847e+00 -6.461572867130404019e-01 2.466273604236406847e+00 1.561961435281394195e+00
2.248350974279801129e+00 -3.534135010738531868e+00 -1.733295496931129165e+00 -3.534135010738531868e+00 2.150539387899744193e-01 5.613679857272793061e-01 -1.733295496931129165e+00 5.613679857272793061e-01 2.626776464744810635e+00
9.905057511221652788e+00 3.518445621765021514e+00 -1.004819849761114103e-01 3.518445621765021514e+00 1.046568188116064668e+01 6.924696318537749029e+00 -1.004819849761114103e-01 6.924696318537749029e+00 -4.710517987510426940e-01
3.481080006378902691e+00 -3.056465100103929800e+00 -4.675063454691377629e+00 -3.056465100103929800e+00 3.616049383821694718e+00 2.349692856068806179e+00 -4.675063454691377629e+00 2.349692856068806179e+00 -2.224184262231085452e+00
6.971132546220839998e+00 8.563888126549016322e-01 8.162457231658093448e+00 8.563888126549016322e-01 9.970006868173562964e+00 1.195582021878131673e+00 8.162457231658093448e+00 1.195582021878131673e+00 4.366393939068530017e+00
1.004598829065765031e+01 -8.305192812858024354e+00 1.535362068170547989e+00 -8.305192812858024354e+00 7.760936265745493223e+00 -3.352813646103081524e+00 1.535362068170547989e+00 -3.352813646103081524e+00 -5.946730137059266674e+00
-1.186946438145438654e+00 2.012039892961397847e+00 -2.885515595538830080e+00 2.012039892961397847e+00 -5.289264145816690466e+00 -3.090138384776918823e+00 -2.885515595538830080e+00 -3.090138384776918823e+00 4.944934242351614273e+00
-3.935276379409429204e+00 6.445027462582050282e-01 7.991729590815539463e-01 6.445027462582050282e-01 4.113646586852818920e+00 6.759177529010225172e+00 7.991729590815539463e-01 6.759177529010225172e+00 6.218974345852611663e+00
5.731503948364575773e-01 4.435787147068406711e+00 -8.019928714170745376e-01 4.435787147068406711e+00 2.407128913167225992e+00 -3.714962940908661082e+00 -8.019928714170745376e-01 -3.714962940908661082e+00 3.973534502095085852e+00
6.666419281400675523e+00 -6.386997730686927444e-01 3.733464519291248784e+00 -6.386997730686927444e-01 2.856753771916704654e+00 2.606930952930706979e+00 3.733464519291248784e+00 2.606930952930706979e+00 -4.883253134866017975e-01
-1.198366600720230657e-01 -4.927059880841159867e+00 -2.255373593148658706e+00 -4.927059880841159867e+00 -3.025239943760467121e+00 -4.283879963071693275e+00 -2.255373593148658706e+00 -4.283879963071693275e+00 -5.665953345882833725e-01
-1.106125714875000776e+00 3.706889678773249153e-01 6.170388142893318273e-01 3.706889678773249153e-01 -6.686804511761067715e+00 -2.214717194794803667e+00 6.170388142893318273e-01 -2.214717194794803667e+00 7.507464692396355055e-01
6.183914568510683551e+00 1.213096696836869048e+00 8.035354702776286828e+00 1.213096696836869048e+00 9.141243371293146680e+00 7.616364181547605750e-01 8.035354702776286828e+00 7.616364181547605750e-01 5.892125821369012861e+00
2.661598295457392460e+00 2.253152386135220731e+00 -1.426254340314378810e+00 2.253152386135220731e+00 6.075385833829612947e-01 1.034347409244720462e+00 -1.426254340314378810e+00 1.034347409244720462e+00 1.285491358007949447e+00
-2.613945265354514103e+00 -4.046998882141779497e+00 3.130554951331554925e+00 -4.046998882141779497e+00 6.757272828159565092e-01 1.332721838615085863e+00 3.130554951331554925e+00 1.332721838615085863e+00 1.811024535419168657e+01
5.481030129082321345e+00 5.583482344916361306e+00 3.360092769835697268e+00 5.583482344916361306e+00 -5.472379867558263555e+00 8.940491961085424988e-01 3.360092769835697268e+00 8.940491961085424988e-01 6.528376340184567361e+00
-2.033685796771025789e+00 1.417872798125223988e-01 4.151511054048929061e+00 1.417872798125223988e-01 -1.543700249878890762e+00 -7.219050666857977916e-01 4.151511054048929061e+00 -7.219050666857977916e-01 -4.558779510431568482e+00
3.057903708492843098e+00 1.213856700278457268e+00 3.858418690669700446e+00 1.213856700278457268e+00 1.016314836258221277e+01 -5.103248053519032545e+00 3.858418690669700446e+00 -5.103248053519032545e+00 -4.793171849225966952e+00
-2.033619942044844642e+00 1.202290743940428008e+00 2.162854265790235431e+00 1.202290743940428008e+00 -1.958531309458534597e+00 -2.388249440965382941e+00 2.162854265790235431e+00 -2.388249440965382941e+00 8.888544163857824643e+00
2.822526833096433152e-01 -3.039855401870884322e+00 1.942478275088161732e+00 -3.039855401870884322e+00 -2.332978476118998945e-01 -4.386723285996923849e+00 1.942478275088161732e+00 -4.386723285996923849e+00 -5.196765209152546916e+00
-1.170369815186768392e+01 3.415410634641585785e-01 -1.067225584684049045e+00 3.415410634641585785e-01 -1.676624202547961850e+00 -3.102414248460949597e+00 -1.067225584684049045e+00 -3.102414248460949597e+00 -1.458700322336762234e+01
5.365623676282450738e+00 4.968120202996151313e+00 2.790381671411022779e+00 4.968120202996151313e+00 4.897625175918134843e+00 2.678137815882028483e-01 2.790381671411022779e+00 2.678137815882028483e-01 5.592073322609733665e+00
-1.823196059705989525e+00 -2.503711409530657850e-01 1.384146105425924755e+00 -2.503711409530657850e-01 1.977273142105658854e-01 8.053484240895963708e+00 1.384146105425924755e+00 8.053484240895963708e+00 6.885239319780487754e+00
-3.138259465844884133e+00 1.463321052723884241e+00 -2.518755714446784921e+00 1.463321052723884241e+00 -9.561902949536129626e+00 -5.463355685287623942e+00 -2.518755714446784921e+00 -5.463355685287623942e+00 -2.422916525356123785e+00
1.057422498674615952e+01 -2.263861113945270453e+00 -4.639541575080329494e+00 -2.263861113945270453e+00 1.468234361714861214e+00 -1.800677073711409504e+00 -4.639541575080329494e+00 -1.800677073711409504e+00 8.568831199702700019e+00
-4.827199858365687213e+00 3.629587239997694059e+00 1.822995913999587936e+00 3.629587239997694059e+00 -1.082138969755127178e+01 -2.070196850379157905e+00 1.822995913999587936e+00 -2.070196850379157905e+00 -3.700433305771346326e+00
5.700740242457610130e+00 -2.495360944301270756e+00 -1.714168869594248079e+00 -2.495360944301270756e+00 -5.441215084359535964e-03 -1.230404340554821951e+00 -1.714168869594248079e+00 -1.230404340554821951e+00 5.171409642631253689e+00
-1.988359642980445097e+00 -2.856926137550521272e+00 2.562652088698710307e-01 -2.856926137550521272e+00 -1.982750861871452441e+00 -1.680680607278141947e+00 2.562652088698710307e-01 -1.680680607278141947e+00 1.100947643884153893e+00
-5.959640373472380181e-01 -5.054252444084943896e+00 -5.144292771884100723e+00 -5.054252444084943896e+00 -8.863107775902635543e-01 6.588199760493904655e+00 -5.144292771884100723e+00 6.588199760493904655e+00 5.468611715288898445e+00
-8.691405806815898083e-02 2.932865215407821857e+00 1.476789189389602797e+00 2.932865215407821857e+00 1.528150336572943191e+00 1.146274167227221863e+00 1.476789189389602797e+00 1.146274167227221863e+00 2.184900285299093081e+00
4.020927569259558076e-02 2.257510694841876830e+00 -3.486748041906420070e+00 2.257510694841876830e+00 -5.377877352517976828e-01 -2.534782524643430346e+00 -3.486748041906420070e+00 -2.534782524643430346e+00 2.305801367677360325e+00
-7.152027537996056061e+00 7.271799567619667837e-01 -2.210116493444925112e+00 7.271799567619667837e-01 -5.711497610098803968e+00 -9.031885807979647129e-01 -2.210116493444925112e+00 -9.031885807979647129e-01 1.665373182207413594e+00
7.426184047017996726e+00 1.901490610727538000e+00 1.611391991541067714e+00 1.901490610727538000e+00 -6.817307102901812854e-01 1.855697113360459394e+00 1.611391991541067714e+00 1.855697113360459394e+00 3.104606878651603452e+00
3.976789849012527966e+00 7.846832750938994572e+00 2.167752205611503058e+00 7.846832750938994572e+00 3.384876047226292428e+00 2.013326050235078046e+00 2.167752205611503058e+00 2.013326050235078046e+00 8.694935361938561869e+00
-3.950500564052545016e+00 -1.064854695544566132e+00 3.893488066006172144e+00 -1.064854695544566132e+00 6.609811101970413105e+00 5.381465417098952209e+00 3.893488066006172144e+00 5.381465417098952209e+00 4.534731626827096740e+00
9.445413554671530099e-01 2.683086013469115017e+00 -4.439164238018636688e+00 2.683086013469115017e+00 -4.506410507485520966e+00 9.480656904515871730e-01 -4.439164238018636688e+00 9.480656904515871730e-01 -9.949892738235075029e+00
2.512422562644172519e+00 -4.043013033944111712e+00 -1.853853871704809420e+00 -4.043013033944111712e+00 1.922999729545601166e+00 -1.345727369896126291e+00 -1.853853871704809420e+00 -1.345727369896126291e+00 4.365396909461245478e+00
4.849957515484210724e+00 2.134068914464280819e+00 -1.094612358710362887e+00 2.134068914464280819e+00 6.441846120797222852e+00 8.295683659800657805e-01 -1.094612358710362887e+00 8.295683659800657805e-01 6.481331259379017773e+00
-6.558004448179578283e+00 7.311148939500156985e+00 7.676127239173242245e+00 7.311148939500156985e+00 -3.982861445015996038e-01 1.768230762331187478e+00 7.676127239173242245e+00 1.768230762331187478e+00 -3.626617104653954815e+00
-7.657065463219145052e+00 1.854956470078097830e+00 -2.321859859890688327e+00 1.854956470078097830e+00 -7.014660445531661459e+00 -1.460034500713241368e+00 -2.321859859890688327e+00 -1.460034500713241368e+00 9.867448241193905734e-01
6.759603622012528845e+00 4.631274278618411344e+00 6.258236621204119388e+00 4.631274278618411344e+00 8.013826643334192923e+00 6.593273709835563157e-01 6.258236621204119388e+00 6.593273709835563157e-01 9.832807105062538966e+00
4.578255927993835073e+00 -1.940198875718071259e+00 -3.583485478091154586e-01 -1.940198875718071259e+00 -3.664599821685332159e+00 1.938656937465343288e+00 -3.583485478091154586e-01 1.938656937465343288e+00 7.657013618025422019e+00
-1.225551757955975418e+01 -1.292850250170442195e+00 -3.299059829929479548e+00 -1.292850250170442195e+00 -2.783226477736483684e+00 -3.451074259504880892e+00 -3.299059829929479548e+00 -3.451074259504880892e+00 -1.100560054059480208e+01
-5.566953559181699873e-01 2.832144101185363638e+00 -8.084655696996465579e-01 2.832144101185363638e+00 -3.683617744544845252e+00 3.878154392299432818e+00 -8.084655696996465579e-01 3.878154392299432818e+00 -2.917375469982842251e+00
-5.613978538298882270e+00 8.002489495666776920e-01 -3.123516257459725498e+00 8.002489495666776920e-01 -2.044902584790638578e+00 -5.831069960146312292e-01 -3.123516257459725498e+00 -5.831069960146312292e-01 -4.229164392098639702e+00
-2.233170334207621011e+00 -1.069571328009139455e+00 1.438861218797820696e+00 -1.069571328009139455e+00 -4.621610399562399607e+00 1.126992890123001745e+00 1.438861218797820696e+00 1.126992890123001745e+00 -4.017516048399603967e+00
-8.418754247245200162e+00 5.101083869073849364e+00 5.049397126830699328e-02 5.101083869073849364e+00 -7.099549549070062859e+00 -2.266264852199605453e-02 5.049397126830699328e-02 -2.266264852199605453e-02 -7.718454110728998785e+00
-8.538080386758033491e-01 -2.513346497536155688e+00 -1.231210585029176352e+00 -2.513346497536155688e+00 -1.008918061069706162e+00 -3.016679060908608268e+00 -1.231210585029176352e+00 -3.016679060908608268e+00 -1.572602229134929308e+00
-2.078147427081006970e+00 -6.322504167181769441e-01 3.268043022317567714e-01 -6.322504167181769441e-01 -1.626324930598005869e+00 -1.292142088324511384e+00 3.268043022317567714e-01 -1.292142088324511384e+00 -3.758680597257679779e+00
1.221071308692390500e-01 1.629492851697118105e+00 2.669583597836090449e-01 1.629492851697118105e+00 3.328877648898207031e+00 2.211618024331498233e+00 2.669583597836090449e-01 2.211618024331498233e+00 -3.467208117405855550e+00
1.101055637279441335e+01 2.785097414760124401e+00 7.606236624772822807e+00 2.785097414760124401e+00 5.412805304107153326e+00 3.856888709495979395e+00 7.606236624772822807e+00 3.856888709495979395e+00 1.588688649445944279e+01
7.198903753494969138e+00 -1.579552147134210438e+00 -3.841529568464699951e-01 -1.579552147134210438e+00 2.855334566943784846e+00 -4.432738185041961820e+00 -3.841529568464699951e-01 -4.432738185041961820e+00 -2.955387428485643397e+00
4.604708682801798680e+00 -4.216638614887472158e+00 -3.426158438642557869e+00 -4.216638614887472158e+00 4.713375498295656607e-01 1.620075326200902222e+00 -3.426158438642557869e+00 1.620075326200902222e+00 -2.253555871762977225e-01
1.593699535488243946e+00 1.236646599210496467e+00 -3.273438121898028186e+00 1.236646599210496467e+00 2.159959374513465313e+00 -1.114817087559161424e+00 -3.273438121898028186e+00 -1.114817087559161424e+00 3.103529753368311495e-01
4.693359392995540169e+00 -2.750659943205925106e+00 7.256405724279533231e-01 -2.750659943205925106e+00 6.827121274847544607e-02 -2.850223964896567708e+00 7.256405724279533231e-01 -2.850223964896567708e+00 6.178643921089308932e+00
-1.159985502205874752e+01 6.319977866143625000e+00 4.599899501725838391e+00 6.319977866143625000e+00 -5.066476700468122374e+00 1.746979931424288424e-01 4.599899501725838391e+00 1.746979931424288424e-01 -9.361734132579794476e+00
9.868551900886423311e+00 5.982028456692078500e+00 1.164475163766942156e+00 5.982028456692078500e+00 2.260996658500167733e+00 3.584823662735186822e+00 1.164475163766942156e+00 3.584823662735186822e+00 1.161924578845392730e+01
3.169702578030561657e+00 4.209636746944623309e-01 5.680255800326214910e+00 4.209636746944623309e-01 4.097602210550060242e+00 1.175753051332060206e+00 5.680255800326214910e+00 1.175753051332060206e+00 4.658619750137916959e+00
2.666393300869189797e+00 -1.093094046678881437e+00 -3.740671359836531096e+00 -1.093094046678881437e+00 -1.550000114477074753e+00 2.097916376358904544e-01 -3.740671359836531096e+00 2.097916376358904544e-01 2.371885549546129290e+00
-4.707607467634879583e+00 1.682793588861806633e+00 5.496242288947469135e+00 1.682793588861806633e+00 -2.913939506785422573e+00 -2.698627215389563516e-01 5.496242288947469135e+00 -2.698627215389563516e-01 -5.048241276901035413e+00
4.235804159741485719e+00 3.015535512700781226e-02 -6.282365651459961065e+00 3.015535512700781226e-02 1.261027531898000653e+00 -2.141591990427106129e+00 -6.282365651459961065e+00 -2.141591990427106129e+00 5.297170336651849887e+00
7.504826198424751738e+00 8.119786886407107662e-01 3.700434168272280555e+00 8.119786886407107662e-01 -2.308123264108259853e+00 3.134187233985301191e+00 3.700434168272280555e+00 3.134187233985301191e+00 7.302737082552729575e+00
1.733437344688473658e+01 4.574995419806963781e+00 2.703627586718766018e+00 4.574995419806963781e+00 -3.765026524113981310e+00 2.335412412132599425e+00 2.703627586718766018e+00 2.335412412132599425e+00 -6.860098603955432139e+00
6.950879578965770023e+00 5.227943041953702519e+00 1.418541633294723159e+00 5.227943041953702519e+00 -5.105072532226039961e+00 8.552341619847252385e-01 1.418541633294723159e+00 8.552341619847252385e-01 5.907172924783000489e+00
-3.097051273726250553e+00 6.287066536549775764e-01 -7.038432907474632128e-01 6.287066536549775764e-01 4.069127797947324154e+00 -2.279174403775742430e+00 -7.038432907474632128e-01 -2.279174403775742430e+00 -3.973397495607926544e+00
-5.485669247539749493e-01 -8.140410500412974315e+00 -7.397103715044949013e+00 -8.140410500412974315e+00 1.788311402614650936e+00 7.074504672682531137e+00 -7.397103715044949013e+00 7.074504672682531137e+00 1.590747442639850107e+01
1.304258273651657696e+01 4.366780663913673033e-01 2.602011719082216512e+00 4.366780663913673033e-01 9.262201780213137781e+00 -9.151499054490539464e-01 2.602011719082216512e+00 -9.151499054490539464e-01 -5.227921392849984805e+00
1.332831346634179681e+00 4.848207349206375305e+00 1.200177762000857129e+00 4.848207349206375305e+00 -1.097695530589236412e+01 1.922827263628982042e+00 1.200177762000857129e+00 1.922827263628982042e+00 -9.049669663046691070e+00
2.044781798499741843e+00 2.956050649227442317e+00 -1.342173971736070337e+00 2.956050649227442317e+00 -4.326002555334740762e+00 -4.090498464377481547e+00 -1.342173971736070337e+00 -4.090498464377481547e+00 6.969367562721441089e+00
8.375861843634814008e+00 -2.051997190390614012e+00 -7.380377876961740080e-01 -2.051997190390614012e+00 4.666546727145102658e+00 -4.110473411192193893e+00 -7.380377876961740080e-01 -4.110473411192193893e+00 -4.228851113886663349e+00
2.102702947742041584e+00 1.165123446522483980e-01 2.575691155077550754e+00 1.165123446522483980e-01 3.098171514849881736e-02 1.394952758663801307e+00 2.575691155077550754e+00 1.394952758663801307e+00 9.270544045312588466e+00
6.081362801089297498e+00 1.816015571765891845e-01 -3.818755753746560622e+00 1.816015571765891845e-01 -3.322321241319015073e+00 1.231795410923568257e+00 -3.818755753746560622e+00 1.231795410923568257e+00 4.386560798812358719e+00
7.507650751724560756e+00 -2.945483339399586953e+00 -7.213137189161527907e+00 -2.945483339399586953e+00 -6.832057694383416591e-01 5.129887821377249191e-01 -7.213137189161527907e+00 5.129887821377249191e-01 -8.123015345330728110e+00
2.825916891817980670e+00 1.938001911101164820e-01 8.194551757538721670e-01 1.938001911101164820e-01 -4.995754545555547210e+00 1.561101317942276134e+00 8.194551757538721670e-01 1.561101317942276134e+00 1.510847905521090773e-01
6.285769216881703869e+00 -3.707670915320576022e+00 -4.186251545831855658e+00 -3.707670915320576022e+00 -2.889228568200236658e-01 -2.121445694890250255e+00 -4.186251545831855658e+00 -2.121445694890250255e+00 -6.986982717541208920e+00
1.094924338471096092e+01 -5.368251499481123901e+00 -1.930713456796334659e+00 -5.368251499481123901e+00 -1.719353389913240715e-01 3.619216216296951227e+00 -1.930713456796334659e+00 3.619216216296951227e+00 -2.434096603979723827e+00
-2.436513025293686407e+00 4.643836578895508715e+00 5.415188193673082573e+00 4.643836578895508715e+00 1.834325325193966627e+00 2.750511128789013604e+00 5.415188193673082573e+00 2.750511128789013604e+00 8.004199163490040014e-01
6.167967699124536018e+00 4.041829052358556496e+00 3.753599673084307753e+00 4.041829052358556496e+00 1.142211278857240941e+01 -4.458202907017289718e+00 3.753599673084307753e+00 -4.458202907017289718e+00 9.917608813898349140e+00
6.288078338280642221e+00 3.721171691408400317e+00 -5.679123972679485988e+00 3.721171691408400317e+00 -4.663649467815632832e+00 1.218182383417707237e+00 -5.679123972679485988e+00 1.218182383417707237e+00 -8.405042103283042465e+00
8.603522748745879412e+00 3.059792274830255288e-01 1.305328745430804904e+00 3.059792274830255288e-01 3.887761414684735684e+00 -8.676978077826277280e-01 1.305328745430804904e+00 -8.676978077826277280e-01 -6.291711331160556142e+00
1.717156621278963957e+00 2.482394243844220139e+00 -1.723397407014707339e+00 2.482394243844220139e+00 3.056103922615182267e+00 -7.206558393572597421e-01 -1.723397407014707339e+00 -7.206558393572597421e-01 1.769860278121775599e+00
1.371452048917145117e+00 -2.324649108330276992e-01 5.874338568634574820e+00 -2.324649108330276992e-01 3.570164422753447031e+00 5.522178194755885672e-01 5.874338568634574820e+00 5.522178194755885672e-01 -1.723399141936987622e+00
-3.555305021436889756e+00 3.768486294010300330e+00 7.352890794091047066e-01 3.768486294010300330e+00 -1.171792186396518387e+00 4.364812523282747270e-01 7.352890794091047066e-01 4.364812523282747270e-01 8.671928746437983226e-02
6.578226489587485126e+00 8.949500304124250460e-01 -1.103430594734744030e+00 8.949500304124250460e-01 -4.003307151085537363e+00 -8.339541366762452945e-01 -1.103430594734744030e+00 -8.339541366762452945e-01 4.757127135381202798e+00
4.903148226751616434e+00 -2.056168544814109378e+00 -1.480620117145982961e+00 -2.056168544814109378e+00 2.642081079205390814e+00 4.891773247196120056e-01 -1.480620117145982961e+00 4.891773247196120056e-01 1.285659990470773506e+00
-8.185215933337838257e-01 1.665148501372489154e+00 -4.851573323560584017e-01 1.665148501372489154e+00 -3.731149469155254028e+00 3.416463001079576678e+00 -4.851573323560584017e-01 3.416463001079576678e+00 -2.494050339041515851e+00
6.823313938432073122e+00 -5.541773521264705238e+00 -9.852946153172423394e+00 -5.541773521264705238e+00 4.364709417278663572e+00 4.801924086241142753e+00 -9.852946153172423394e+00 4.801924086241142753e+00 9.405870587120674031e+00
6.831785731571079268e+00 -4.005040119684780464e+00 -3.560817142600013696e+00 -4.005040119684780464e+00 7.375400460743838593e+00 1.885913180481177731e+00 -3.560817142600013696e+00 1.885913180481177731e+00 -1.347094329923606004e-01
7.146771903333598353e+00 -3.273775752702708375e-01 -1.292194807216222596e+00 -3.273775752702708375e-01 -5.842518836534376092e-01 1.992575240988631924e+00 -1.292194807216222596e+00 1.992575240988631924e+00 5.471289251500325967e+00
-4.684353722835454370e+00 4.483987148968593406e-02 -5.362634124801445024e-03 4.483987148968593406e-02 -6.413792915325987387e+00 -1.306306734527835411e+00 -5.362634124801445024e-03 -1.306306734527835411e+00 -6.828664854184905764e+00
-5.229986402171590498e+00 6.280292565787049419e+00 1.581766865714165915e+00 6.280292565787049419e+00 -1.256916476622681467e+00 -1.164701292318319981e+00 1.581766865714165915e+00 -1.164701292318319981e+00 5.427201485627012323e-01
-9.446520157060238176e+00 -1.794663595176192006e+00 -2.004922331814393388e+00 -1.794663595176192006e+00 -7.922938759305755418e+00 -2.374069642948136938e+00 -2.004922331814393388e+00 -2.374069642948136938e+00 2.142663865819521618e+00
2.114593609531068008e+00 -1.643981098933596563e+00 2.119392170873561909e+00 -1.643981098933596563e+00 4.258813446535620884e+00 4.456291544668097515e+00 2.119392170873561909e+00 4.456291544668097515e+00 -2.946798024676716921e+00
1.241928206162363324e+00 -1.860002522834462102e+00 -7.176952461375872838e-01 -1.860002522834462102e+00 -5.618084754128950031e+00 1.981763279307845904e+00 -7.176952461375872838e-01 1.981763279307845904e+00 -3.557422428386600277e+00
-9.895466899165331620e-01 -1.612254554623833158e+00 3.117862306611022927e+00 -1.612254554623833158e+00 4.900735881295413265e-01 6.686742627198953848e-01 3.117862306611022927e+00 6.686742627198953848e-01 3.176569606574909610e+00
7.618843042392883236e-01 -7.137674537406907271e-01 1.935853445177488030e+00 -7.137674537406907271e-01 -9.882460833173511983e-01 1.887531566609934819e+00 1.935853445177488030e+00 1.887531566609934819e+00 3.240231228922494822e+00
-3.701881590182273030e+00 3.072186610554163533e+00 3.606888270719633471e+00 3.072186610554163533e+00 -8.977496299635879140e+00 6.781106403263872373e-01 3.606888270719633471e+00 6.781106403263872373e-01 3.571977441304093226e+00
8.870642122577269362e+00 -1.933636617963591445e-02 3.162291353789254078e+00 -1.933636617963591445e-02 3.968406714418933667e+00 6.245768658086827685e-01 3.162291353789254078e+00 6.245768658086827685e-01 -3.303573798292440244e+00
1.903700611194250314e+01 2.609802493924041844e+00 4.846985648400927715e+00 2.609802493924041844e+00 -1.737458064335486663e+00 1.954010366766220530e+00 4.846985648400927715e+00 1.954010366766220530e+00 -1.740582834701827064e+00
1.819017488653010828e+00 -6.901556126418716408e-01 1.636541972084349372e-01 -6.901556126418716408e-01 -6.163282267745041842e+00 1.602628823435738425e+00 1.636541972084349372e-01 1.602628823435738425e+00 1.555666806260706858e+00
-7.115520636759208095e+00 8.088810118560436635e-01 -2.943581643764925371e-01 8.088810118560436635e-01 -2.297821455811385860e+00 -1.877376535131630275e+00 -2.943581643764925371e-01 -1.877376535131630275e+00 1.227833174734106692e+00
1.411935313354510391e-01 -2.028181218590347168e+00 -4.685069242238278919e-01 -2.028181218590347168e+00 -3.461184698091278378e+00 4.747905559133235309e-01 -4.685069242238278919e-01 4.747905559133235309e-01 -2.901941477726165619e+00
-1.286319922315237951e+00 7.226929370915102790e-01 -1.226596534849341058e+00 7.226929370915102790e-01 4.038529416884982126e+00 -1.977163715154449664e+00 -1.226596534849341058e+00 -1.977163715154449664e+00 -3.913859342347057790e+00
1.031905127130632538e+00 8.339114205903987553e+00 2.078631100713382640e+00 8.339114205903987553e+00 -6.393151838348697380e-01 3.688519696261085112e+00 2.078631100713382640e+00 3.688519696261085112e+00 4.874325280769587820e+00
4.505194073678953970e+00 -1.846219327652265596e+00 -1.949422809965500047e-01 -1.846219327652265596e+00 8.155549341445196276e+00 -1.130780409857388147e+00 -1.949422809965500047e-01 -1.130780409857388147e+00 1.220523820347998800e+01
-3.435763973745786237e-01 -1.248190834344269584e+00 -1.816174324223227554e-01 -1.248190834344269584e+00 -3.633303140152130073e+00 -2.513318819380724545e+00 -1.816174324223227554e-01 -2.513318819380724545e+00 -2.873568359103366276e+00
-9.699083945571423726e+00 2.755571817429927628e-01 -2.086285638742895188e+00 2.755571817429927628e-01 -8.821086064738706156e+00 -2.115811272069950011e+00 -2.086285638742895188e+00 -2.115811272069950011e+00 1.008651983725021184e+00
-2.185038102202086385e+00 1.322749442707251255e+00 -2.808001312381409154e+00 1.322749442707251255e+00 -1.938298479656208828e+00 -1.128802796122247765e+00 -2.808001312381409154e+00 -1.128802796122247765e+00 3.929461030085089401e+00
1.843229064965688124e+01 -8.328775491728350744e-01 -3.361768376025224270e-01 -8.328775491728350744e-01 1.219640865380659633e+01 -1.493419313121971959e+00 -3.361768376025224270e-01 -1.493419313121971959e+00 8.933643780624640485e-01
-4.619430600065247972e-01 -1.979873078283633570e+00 2.065946596201379659e+00 -1.979873078283633570e+00 -1.840627277809764317e+00 9.451084794573190173e-01 2.065946596201379659e+00 9.451084794573190173e-01 2.297014269463926728e-01
-6.437798954239482008e+00 5.461517709289189781e+00 2.061393242095607814e+00 5.461517709289189781e+00 -5.007032311022254767e+00 -3.994943973308241469e-01 2.061393242095607814e+00 -3.994943973308241469e-01 -9.583131425117652480e-01
-1.079968229403634794e+00 6.773857111865658198e-02 -1.059126445363687941e+00 6.773857111865658198e-02 -4.726171240862679368e-01 2.578247369663319244e+00 -1.059126445363687941e+00 2.578247369663319244e+00 -3.967037818992553699e-01
-5.625931287611679821e+00 4.258532583797476345e-01 4.091606315347969591e+00 4.258532583797476345e-01 9.576542886000597443e-01 2.495715077924438585e+00 4.091606315347969591e+00 2.495715077924438585e+00 -6.553718964084046528e-01
-1.871568248943666912e+00 2.576280218204843209e+00 -2.456676851406624174e+00 2.576280218204843209e+00 -2.749122919452297656e-02 -5.205663055255799421e+00 -2.456676851406624174e+00 -5.205663055255799421e+00 5.255154103586098024e+00
6.762521828403063040e+00 -3.260343530177421956e-01 2.949665605251162170e-01 -3.260343530177421956e-01 1.634633821553028499e+00 4.907899930841395642e-01 2.949665605251162170e-01 4.907899930841395642e-01 -1.545450641051929974e+00
-4.489654984617413858e-01 1.063303309160095189e+00 -2.713022811824554736e+00 1.063303309160095189e+00 2.123277183283314162e+00 3.534335314612823353e+00 -2.713022811824554736e+00 3.534335314612823353e+00 -2.472152189203452810e+00
1.266285215855649326e+01 5.337983381517388715e+00 2.181313853744065501e+00 5.337983381517388715e+00 8.098645746061727380e+00 3.797044126436842859e+00 2.181313853744065501e+00 3.797044126436842859e+00 3.371402431857485116e+00
-6.740663066169661377e+00 -2.124643754364083648e-01 -3.138485816903899273e-02 -2.124643754364083648e-01 -3.932993766080931319e+00 -1.070144275221475150e+00 -3.138485816903899273e-02 -1.070144275221475150e+00 3.738015996275299457e+00
5.476545556209265087e+00 2.695555680696751111e+00 -1.403259694348530706e+00 2.695555680696751111e+00 -9.674489838910416140e+00 4.003173803318785140e+00 -1.403259694348530706e+00 4.003173803318785140e+00 -5.514385918769882267e+00
1.905786684893372218e+00 2.890043757162893190e+00 -2.455873453716205912e+00 2.890043757162893190e+00 -1.531945755221021166e+00 -8.266300796032122200e-01 -2.455873453716205912e+00 -8.266300796032122200e-01 5.578881822604381924e+00
