-3.371100544338814675e+00 -3.404573972246856955e-02 -3.957808726192114240e-02 -3.404573972246856955e-02 -3.305400510689872728e+00 -9.988885132501734709e-02 -3.957808726192114240e-02 -9.988885132501734709e-02 3.416565267406261874e-01
-3.437059480951425439e+00 2.599249490518663538e-02 2.610831991524906193e-02 2.599249490518663538e-02 -3.270932350342469874e+00 -1.644374481092213403e-01 2.610831991524906193e-02 -1.644374481092213403e-01 3.564685015568452298e-01
-3.314659698258980658e+00 -1.286338935281582281e-02 -8.591490452277941031e-03 -1.286338935281582281e-02 -3.284926736852366247e+00 -5.386544291491626030e-02 -8.591490452277941031e-03 -5.386544291491626030e-02 3.904938015716556965e-01
-3.387390991342301039e+00 -4.156073890475450684e-04 -5.859382861981783696e-04 -4.156073890475450684e-04 -3.383500633651380873e+00 -5.896174335766320856e-02 -5.859382861981783696e-04 -5.896174335766320856e-02 2.260699799342064664e-01
-3.307791956485866880e+00 6.406485703629617723e-02 8.772722526846214730e-02 6.406485703629617723e-02 -3.375297497644606626e+00 -1.212074664123906180e-02 8.772722526846214730e-02 -1.212074664123906180e-02 3.742306075117132758e-01
-3.418895394079282113e+00 -6.847302065455455715e-03 -1.487329393919329355e-02 -6.847302065455455715e-03 -3.479240224321808572e+00 -6.268177015143303488e-04 -1.487329393919329355e-02 -6.268177015143303488e-04 2.445270359494490509e-02
-3.438537953138693481e+00 2.347841086324328405e-02 3.389584853297601674e-02 2.347841086324328405e-02 -3.462949777318322209e+00 -4.262360370297446632e-02 3.389584853297601674e-02 -4.262360370297446632e-02 9.607343922884316323e-02
-3.437059480951425439e+00 2.599249490518663538e-02 2.610831991524906193e-02 2.599249490518663538e-02 -3.270932350342469874e+00 -1.644374481092213403e-01 2.610831991524906193e-02 -1.644374481092213403e-01 3.564685015568452298e-01
-3.416272298263162810e+00 -9.456771409803157655e-03 -2.613557285879316433e-02 -9.456771409803157655e-03 -3.453840480938706214e+00 -1.793243685201866694e-02 -2.613557285879316433e-02 -1.793243685201866694e-02 1.116348699925250182e-01
-7.872854397515023805e+00 3.221366029423080146e+00 4.239588294445426619e+00 3.221366029423080146e+00 -4.256878585656012071e+00 3.675828285215963387e+00 4.239588294445426619e+00 3.675828285215963387e+00 2.562372899526573100e+00
-3.296550117273925551e+00 -5.046563820778961207e-02 -6.510046889097202694e-02 -5.046563820778961207e-02 -3.313664965819621333e+00 -5.403577381206689512e-02 -6.510046889097202694e-02 -5.403577381206689512e-02 5.382388217601149494e-01
-3.385210755858773179e+00 4.428603325916463662e-03 -3.563322368391247472e-03 4.428603325916463662e-03 -3.364553024652344071e+00 -8.410939701298270066e-02 -3.563322368391247472e-03 -8.410939701298270066e-02 2.666359863996012325e-01
-3.446713836201923620e+00 9.181516680007732745e-02 1.243483681558482934e-01 9.181516680007732745e-02 -3.403477041269207248e+00 -7.200909007940170525e-02 1.243483681558482934e-01 -7.200909007940170525e-02 1.230129739221873103e-01
-3.413090517104389043e+00 6.578860571546057967e-02 7.410075349641148668e-02 6.578860571546057967e-02 -3.370521419288502685e+00 -1.070563754771159948e-01 7.410075349641148668e-02 -1.070563754771159948e-01 1.636879921617585276e-01
-3.466935520311647423e+00 5.791250503121529855e-04 6.683784404190847364e-03 5.791250503121529855e-04 -3.426614790338148975e+00 -6.851390006987070902e-02 6.683784404190847364e-03 -6.851390006987070902e-02 1.131542215951086700e-01
2.543433255839140372e+00 -6.382581610483664569e+00 6.823359146003897813e-01 -6.382581610483664569e+00 1.386943009676232519e+00 -5.322602310936960235e-01 6.823359146003897813e-01 -5.322602310936960235e-01 -3.191328273580451569e-01
-3.488669742788067740e+00 -5.276851193726617845e-02 -6.090351558518041636e-02 -5.276851193726617845e-02 -3.521850201553011317e+00 -1.529571456412686520e-02 -6.090351558518041636e-02 -1.529571456412686520e-02 -3.185187776716841279e-02
-3.353311185440402298e+00 5.028168083886693125e-03 6.513453507040215147e-03 5.028168083886693125e-03 -3.396043800917553313e+00 -3.514948393600467180e-02 6.513453507040215147e-03 -3.514948393600467180e-02 2.142081362566363723e-01
-1.128285785258671847e+00 6.354699223475164693e+00 -6.966652418618798137e+00 6.354699223475164693e+00 -5.430932855954819644e-02 5.974767386550523085e+00 -6.966652418618798137e+00 5.974767386550523085e+00 6.095718726232363771e+00
1.563015903964474429e+00 2.935661609983839515e+00 1.711357483412902836e+00 2.935661609983839515e+00 -8.905753579099092931e+00 -3.741175231961511916e+00 1.711357483412902836e+00 -3.741175231961511916e+00 -8.255886439514252828e+00
-3.466935520311647423e+00 5.791250503121529855e-04 6.683784404190847364e-03 5.791250503121529855e-04 -3.426614790338148975e+00 -6.851390006987070902e-02 6.683784404190847364e-03 -6.851390006987070902e-02 1.131542215951086700e-01
-3.438537953138693481e+00 2.347841086324328405e-02 3.389584853297601674e-02 2.347841086324328405e-02 -3.462949777318322209e+00 -4.262360370297446632e-02 3.389584853297601674e-02 -4.262360370297446632e-02 9.607343922884316323e-02
-3.371100544338814675e+00 -3.404573972246856955e-02 -3.957808726192114240e-02 -3.404573972246856955e-02 -3.305400510689872728e+00 -9.988885132501734709e-02 -3.957808726192114240e-02 -9.988885132501734709e-02 3.416565267406261874e-01
-3.382880629185752497e+00 2.310368288951189508e-02 4.023215790697957234e-02 2.310368288951189508e-02 -3.405003206107676927e+00 -6.027669788366608189e-02 4.023215790697957234e-02 -6.027669788366608189e-02 1.781456787119042873e-01
-3.392405532954415825e+00 5.293884283441681153e-03 -1.757814858594534783e-03 5.293884283441681153e-03 -3.313058587825764789e+00 -1.114304729159442675e-01 -1.757814858594534783e-03 -1.114304729159442675e-01 2.903869266982855302e-01
-3.296550117273925551e+00 -5.046563820778961207e-02 -6.510046889097202694e-02 -5.046563820778961207e-02 -3.313664965819621333e+00 -5.403577381206689512e-02 -6.510046889097202694e-02 -5.403577381206689512e-02 5.382388217601149494e-01
-3.314666511494866796e+00 -1.286338935281582281e-02 -8.591490452277941031e-03 -1.286338935281582281e-02 -3.284926736852366247e+00 -5.386544291491626030e-02 -8.591490452277941031e-03 -5.386544291491626030e-02 3.904938015716556965e-01
-3.307791956485866880e+00 6.406485703629617723e-02 8.772722526846214730e-02 6.406485703629617723e-02 -3.375297497644606626e+00 -1.212074664123906180e-02 8.772722526846214730e-02 -1.212074664123906180e-02 3.742306075117132758e-01
-3.353311185440402298e+00 5.028168083886693125e-03 6.513453507040215147e-03 5.028168083886693125e-03 -3.396043800917553313e+00 -3.514948393600467180e-02 6.513453507040215147e-03 -3.514948393600467180e-02 2.142081362566363723e-01
-3.523594389939833427e+00 -1.791881038024661574e-02 -3.229473809976005777e-02 -1.791881038024661574e-02 -3.403913088365912998e+00 -1.097067242367798512e-01 -3.229473809976005777e-02 -1.097067242367798512e-01 7.133457972668519678e-03
-3.497738159752367793e+00 -3.674378113333460344e-02 -6.285891428446968576e-02 -3.674378113333460344e-02 -3.425027306376705383e+00 -1.095363933396292233e-01 -6.285891428446968576e-02 -1.095363933396292233e-01 4.954585136317619931e-02
-3.497738159752367793e+00 -3.674378113333460344e-02 -6.285891428446968576e-02 -3.674378113333460344e-02 -3.425027306376705383e+00 -1.095363933396292233e-01 -6.285891428446968576e-02 -1.095363933396292233e-01 4.954585136317619931e-02
-3.523594389939833427e+00 -1.791881038024661574e-02 -3.229473809976005777e-02 -1.791881038024661574e-02 -3.403913088365912998e+00 -1.097067242367798512e-01 -3.229473809976005777e-02 -1.097067242367798512e-01 7.133457972668519678e-03
-3.418895394079282113e+00 -6.847302065455455715e-03 -1.487329393919329355e-02 -6.847302065455455715e-03 -3.479240224321808572e+00 -6.268177015143303488e-04 -1.487329393919329355e-02 -6.268177015143303488e-04 2.445270359494490509e-02
-3.382880629185752497e+00 2.310368288951189508e-02 4.023215790697957234e-02 2.310368288951189508e-02 -3.405003206107676927e+00 -6.027669788366608189e-02 4.023215790697957234e-02 -6.027669788366608189e-02 1.781456787119042873e-01
-3.416272298263162810e+00 -9.456771409803157655e-03 -2.613557285879316433e-02 -9.456771409803157655e-03 -3.453840480938706214e+00 -1.793243685201866694e-02 -2.613557285879316433e-02 -1.793243685201866694e-02 1.116348699925250182e-01
1.718626479746496960e+00 1.237519318118124767e+00 7.142948209482750777e+00 1.237519318118124767e+00 7.665813060743952079e+00 9.899235689130489804e-03 7.142948209482750777e+00 9.899235689130489804e-03 -2.763451683576493068e+00
2.080397989844997131e+00 -2.679177681398390742e+00 -5.046934917668347786e+00 -2.679177681398390742e+00 2.796450938100493389e+00 -1.653049693317311775e+00 -5.046934917668347786e+00 -1.653049693317311775e+00 -4.684299872889948979e+00
-3.287141038515324354e+00 -3.781345916744058028e-03 -1.987420907953588861e-02 -3.781345916744058028e-03 -3.313664965819621333e+00 -4.605066135364520308e-02 -1.987420907953588861e-02 -4.605066135364520308e-02 4.597367178813311361e-01
-3.392405532954415825e+00 5.293884283441681153e-03 -1.757814858594534783e-03 5.293884283441681153e-03 -3.313058587825764789e+00 -1.114304729159442675e-01 -1.757814858594534783e-03 -1.114304729159442675e-01 2.903869266982855302e-01
-3.384529432270170446e+00 -1.520714249760853586e-02 -2.304917700242369027e-02 -1.520714249760853586e-02 -3.388208579648624319e+00 -4.553966866219329862e-02 -2.304917700242369027e-02 -4.553966866219329862e-02 2.703151337780549390e-01
-3.387390991342301039e+00 -4.156073890475450684e-04 -5.859382861981783696e-04 -4.156073890475450684e-04 -3.383500633651380873e+00 -5.896174335766320856e-02 -5.859382861981783696e-04 -5.896174335766320856e-02 2.260699799342064664e-01
-3.287141038515324354e+00 -3.781345916744058028e-03 -1.987420907953588861e-02 -3.781345916744058028e-03 -3.313664965819621333e+00 -4.605066135364520308e-02 -1.987420907953588861e-02 -4.605066135364520308e-02 4.597367178813311361e-01
-3.384529432270170446e+00 -1.520714249760853586e-02 -2.304917700242369027e-02 -1.520714249760853586e-02 -3.388208579648624319e+00 -4.553966866219329862e-02 -2.304917700242369027e-02 -4.553966866219329862e-02 2.703151337780549390e-01
2.006841608755403428e+01 -2.595439581957729169e-01 8.766595208633588820e-02 -2.595439581957729169e-01 1.194096399894567284e+01 -8.511494023880150639e-01 8.766595208633588820e-02 -8.511494023880150639e-01 -2.408556466834985976e-01
1.032004743798176705e+01 4.105495124689861886e-01 -7.626688021175606735e+00 4.105495124689861886e-01 3.590769650810601732e+00 1.513165140346349968e+00 -7.626688021175606735e+00 1.513165140346349968e+00 1.446033724550328969e+01
-3.446713836201923620e+00 9.181516680007732745e-02 1.243483681558482934e-01 9.181516680007732745e-02 -3.403477041269207248e+00 -7.200909007940170525e-02 1.243483681558482934e-01 -7.200909007940170525e-02 1.230129739221873103e-01
-3.385210755858773179e+00 4.428603325916463662e-03 -3.563322368391247472e-03 4.428603325916463662e-03 -3.364553024652344071e+00 -8.410939701298270066e-02 -3.563322368391247472e-03 -8.410939701298270066e-02 2.666359863996012325e-01
-3.488669742788067740e+00 -5.276851193726617845e-02 -6.090351558518041636e-02 -5.276851193726617845e-02 -3.521850201553011317e+00 -1.529571456412686520e-02 -6.090351558518041636e-02 -1.529571456412686520e-02 -3.185187776716841279e-02
8.108326585035971590e+00 -9.123699258632024245e-01 5.223447536477581643e+00 -9.123699258632024245e-01 2.095694743615763134e+00 4.225309432359771300e+00 5.223447536477581643e+00 4.225309432359771300e+00 -5.120574860967209929e+00
-3.413090517104389043e+00 6.578860571546057967e-02 7.410075349641148668e-02 6.578860571546057967e-02 -3.370521419288502685e+00 -1.070563754771159948e-01 7.410075349641148668e-02 -1.070563754771159948e-01 1.636879921617585276e-01
