-8.711584640027019155e-01 2.614626366453299600e+00 4.143429705117086748e+00 2.614626366453299600e+00 1.770789843447226675e+00 4.487821616490269783e+00 4.143429705117086748e+00 4.487821616490269783e+00 8.346158083436055364e+00
-3.021214317266140537e+00 -3.132835841871953075e+00 -1.600107288898528823e+00 -3.132835841871953075e+00 -6.178171672060700281e+00 -1.771989114972113144e-01 -1.600107288898528823e+00 -1.771989114972113144e-01 -5.986102313712831524e+00
-1.087124431937481095e+00 5.740455589137432035e-01 3.101792274659604054e+00 5.740455589137432035e-01 -6.143615019550235701e+00 -4.289885771977057338e+00 3.101792274659604054e+00 -4.289885771977057338e+00 -8.293335444705001169e-01
8.183128316094546051e+00 -2.561423781667606203e+00 -3.734209095503354114e-01 -2.561423781667606203e+00 4.793115272686777395e+00 2.704156107574119616e+00 -3.734209095503354114e-01 2.704156107574119616e+00 3.304036407875560855e+00
2.279312796839371380e+00 4.461549292147827472e+00 -3.313122038649140427e-02 4.461549292147827472e+00 -2.283362324271095645e+00 2.958079135880860022e+00 -3.313122038649140427e-02 2.958079135880860022e+00 -1.473414704114745399e+00
7.517194393869398361e+00 2.239817820390768599e+00 -1.768033102737693429e+00 2.239817820390768599e+00 -2.595606406107360264e+00 2.073385183256444275e+00 -1.768033102737693429e+00 2.073385183256444275e+00 5.286821067281108455e+00
-2.451553582336584824e+00 -5.758669011975361407e+00 -3.413221516957557711e+00 -5.758669011975361407e+00 -6.091205314615510069e+00 -7.499474741688398893e-01 -3.413221516957557711e+00 -7.499474741688398893e-01 -4.062817626604899424e+00
4.718175166305773161e+00 -3.403680697321722626e-01 3.653457922645441530e-02 -3.403680697321722626e-01 2.090495814249243800e+00 1.261790805309257694e-03 3.653457922645441530e-02 1.261790805309257694e-03 -2.818878895145891406e+00
2.660429657790290392e+00 2.114920923001203157e+00 9.154652377565425381e-01 2.114920923001203157e+00 -4.266468395203333763e+00 3.585507592459695747e+00 9.154652377565425381e-01 3.585507592459695747e+00 -2.933432140518130726e-01
-9.441599770379164980e+00 2.927803077228711692e-01 -3.496071385402697018e+00 2.927803077228711692e-01 -1.056384706890412417e+01 -1.224136832720776225e+00 -3.496071385402697018e+00 -1.224136832720776225e+00 -1.675936037107649046e+00
6.472181526151866038e+00 2.290847415862744096e+00 3.452610148737582652e+00 2.290847415862744096e+00 3.239066546556313320e+00 2.172371760620040337e+00 3.452610148737582652e+00 2.172371760620040337e+00 5.587003784063907297e+00
-1.695701163452774107e+00 5.171239824244229233e-01 -1.293642178595034942e+00 5.171239824244229233e-01 -1.652621141243099112e-01 4.393466472776470511e+00 -1.293642178595034942e+00 4.393466472776470511e+00 -1.939615128534154520e+00
-6.541826199113111251e+00 -1.064044271918162421e+00 -5.675158820302332874e-01 -1.064044271918162421e+00 6.916742363310415698e+00 5.181138545406733797e-01 -5.675158820302332874e-01 5.181138545406733797e-01 -2.407845257652739157e+00
2.478420016409809135e-01 -1.880010689667240609e+00 -2.541068899137068904e+00 -1.880010689667240609e+00 6.123109944189206288e+00 3.717873699771179208e-01 -2.541068899137068904e+00 3.717873699771179208e-01 -1.409847597772424299e+00
1.226194276792350379e+00 1.983199531787738890e+00 -4.626229957829669281e+00 1.983199531787738890e+00 3.515646222115319297e+00 -3.708433752156428120e+00 -4.626229957829669281e+00 -3.708433752156428120e+00 6.962380355686604183e+00
4.448447961114447402e+00 5.466849365909419056e+00 6.275077194878418752e+00 5.466849365909419056e+00 2.706889357577643374e+00 4.839108006978162457e+00 6.275077194878418752e+00 4.839108006978162457e+00 8.865491801739061373e+00
4.250855318230724045e+00 5.409524878073691312e+00 7.173648793973030902e-02 5.409524878073691312e+00 -2.077069282171810194e+00 -5.824233786329527929e-01 7.173648793973030902e-02 -5.824233786329527929e-01 -1.174939888415388545e+01
-4.830559270572630126e+00 -2.141082695092740629e+00 -1.477433437840122432e-01 -2.141082695092740629e+00 -3.397252820131972939e+00 -2.453488635640283633e+00 -1.477433437840122432e-01 -2.453488635640283633e+00 -4.354559910001946754e+00
1.787354946057106542e+00 -1.866728621166942936e+00 1.152904842933821117e+00 -1.866728621166942936e+00 -2.381547314392214343e+00 4.403530490159844213e+00 1.152904842933821117e+00 4.403530490159844213e+00 -9.175266522821882376e+00
1.272955650730211774e+00 2.263288434704709695e-01 -4.049852409402217468e+00 2.263288434704709695e-01 -7.745557526028747475e+00 1.640384451798666987e+00 -4.049852409402217468e+00 1.640384451798666987e+00 -1.398099553407629481e+00
2.418792284905015855e+00 1.425238691710763783e+00 1.813961377586083223e+00 1.425238691710763783e+00 3.222841103216663061e+00 6.489043127352553952e-01 1.813961377586083223e+00 6.489043127352553952e-01 -1.731152162477434642e+00
6.953556915194076815e+00 2.693046883540124448e-01 1.249130682472093135e+00 2.693046883540124448e-01 3.740210970525080114e+00 -1.372176956826271776e-01 1.249130682472093135e+00 -1.372176956826271776e-01 -5.835125646790886300e-01
5.349269316841659183e+00 -4.300605755685485754e+00 -4.135954906555467381e-01 -4.300605755685485754e+00 4.312325202192155871e+00 9.268062766177926903e-01 -4.135954906555467381e-01 9.268062766177926903e-01 1.393230037029691060e+00
-3.321388537592501855e+00 7.393873249166172279e+00 2.170974572607802244e+00 7.393873249166172279e+00 -5.769198571868178860e+00 5.957970516884940615e+00 2.170974572607802244e+00 5.957970516884940615e+00 -2.992538105427316353e+00
-2.642649018593787869e+00 -3.205573664221112562e+00 -1.735636457671128507e+00 -3.205573664221112562e+00 -7.250229338086119135e+00 5.106258754908012953e-01 -1.735636457671128507e+00 5.106258754908012953e-01 -4.611387745450336695e+00
-2.297990102636401133e+00 3.956148801726832254e+00 -1.411224245542985756e+00 3.956148801726832254e+00 -5.181033116331651200e+00 4.186015334681647104e+00 -1.411224245542985756e+00 4.186015334681647104e+00 -1.733483381892020114e+00
-5.475032889265711411e+00 2.307456303009973286e+00 8.081438833571380487e-01 2.307456303009973286e+00 -6.825201319973550618e+00 -1.896259890074473597e+00 8.081438833571380487e-01 -1.896259890074473597e+00 -1.988083598886070114e+00
2.337832878719826812e+00 5.187953012201125702e+00 2.096289636638263953e+00 5.187953012201125702e+00 -4.484542363873279314e+00 2.238309335597245819e-01 2.096289636638263953e+00 2.238309335597245819e-01 -1.079427342861127492e+01
2.749937532070990009e+00 -3.581191838575403796e-01 -3.824670896258148822e+00 -3.581191838575403796e-01 -9.916424910185137165e+00 -4.143601895758413534e+00 -3.824670896258148822e+00 -4.143601895758413534e+00 2.262785030870395175e+00
-2.469278673065432361e+00 -4.506881771750662624e-01 -9.443573316275104546e-01 -4.506881771750662624e-01 -7.992486218950187293e+00 -2.794430483784798191e+00 -9.443573316275104546e-01 -2.794430483784798191e+00 -9.725554192539966891e-01
-7.782003598623192353e+00 -3.478324179959214391e+00 -1.220963846586808010e+00 -3.478324179959214391e+00 -4.224866404925886054e-01 -1.381345846247334253e+00 -1.220963846586808010e+00 -1.381345846247334253e+00 -9.203145488444073319e-01
2.496129012394149083e+00 -2.390114043059644366e+00 -3.179203204062734933e+00 -2.390114043059644366e+00 -4.626407783114916961e-01 -3.297817197303675174e-01 -3.179203204062734933e+00 -3.297817197303675174e-01 1.475207910511541431e+00
5.329854562892710756e-01 9.672896438299470878e-01 -7.870833588364936073e-01 9.672896438299470878e-01 3.940488489508751968e+00 -1.998450826369027933e+00 -7.870833588364936073e-01 -1.998450826369027933e+00 1.070095095883868730e+01
-2.099657274710811983e+00 -2.426259212435162738e+00 -2.036629335301222810e+00 -2.426259212435162738e+00 -6.867357584457565167e-01 2.417924531871609606e+00 -2.036629335301222810e+00 2.417924531871609606e+00 -1.107139840737430214e+00
-6.626243640738551655e+00 -3.077674288502689315e+00 -1.024393193574208771e+00 -3.077674288502689315e+00 -1.412006836822289113e+00 -1.362916429048509404e+00 -1.024393193574208771e+00 -1.362916429048509404e+00 -3.337654823637869583e+00
-4.130372532286858522e+00 -2.658873520031630466e+00 -1.042354603135972946e+00 -2.658873520031630466e+00 -2.218867345469302421e+00 -6.121537157105109150e-01 -1.042354603135972946e+00 -6.121537157105109150e-01 -5.834584017161278169e+00
-8.047288990479275483e+00 -2.328561294909844981e-01 -2.978257918990375508e+00 -2.328561294909844981e-01 -9.945009065810351601e+00 -2.417124020423069286e+00 -2.978257918990375508e+00 -2.417124020423069286e+00 -5.048299536659261122e+00
-9.524430261981100543e+00 2.266927957266259952e+00 -3.854960908947139941e+00 2.266927957266259952e+00 1.175490955180943153e+00 2.047400170636057393e+00 -3.854960908947139941e+00 2.047400170636057393e+00 4.567608649254260911e+00
-6.720966828650049685e+00 -3.111645116704206515e+00 -1.373066652367431528e+00 -3.111645116704206515e+00 9.678677250957057332e-01 1.048008263346058344e+00 -1.373066652367431528e+00 1.048008263346058344e+00 -1.198170691929898224e+00
8.989681582725902231e+00 -1.554069930199305949e+00 5.967110514069901228e+00 -1.554069930199305949e+00 -2.024688132347650882e+00 1.831917738193124201e+00 5.967110514069901228e+00 1.831917738193124201e+00 9.071810729145274310e-01
-8.219860475938283173e+00 -4.121006583820767233e+00 -1.343044501984622885e+00 -4.121006583820767233e+00 -3.124305116738908539e-01 -4.651192722779882160e-01 -1.343044501984622885e+00 -4.651192722779882160e-01 -4.370333432345220870e-01
-1.125088444611089811e+00 -2.863105379734309230e-01 2.443607097194806066e+00 -2.863105379734309230e-01 -1.182166549064567196e+00 2.111926995457378720e+00 2.443607097194806066e+00 2.111926995457378720e+00 1.239059000124448140e+00
-5.691953051533579000e+00 1.183934829241354070e+00 -2.506658820441434621e+00 1.183934829241354070e+00 -9.199176266808406055e+00 1.350892425773102090e+00 -2.506658820441434621e+00 1.350892425773102090e+00 3.212652710677442180e-01
5.328738985278595131e+00 1.241202536368313680e+00 1.870967747345340548e+00 1.241202536368313680e+00 8.435714024356906648e+00 -6.620577578946130970e+00 1.870967747345340548e+00 -6.620577578946130970e+00 8.750545849258756448e+00
-1.725370375936895739e-01 1.465608762424531974e+00 -3.261763105829952603e-02 1.465608762424531974e+00 2.027841830966496062e+00 3.726817882250271108e+00 -3.261763105829952603e-02 3.726817882250271108e+00 -9.166041291056368223e-01
-7.247477578893612993e+00 8.043909898092129751e-01 -2.200853004885444886e+00 8.043909898092129751e-01 -6.961661769386037868e+00 -9.121382005217123501e-01 -2.200853004885444886e+00 -9.121382005217123501e-01 4.867544245083991861e+00
-2.357538668403093229e+00 1.874704750925837882e+00 1.102365148968465380e+00 1.874704750925837882e+00 -5.588341040809560845e+00 -1.514612639252899129e+00 1.102365148968465380e+00 -1.514612639252899129e+00 4.266487747594935875e+00
-9.159279235939061792e+00 -3.316645810405117523e+00 -4.609853677650582071e+00 -3.316645810405117523e+00 -5.534922876225840227e+00 4.890543687609410384e+00 -4.609853677650582071e+00 4.890543687609410384e+00 3.678599687957802455e+00
-6.353473874849640879e+00 5.704305929908665362e+00 -6.229336546225868743e-01 5.704305929908665362e+00 -3.747003745689712950e+00 2.940378337345988857e+00 -6.229336546225868743e-01 2.940378337345988857e+00 -7.510954900393429057e+00
-4.252973906400844051e+00 -3.492305267007516978e+00 -3.075897218024674085e-01 -3.492305267007516978e+00 6.014686904923850719e+00 2.967921400142019994e+00 -3.075897218024674085e-01 2.967921400142019994e+00 4.077206489871677775e+00
