-9.375231271913557762e+00 -2.711107042284950364e+00 -3.993172492491462999e-01 -2.711107042284950364e+00 -8.061418915639393390e+00 1.231555632410530343e+00 -3.993172492491462999e-01 1.231555632410530343e+00 6.567390500634919803e-01
-3.161490697601647692e+00 1.670022595662586096e-01 4.857121477726918712e+00 1.670022595662586096e-01 3.616478880665077982e-03 3.944670678681708509e+00 4.857121477726918712e+00 3.944670678681708509e+00 -3.543014577896911543e+00
-4.064725107268221116e+00 4.675758547865670245e+00 2.381193507200958237e+00 4.675758547865670245e+00 1.907370988745325624e+00 -2.579923829037074068e+00 2.381193507200958237e+00 -2.579923829037074068e+00 7.481642119164964022e+00
-3.421397720480406690e+00 -1.529893372021978726e+00 1.322779416199807434e+00 -1.529893372021978726e+00 9.040527717936118757e-01 2.095254386990204609e-01 1.322779416199807434e+00 2.095254386990204609e-01 7.675202853837612693e-01
-1.221889112608663730e+00 7.689669696527408504e+00 -6.328918913830182902e+00 7.689669696527408504e+00 5.373498413504613325e+00 1.797801173444169356e-02 -6.328918913830182902e+00 1.797801173444169356e-02 4.267241163356412237e+00
5.971418844162290185e+00 -2.007486392856326241e+00 1.241918911933531655e+00 -2.007486392856326241e+00 4.644557825476047341e+00 -1.859875553697815542e+00 1.241918911933531655e+00 -1.859875553697815542e+00 7.466662669252712270e+00
-7.443513583667248135e+00 5.304715273658895391e-01 -7.497037566502530170e-01 5.304715273658895391e-01 -7.548439694547239398e+00 -5.395915881041190687e+00 -7.497037566502530170e-01 -5.395915881041190687e+00 -1.337794211705557901e+00
2.690707216686544445e+00 6.259120248330076741e+00 6.895398432089889340e+00 6.259120248330076741e+00 1.974673179020270286e+00 4.013872997273052690e+00 6.895398432089889340e+00 4.013872997273052690e+00 -2.623027455900882821e+00
-7.821895244437469863e+00 1.207161475694187303e+00 -2.166018957875694095e+00 1.207161475694187303e+00 -6.739716332348526961e+00 1.998003093090454652e+00 -2.166018957875694095e+00 1.998003093090454652e+00 -2.942833224046017992e+00
-1.048114910092279572e+01 -4.075773590541941438e+00 3.729524706867587414e-01 -4.075773590541941438e+00 -1.250891423335122532e+01 -1.991828828614440772e+00 3.729524706867587414e-01 -1.991828828614440772e+00 -3.360735320115194824e+00
-6.015285072154704871e+00 -2.056051811448614153e+00 1.939856014177522736e+00 -2.056051811448614153e+00 -7.889208709509438755e+00 -1.978056554718371052e+00 1.939856014177522736e+00 -1.978056554718371052e+00 2.135206468650528322e+00
8.894506409322691098e+00 5.541006774116128852e+00 -4.227523189520901101e-03 5.541006774116128852e+00 -4.992187689838232800e-01 1.240047234296408840e+00 -4.227523189520901101e-03 1.240047234296408840e+00 -5.148853402930743783e+00
-7.178156358959002503e+00 -8.394250023466504729e+00 -2.848429058613493048e+00 -8.394250023466504729e+00 2.854179019700853637e+00 1.450759412811084781e+00 -2.848429058613493048e+00 1.450759412811084781e+00 -7.964818371649243112e+00
-5.774483278625208715e-01 6.283099959437791426e+00 -6.685190963711409307e-01 6.283099959437791426e+00 2.662408677395325274e+00 -1.159993714292396616e+00 -6.685190963711409307e-01 -1.159993714292396616e+00 -4.702819596041946326e+00
-1.059130027828490084e+00 8.346521020400567981e-01 -1.515052363147829873e+00 8.346521020400567981e-01 -1.035922446539364827e+00 -1.051560203097242852e+00 -1.515052363147829873e+00 -1.051560203097242852e+00 3.350485806927605559e+00
-8.046695766702420372e+00 -2.288837593767321987e+00 -2.345489477804070688e+00 -2.288837593767321987e+00 3.313025293057879406e+00 -1.160803375859334741e-01 -2.345489477804070688e+00 -1.160803375859334741e-01 -1.357972932756830886e+01
3.376638590167356124e+00 2.920506362969808922e+00 1.199755128249854641e+00 2.920506362969808922e+00 -2.896414712492267451e+00 2.319794014468033350e+00 1.199755128249854641e+00 2.319794014468033350e+00 3.937885657360045588e+00
-2.939767602170568317e+00 5.230179422909331244e+00 1.429157104547779555e+00 5.230179422909331244e+00 -4.368254847072112312e+00 1.721423797782894782e+00 1.429157104547779555e+00 1.721423797782894782e+00 -3.483932320534903315e+00
-8.111450344805144042e+00 -9.792164567590058710e-02 1.922184907945459376e+00 -9.792164567590058710e-02 -5.558730512747963814e+00 -4.411045813438935426e+00 1.922184907945459376e+00 -4.411045813438935426e+00 3.823765686407572528e-01
-3.679788786570242998e+00 3.094213649014520229e+00 1.412514595483540525e-01 3.094213649014520229e+00 -3.107013360377406386e+00 -1.409407926013404699e+00 1.412514595483540525e-01 -1.409407926013404699e+00 6.580205712859532596e+00
-6.238205486764826224e-01 1.707359276510188373e+00 1.549742711586054478e+00 1.707359276510188373e+00 -8.688048671762897968e+00 2.021645760322876573e+00 1.549742711586054478e+00 2.021645760322876573e+00 -6.420761057720905107e+00
-6.306876547155735313e-01 -3.760706385721396816e-01 -4.117640270505853906e+00 -3.760706385721396816e-01 9.543620285502583123e-01 2.954288595105064807e+00 -4.117640270505853906e+00 2.954288595105064807e+00 1.227415928119052646e+00
7.341406823822424599e+00 3.121122182617154794e-01 -6.228054892584286684e+00 3.121122182617154794e-01 5.710556478289359639e+00 -1.607872709675025602e-01 -6.228054892584286684e+00 -1.607872709675025602e-01 8.837818336572389910e+00
-1.063114193737102831e+01 -4.335304580248023676e+00 3.048069955614721049e+00 -4.335304580248023676e+00 -5.685838518063109248e+00 2.986509144696381512e-01 3.048069955614721049e+00 2.986509144696381512e-01 6.407123790473934211e-01
-1.240814854846988524e+01 -2.562073425263538429e+00 2.054475490796696668e+00 -2.562073425263538429e+00 2.371298255778400144e+00 1.456593338736937637e+00 2.054475490796696668e+00 1.456593338736937637e+00 -5.466574028540422958e+00
-2.675858609751578854e+00 -4.401494903721946628e+00 -7.013101178031600824e+00 -4.401494903721946628e+00 -6.463170162318044865e-01 1.717089308859072849e+00 -7.013101178031600824e+00 1.717089308859072849e+00 -6.616716000106914741e-01
-8.903262946291210511e+00 -1.395402087720179818e+00 3.490375500059724745e-01 -1.395402087720179818e+00 -2.517757571361246560e-01 -6.247421107795166684e+00 3.490375500059724745e-01 -6.247421107795166684e+00 -1.214483355826704525e+01
-4.007378565493539213e+00 -4.489005369924867317e+00 1.612352617066554972e+00 -4.489005369924867317e+00 -2.866834723755862679e+00 3.041043331120334425e+00 1.612352617066554972e+00 3.041043331120334425e+00 -3.086590351649441288e+00
-1.377803459557854548e+00 -1.276451347042264928e+00 -2.568365215459305073e+00 -1.276451347042264928e+00 7.167739349346876843e+00 2.167626955783132026e+00 -2.568365215459305073e+00 2.167626955783132026e+00 2.616496616698985811e+00
-1.105611027328796325e+01 7.184123512629468244e+00 -1.405465578357486256e-01 7.184123512629468244e+00 -1.576017296177287530e-01 4.239744033686915436e+00 -1.405465578357486256e-01 4.239744033686915436e+00 -7.185384923584023475e+00
7.967991954659241483e-01 -6.438556652055461349e+00 -1.990794340735164258e+00 -6.438556652055461349e+00 4.983008024976108175e+00 -3.628935572043854751e+00 -1.990794340735164258e+00 -3.628935572043854751e+00 7.937444471582011829e+00
-2.956692844746029003e+00 1.063210716590291094e+00 -7.471676664785104727e+00 1.063210716590291094e+00 -2.293729024911207670e+00 -1.832959263452301757e+00 -7.471676664785104727e+00 -1.832959263452301757e+00 -6.463908762777538008e+00
-4.345801515917211866e+00 -2.126688848282740185e+00 1.733836239426776116e+00 -2.126688848282740185e+00 -7.996255752901236802e-01 3.939136710769596039e+00 1.733836239426776116e+00 3.939136710769596039e+00 -7.420978318160393883e+00
-1.253707707292462992e+01 -6.773717287712211821e+00 1.523342185147817052e+00 -6.773717287712211821e+00 -4.005597067771582864e+00 3.819076391205817322e-01 1.523342185147817052e+00 3.819076391205817322e-01 -8.987362049793921059e+00
5.537334685110309351e+00 -1.056511571497629198e+00 1.347166700622451474e+00 -1.056511571497629198e+00 -4.218117137550979834e+00 -3.589560544538675124e+00 1.347166700622451474e+00 -3.589560544538675124e+00 -1.900279563592634391e+00
-7.589601968720048220e+00 -6.169920726404545253e-01 -1.930228480968913196e+00 -6.169920726404545253e-01 -7.764735213528898505e+00 4.487066346947512940e+00 -1.930228480968913196e+00 4.487066346947512940e+00 -8.584730871197667312e+00
-1.240662946546726886e+01 -2.662603036689749625e-01 -2.818626807135683698e+00 -2.662603036689749625e-01 -9.364905864804944358e+00 6.906881547887293582e-01 -2.818626807135683698e+00 6.906881547887293582e-01 -1.011717961347540928e+01
5.305089801038972652e+00 3.543830498805539797e+00 -4.265620127822893792e+00 3.543830498805539797e+00 2.962609202030005218e+00 3.482868001734993335e+00 -4.265620127822893792e+00 3.482868001734993335e+00 5.569727720562883677e-01
3.266577823035899275e+00 -3.377552507748101451e+00 -1.003131696179430543e+00 -3.377552507748101451e+00 -2.985395334373140308e+00 -2.883124838245324284e+00 -1.003131696179430543e+00 -2.883124838245324284e+00 -5.746877277282323782e+00
-8.734613736637840020e+00 -2.564815208835676597e+00 -3.272745424746631215e+00 -2.564815208835676597e+00 -4.634153196561517696e+00 -1.040852647425568911e+01 -3.272745424746631215e+00 -1.040852647425568911e+01 1.606755065420115702e+00
9.321670988832156723e+00 3.941980992562902131e+00 3.896879889049134071e+00 3.941980992562902131e+00 1.202610923816847199e+00 9.790472795945074358e-01 3.896879889049134071e+00 9.790472795945074358e-01 -1.081813261168367069e+00
-1.582428834031050080e+01 8.032686231748983538e-03 -3.207802772734396068e+00 8.032686231748983538e-03 -1.114937711768717143e+01 1.335177402445675066e+00 -3.207802772734396068e+00 1.335177402445675066e+00 6.589908797084037539e-01
-5.191574704905346671e+00 1.083620972476358052e-01 3.321731170461516225e+00 1.083620972476358052e-01 -5.956827711542037385e+00 -5.221240846076234732e+00 3.321731170461516225e+00 -5.221240846076234732e+00 -1.128458427892483051e+01
-6.715493862605543818e+00 -3.748692728098327986e+00 2.409626735756474236e+00 -3.748692728098327986e+00 -2.319379814511237203e+00 3.475878764160694523e+00 2.409626735756474236e+00 3.475878764160694523e+00 -4.390263344321621908e+00
-4.199878667805856836e+00 6.792043789950557908e+00 7.645532466097970214e+00 6.792043789950557908e+00 -2.986002981396937983e+00 2.906643581465035986e+00 7.645532466097970214e+00 2.906643581465035986e+00 -2.255046447066816118e+00
-4.630072278309778078e+00 -1.620335634786861601e+00 2.012706830195403640e+00 -1.620335634786861601e+00 -2.614061418893912414e+00 -4.490856368988370151e-01 2.012706830195403640e+00 -4.490856368988370151e-01 -1.229746204492272632e+01
-1.030509752881003216e+00 -1.380121722360375003e+00 2.371839387018790657e-01 -1.380121722360375003e+00 -2.721313306362139195e-01 3.092205704309524794e+00 2.371839387018790657e-01 3.092205704309524794e+00 -5.593239311125855373e+00
-2.252090872251761577e-01 1.342792605358756663e+00 3.020369731107455102e+00 1.342792605358756663e+00 -7.152905243005245772e+00 4.016532637907172187e+00 3.020369731107455102e+00 4.016532637907172187e+00 -6.221596947211519790e+00
7.386521487289375187e+00 4.165490720332714059e-01 -8.700922127308731158e-01 4.165490720332714059e-01 1.515776748493082238e+01 -2.199097227618461936e+00 -8.700922127308731158e-01 -2.199097227618461936e+00 1.280473075964646057e+01
-4.779792566368657347e+00 1.666860065011378234e-01 -2.826209495131863036e+00 1.666860065011378234e-01 -1.036028134514674193e+01 -1.614878852245987373e+00 -2.826209495131863036e+00 -1.614878852245987373e+00 -8.433523011931200131e+00
8.178698502442687257e+00 3.019834759964832749e+00 4.446803481561982352e+00 3.019834759964832749e+00 -3.718004887242166046e+00 -8.465654628807343096e-01 4.446803481561982352e+00 -8.465654628807343096e-01 3.922703766034172812e+00
6.009514048182204249e+00 5.021774348356256024e-01 2.865253892345154263e+00 5.021774348356256024e-01 5.809428149483006898e+00 -3.335202635203862620e+00 2.865253892345154263e+00 -3.335202635203862620e+00 -6.054953661355876093e+00
-1.117723232653851717e+01 -1.104110237777693460e+00 -2.144083751964630746e+00 -1.104110237777693460e+00 -6.937326189458253189e+00 -5.096307162416088055e+00 -2.144083751964630746e+00 -5.096307162416088055e+00 -9.898591988520733409e+00
2.664528249678021599e+00 -1.481722196385525603e+00 -5.164447552509245920e-01 -1.481722196385525603e+00 6.551589619058710845e-01 -4.215803021626890468e-01 -5.164447552509245920e-01 -4.215803021626890468e-01 1.522437286097005682e+00
9.078982766831897422e+00 5.486255593795596575e+00 -5.010243306734344593e+00 5.486255593795596575e+00 3.987110553222593112e-01 4.046759986870056558e+00 -5.010243306734344593e+00 4.046759986870056558e+00 7.763593370763651080e+00
-6.382823108479068530e+00 -3.295560690393400383e-01 2.147684326881347250e-01 -3.295560690393400383e-01 -4.429593153152683982e+00 -8.976704469055643010e-01 2.147684326881347250e-01 -8.976704469055643010e-01 -9.072536711998817616e-01
-8.752880991934130606e+00 6.422927143890858614e-01 3.657922140563247826e+00 6.422927143890858614e-01 2.365076455931724109e+00 -1.876845773463504674e+00 3.657922140563247826e+00 -1.876845773463504674e+00 -4.774535266563507463e+00
-5.204043572895327152e+00 1.427328781307788619e+00 2.027102745415065410e+00 1.427328781307788619e+00 -4.481883027746796699e+00 3.052020084802089528e+00 2.027102745415065410e+00 3.052020084802089528e+00 2.356686409697363316e-01
1.887980337107461271e+00 -3.119436469116069865e+00 -3.909129277537212843e+00 -3.119436469116069865e+00 5.226799709491714907e+00 -6.865741436088488303e-01 -3.909129277537212843e+00 -6.865741436088488303e-01 -1.209671455934295814e+00
-4.137486415501295811e-01 -7.313792954048929928e-01 3.848103285123196216e+00 -7.313792954048929928e-01 -1.013106044868257866e-01 1.918734278219593081e+00 3.848103285123196216e+00 1.918734278219593081e+00 -2.580792919130691643e-01
3.271312105283592064e+00 3.993421201014112132e+00 -2.971979336254573223e+00 3.993421201014112132e+00 -3.762854895526204224e+00 -2.191900411098469004e+00 -2.971979336254573223e+00 -2.191900411098469004e+00 -5.158974660272201085e+00
7.634153651045880729e+00 -1.838794508680312800e+00 7.847872925602453087e+00 -1.838794508680312800e+00 -8.168835781151697617e+00 -1.052872292590019576e+00 7.847872925602453087e+00 -1.052872292590019576e+00 3.641294007883239647e+00
8.149064727654733886e+00 -3.314542548149471690e-01 -4.772689151808987340e+00 -3.314542548149471690e-01 -2.492832113863439059e+00 4.561552767404204012e+00 -4.772689151808987340e+00 4.561552767404204012e+00 7.530686275368499771e+00
3.911610723328987405e+00 -1.505111545290974406e-01 -1.650542658518333150e+00 -1.505111545290974406e-01 4.625093038603842466e+00 3.142683586599059886e+00 -1.650542658518333150e+00 3.142683586599059886e+00 2.146053962365072731e+00
-5.293624474724324180e+00 2.415654190976718851e+00 9.388833215027760914e-01 2.415654190976718851e+00 -5.655737009895622336e+00 -3.892202257514387198e-01 9.388833215027760914e-01 -3.892202257514387198e-01 -3.939007378053368758e+00
-9.921107706098052148e+00 -1.790420463924646377e+00 -1.747418896014743206e+00 -1.790420463924646377e+00 2.126392121772042731e+00 1.090791893228801657e+00 -1.747418896014743206e+00 1.090791893228801657e+00 5.074557011627002012e+00
-2.954035491927354262e-01 -1.720293157504257653e-01 8.361744200053676801e-01 -1.720293157504257653e-01 -3.266279321102231403e+00 9.449618210027144194e-01 8.361744200053676801e-01 9.449618210027144194e-01 -6.533350175747988153e+00
-8.168999192060530490e+00 2.236925715865853093e+00 -9.896671857139666129e-01 2.236925715865853093e+00 -1.672732752988083549e+00 -8.562805819642702598e-01 -9.896671857139666129e-01 -8.562805819642702598e-01 3.071045788134806553e+00
-1.433557232462102426e+01 -4.856134907689370187e-04 6.084274550295952766e-01 -4.856134907689370187e-04 -1.589369018828042357e+01 1.678041271427385350e+00 6.084274550295952766e-01 1.678041271427385350e+00 -1.825058828720019344e+00
6.068233629945090968e+00 4.059138561359762143e+00 -2.025290818422138983e+00 4.059138561359762143e+00 -3.673980947789745155e+00 9.110784356142399842e-02 -2.025290818422138983e+00 9.110784356142399842e-02 -1.823224986630833655e+00
-5.243258968540843945e+00 2.335927261151249823e+00 6.326647747319112725e+00 2.335927261151249823e+00 3.497680920430546458e-01 -2.339022198302171118e-01 6.326647747319112725e+00 -2.339022198302171118e-01 3.443459229305967373e+00
2.854353153745631033e+00 1.987839739558799890e+00 3.211397737527417195e+00 1.987839739558799890e+00 2.122957490967342764e+00 2.810694435795764168e+00 3.211397737527417195e+00 2.810694435795764168e+00 -7.223738578430316082e+00
-4.972279628478743163e+00 -1.322173647605964675e+00 5.468557255891922431e+00 -1.322173647605964675e+00 -1.035343718291758286e+01 1.169769444492813726e+00 5.468557255891922431e+00 1.169769444492813726e+00 -4.951237877716698321e+00
-4.097773459955702080e+00 4.251464276740828829e+00 1.555582911647388766e-01 4.251464276740828829e+00 -3.796265459496424466e+00 -2.472489585467624096e+00 1.555582911647388766e-01 -2.472489585467624096e+00 -6.789594424323347255e+00
-4.506402756399679355e+00 3.290667778258500320e+00 -4.074305718672069254e+00 3.290667778258500320e+00 -1.455051763207558579e+01 -9.982364187939725131e-01 -4.074305718672069254e+00 -9.982364187939725131e-01 -1.834093096885212759e+01
-4.991325963012043232e+00 4.443739837042710583e+00 1.018764885524340302e+00 4.443739837042710583e+00 -8.960968537462004946e+00 1.965954680155862055e+00 1.018764885524340302e+00 1.965954680155862055e+00 -3.804348450216757715e+00
-4.004593307533490965e+00 3.991337489220691204e+00 1.347690558448222831e+00 3.991337489220691204e+00 -7.624349960771893642e+00 1.542725320427045910e+00 1.347690558448222831e+00 1.542725320427045910e+00 -6.420795824626303272e+00
3.668970480777642873e+00 4.981392605628996328e+00 3.231089850863074098e+00 4.981392605628996328e+00 8.103766233448427059e+00 1.515988163910843012e+00 3.231089850863074098e+00 1.515988163910843012e+00 3.478806889093647214e+00
-6.350974316788603247e+00 -4.109013520900424155e+00 4.573954163796470906e-01 -4.109013520900424155e+00 2.225068374908714564e+00 7.196829590382797903e+00 4.573954163796470906e-01 7.196829590382797903e+00 -1.229921291157971996e+00
8.005965837118576900e+00 4.366972438539799550e-01 -1.827412914086715023e+00 4.366972438539799550e-01 4.774492049167438523e+00 2.113247539883057247e+00 -1.827412914086715023e+00 2.113247539883057247e+00 1.077991368192355282e+01
-8.154939299492525606e+00 6.262603772612926889e+00 -1.951513869893478192e+00 6.262603772612926889e+00 -9.050213334777409413e-01 9.989450274773917782e-01 -1.951513869893478192e+00 9.989450274773917782e-01 1.481406857775654506e+00
-1.885728710936295238e+00 -4.803455828402465322e+00 -1.849438822897338630e+00 -4.803455828402465322e+00 1.507740480010778983e+00 -1.419216290199879715e+00 -1.849438822897338630e+00 -1.419216290199879715e+00 4.027209338998141597e+00
2.306186832385980434e+00 8.328486541696901446e-02 -1.499702238972094648e+00 8.328486541696901446e-02 5.862602460506744606e+00 9.463149743709400319e-01 -1.499702238972094648e+00 9.463149743709400319e-01 3.425861925125383012e-01
-2.477481454568750685e+00 2.678002073101652947e+00 -3.001985714966713736e+00 2.678002073101652947e+00 -8.369349296235816027e+00 -7.435914091377922475e+00 -3.001985714966713736e+00 -7.435914091377922475e+00 -3.432388868610876997e+00
-9.118364822674049464e+00 3.347184585779429344e+00 -3.494916582011294626e+00 3.347184585779429344e+00 -2.819473810975827277e+00 4.490748702425857886e+00 -3.494916582011294626e+00 4.490748702425857886e+00 -5.183911306871921809e+00
5.460171007387148556e+00 4.285828897655072467e+00 -4.807091336388027436e-01 4.285828897655072467e+00 5.433328995037568276e+00 6.610172452595227455e+00 -4.807091336388027436e-01 6.610172452595227455e+00 4.227266973400164218e+00
-2.472233010252819607e+00 -1.946600872809148841e+00 1.992231229482060106e+00 -1.946600872809148841e+00 -1.751162481964821271e+00 -2.424733903599153972e+00 1.992231229482060106e+00 -2.424733903599153972e+00 6.499635647346128309e+00
-4.099053656244986854e+00 -2.741349125085003280e+00 -2.376085806906094611e+00 -2.741349125085003280e+00 -9.783638469319221542e+00 5.581789738851902216e-01 -2.376085806906094611e+00 5.581789738851902216e-01 -3.843364096126058005e+00
-2.121715937338304769e+00 -1.717963590824596265e+00 -8.197910111776456787e+00 -1.717963590824596265e+00 6.727064567616925395e+00 1.020407984196716189e+00 -8.197910111776456787e+00 1.020407984196716189e+00 9.281557660038702862e-01
-5.543953527348150168e+00 3.061788648011119385e+00 -7.223883202262869618e-01 3.061788648011119385e+00 -8.687654734637586529e+00 -4.865332668639932301e+00 -7.223883202262869618e-01 -4.865332668639932301e+00 -5.579442757145448795e+00
2.696919681689688542e+00 -4.566414393074587075e+00 1.833691656169516904e+00 -4.566414393074587075e+00 4.674573588097648447e+00 2.682755903786788743e+00 1.833691656169516904e+00 2.682755903786788743e+00 5.560618623009754735e+00
-1.883532195668859321e+00 3.880881303097207802e+00 6.956419437956309348e-01 3.880881303097207802e+00 -3.780289063084301127e+00 -2.923257704129575973e+00 6.956419437956309348e-01 -2.923257704129575973e+00 -3.376603688339366194e+00
-3.367972813012026112e+00 1.035442443545033120e+00 6.306979766977917068e-01 1.035442443545033120e+00 -4.017624102681977227e+00 4.792922024970549533e-01 6.306979766977917068e-01 4.792922024970549533e-01 -4.496548422551467361e+00
-7.920016593939497973e+00 -4.966150470004104811e+00 1.046092631555479296e-01 -4.966150470004104811e+00 -4.528122363539626716e-01 1.098787116020764065e+00 1.046092631555479296e-01 1.098787116020764065e+00 -3.839301516041549789e+00
-9.448299413056153284e+00 8.637792979776175439e-01 5.419309395880335778e+00 8.637792979776175439e-01 5.858569612214959754e+00 -3.935243025766121949e+00 5.419309395880335778e+00 -3.935243025766121949e+00 -3.674141242190818724e-01
8.808916152838043301e-01 2.128318722649839234e+00 -1.361641985332947336e+00 2.128318722649839234e+00 -9.597372127990370316e+00 1.223716421569017054e+00 -1.361641985332947336e+00 1.223716421569017054e+00 -6.010118332390641527e-01
-6.379693950642719713e+00 -9.165161294955993521e-01 -3.233485555029631087e+00 -9.165161294955993521e-01 -1.116291670471904673e+01 -2.200910178252322158e+00 -3.233485555029631087e+00 -2.200910178252322158e+00 -3.498215676364285098e+00
-3.343707177864160940e+00 -1.122087592696166869e+00 -5.224472526509985615e-01 -1.122087592696166869e+00 -6.215702607637162203e+00 4.859058179993755111e+00 -5.224472526509985615e-01 4.859058179993755111e+00 -9.661552208087558213e+00
-1.837363563895497265e+00 -1.545312660463528998e+00 -2.642818785598753273e+00 -1.545312660463528998e+00 -1.943846290848635139e+00 2.211177080446705467e+00 -2.642818785598753273e+00 2.211177080446705467e+00 2.799469230326629088e+00
2.103452300246760220e+00 4.483416621882895803e-01 3.728752723964900539e+00 4.483416621882895803e-01 -3.304130484814846863e-02 1.569034882116478791e+00 3.728752723964900539e+00 1.569034882116478791e+00 4.909604887658386652e+00
