8.225425459619531976e-01 -1.470146089626028774e-01 -2.702788396949829419e+00 -1.470146089626028774e-01 2.377047571403370974e+00 4.033433710756635371e-01 -2.702788396949829419e+00 4.033433710756635371e-01 3.205185095270475681e+00
3.382821440893494458e+00 3.398765161237218280e+00 3.331232906574010499e+00 3.398765161237218280e+00 1.390489324444505792e+00 -4.457108714866442889e-01 3.331232906574010499e+00 -4.457108714866442889e-01 7.491458899400515570e+00
3.653968100936495045e+00 2.169766434553611845e+00 -2.498255692980221099e+00 2.169766434553611845e+00 8.283969153893366411e+00 -6.579015943090862351e-01 -2.498255692980221099e+00 -6.579015943090862351e-01 3.755827269040323824e+00
4.273523865388339615e+00 1.580095043366159802e+00 -9.240251098519983719e-01 1.580095043366159802e+00 1.221033532371768038e+00 -6.091438231498476075e-01 -9.240251098519983719e-01 -6.091438231498476075e-01 2.035144464256346986e+00
4.771503106674150452e+00 -1.632498885974739355e+00 -1.180878614677675742e+00 -1.632498885974739355e+00 2.433784444061398489e+00 2.478479464270747779e-01 -1.180878614677675742e+00 2.478479464270747779e-01 1.317549418885806345e+00
