-7.718906908283013735e+00 -4.410838244798918617e-01 6.114689272068430936e-01 -4.410838244798918617e-01 -2.755403443704692368e+00 2.164517414633856163e+00 6.114689272068430936e-01 2.164517414633856163e+00 -2.342577089410741387e+00
-6.971980460845642824e+00 -2.720257692059781629e+00 -8.731253079934636618e-01 -2.720257692059781629e+00 5.186865366552910750e-01 1.846310757680116321e+00 -8.731253079934636618e-01 1.846310757680116321e+00 -5.978324112234851384e+00
5.788988771919083121e+00 4.520849649474335763e+00 2.347221868176207149e+00 4.520849649474335763e+00 3.662357097481683699e+00 1.067229608835342347e+00 2.347221868176207149e+00 1.067229608835342347e+00 4.850138583974872297e+00
3.683565316055485539e+00 -2.148360906096564715e+00 -1.710724019259528106e+00 -2.148360906096564715e+00 1.281327197751162750e+01 -5.500680333310865588e-01 -1.710724019259528106e+00 -5.500680333310865588e-01 -1.732012581858572986e+00
9.297702791572124426e+00 5.278895164492424658e-02 7.476163737735593007e-02 5.278895164492424658e-02 9.533529325295118539e+00 -5.612062399319063533e-02 7.476163737735593007e-02 -5.612062399319063533e-02 -1.445468872635589985e+00
5.690125787616876707e+00 1.754337503045534818e+00 -2.532525973418461862e-01 1.754337503045534818e+00 -2.631140871754654165e-01 2.455295585017886195e-01 -2.532525973418461862e-01 2.455295585017886195e-01 -6.704443862843634250e+00
3.059870698145804369e+00 -1.864273369225319277e+00 -2.437717328945069539e+00 -1.864273369225319277e+00 6.053590681749628111e+00 9.821385992511156848e-01 -2.437717328945069539e+00 9.821385992511156848e-01 1.008223908280943171e+01
9.401700024136415479e+00 1.581352049146479005e-02 2.773668329200911983e-02 1.581352049146479005e-02 9.419761912470267617e+00 9.637322160782828273e-02 2.773668329200911983e-02 9.637322160782828273e-02 -1.766610746123393527e+00
1.194076608931890604e+01 1.141128668439563620e+00 -2.552806397571190544e+00 1.141128668439563620e+00 5.165958009642370286e+00 2.985627500132326251e+00 -2.552806397571190544e+00 2.985627500132326251e+00 1.570417798929001796e+00
2.085109194036878222e+00 -8.649946030773153494e-01 -4.314021729174362108e-01 -8.649946030773153494e-01 -1.888606222583156802e+00 8.226025274171301360e-01 -4.314021729174362108e-01 8.226025274171301360e-01 1.788097751346610531e+00
4.342024723369247496e+00 -4.637908543105844217e-01 3.354260345807177218e-02 -4.637908543105844217e-01 3.851944527127008744e+00 -1.711635400576586363e+00 3.354260345807177218e-02 -1.711635400576586363e+00 -3.871182087019090279e+00
8.539214835357499922e+00 -5.113301306943169422e+00 -1.083798947813592095e+00 -5.113301306943169422e+00 7.107719752634479526e+00 -1.036988208938421252e+00 -1.083798947813592095e+00 -1.036988208938421252e+00 -3.755188875051904684e+00
-6.600907117562920590e+00 2.862842394879364871e+00 3.230366866890309052e-01 2.862842394879364871e+00 -1.558817695295493300e+00 -2.653334564476826252e+00 3.230366866890309052e-01 -2.653334564476826252e+00 2.353549779111778206e-01
4.461013513344658676e+00 1.211014475426153592e+00 -9.845033519804233246e-02 1.211014475426153592e+00 2.297074530569318540e+00 1.536329629432243493e+00 -9.845033519804233246e-02 1.536329629432243493e+00 1.553676080245019575e+00
5.949220040345868377e+00 -7.362231917191255359e-01 -8.804653194984051190e-01 -7.362231917191255359e-01 6.445690863162893969e+00 -2.264143808322067741e+00 -8.804653194984051190e-01 -2.264143808322067741e+00 2.617277057175461663e-01
-6.675459580514999658e+00 -1.215959812590061251e+00 1.329025596077841431e+00 -1.215959812590061251e+00 3.207167613300931475e+00 -1.437174166337681580e+00 1.329025596077841431e+00 -1.437174166337681580e+00 1.103240417782962890e+00
1.543980320165256215e+00 1.354207671224315623e+00 -7.463051217427238981e-01 1.354207671224315623e+00 -5.095640734187973919e-01 1.470300069761919959e+00 -7.463051217427238981e-01 1.470300069761919959e+00 2.766130311820515164e+00
9.423999745191375510e+00 -3.103428946084537537e-02 -6.245012013130817052e-02 -3.103428946084537537e-02 9.500403372417263625e+00 4.203085218089026159e-02 -6.245012013130817052e-02 4.203085218089026159e-02 -1.295114383102782707e+00
2.121440338739986942e+00 -1.069743465688232642e-01 -2.408141244583971385e+00 -1.069743465688232642e-01 2.045127092704043026e+00 1.091147388476564117e+00 -2.408141244583971385e+00 1.091147388476564117e+00 1.874627532924874274e+00
3.095165574900887950e+00 -1.386791780940171748e+00 -1.296963675273000716e-01 -1.386791780940171748e+00 5.954899217137453959e+00 5.327389786326088839e-01 -1.296963675273000716e-01 5.327389786326088839e-01 5.499567346194836892e-01
6.261114187158650424e+00 4.461771335374512759e+00 7.371044570385600903e-01 4.461771335374512759e+00 4.616987079704796826e-01 1.964956378668071935e+00 7.371044570385600903e-01 1.964956378668071935e+00 -1.633829973577193506e+00
3.509546818864902384e+00 -7.505370356796553510e-02 -2.152717519975349880e+00 -7.505370356796553510e-02 1.173140900083397664e+00 -2.446103824904236834e+00 -2.152717519975349880e+00 -2.446103824904236834e+00 1.576839077983836157e+00
9.588757415387240357e+00 -2.725294354410131778e-02 -3.659388994384204369e-02 -2.725294354410131778e-02 9.505874400833741689e+00 1.606765419001353612e-01 -3.659388994384204369e-02 1.606765419001353612e-01 -1.394887409417737700e+00
4.225010981372650853e+00 4.036444684549991280e+00 9.343752452490169391e-01 4.036444684549991280e+00 -1.165363673707484615e+00 6.694757329746234831e-01 9.343752452490169391e-01 6.694757329746234831e-01 1.814019833404217463e+00
9.422786989203663310e+00 1.327218350597734152e-02 1.433504830419729363e-02 1.327218350597734152e-02 9.680967749868706562e+00 -7.171612093630262696e-02 1.433504830419729363e-02 -7.171612093630262696e-02 -1.252218249964367258e+00
3.419805345827986454e+00 -2.043747449417919082e+00 3.300219042953990822e+00 -2.043747449417919082e+00 5.639123158982609851e+00 7.541539949283360134e-01 3.300219042953990822e+00 7.541539949283360134e-01 -2.843671782945444981e+00
6.618554078570989541e-01 1.148070585909257979e-01 7.259381443256828215e-01 1.148070585909257979e-01 2.957922911949441014e-01 9.278859376776948942e-01 7.259381443256828215e-01 9.278859376776948942e-01 7.535569933986546509e+00
3.668463399645045531e+00 1.076398978025009168e+00 6.123844816506055500e-01 1.076398978025009168e+00 1.000729103538644971e+00 -2.149887292128547234e+00 6.123844816506055500e-01 -2.149887292128547234e+00 4.182225131672204554e+00
9.422786989203663310e+00 1.327218350597734152e-02 1.433504830419729363e-02 1.327218350597734152e-02 9.680967749868706562e+00 -7.171612093630262696e-02 1.433504830419729363e-02 -7.171612093630262696e-02 -1.252218249964367258e+00
6.810093626750122198e+00 -1.280836762400641149e+00 1.437809082583224374e+00 -1.280836762400641149e+00 4.899107314370442445e+00 2.819839826364486157e+00 1.437809082583224374e+00 2.819839826364486157e+00 -1.063850914524831826e+00
-9.521886612299542918e+00 -1.565387600844304172e+00 9.541314486204018411e-03 -1.565387600844304172e+00 -5.226066694400759438e+00 -1.374270991518258711e+00 9.541314486204018411e-03 -1.374270991518258711e+00 -6.107830097374566058e+00
9.517661298916564760e+00 -6.839126182392225861e-02 -1.011220470203879340e-01 -6.839126182392225861e-02 9.469144246172179535e+00 1.283409243850591464e-01 -1.011220470203879340e-01 1.283409243850591464e-01 -1.416975920160231883e+00
1.070948459341700953e+01 -5.700945856055559258e-01 1.674112176457859258e-02 -5.700945856055559258e-01 8.226658950762711697e+00 1.359967753234271992e+00 1.674112176457859258e-02 1.359967753234271992e+00 2.576108278742782698e+00
1.938553491429680475e+00 1.703466467500845960e+00 1.603990741905245043e+00 1.703466467500845960e+00 7.864321455569174280e-01 5.696187091311234463e-01 1.603990741905245043e+00 5.696187091311234463e-01 1.019375731257601003e-01
1.248981596330484889e+00 -1.160576932906156156e+00 4.661344063958446915e-01 -1.160576932906156156e+00 6.371337359285120794e-01 -2.851941474802879295e+00 4.661344063958446915e-01 -2.851941474802879295e+00 7.708196163987863780e-01
-7.965366587056338155e+00 -6.270777356270686165e-02 1.685047458163594136e+00 -6.270777356270686165e-02 -2.287987221188608977e+00 -1.886657470387284929e+00 1.685047458163594136e+00 -1.886657470387284929e+00 -8.700272106319411058e-01
-2.647211605417580049e+00 1.741252142219345211e+00 -3.962063907479666525e-01 1.741252142219345211e+00 -1.325704117458636366e+00 -1.622171851707714607e+00 -3.962063907479666525e-01 -1.622171851707714607e+00 -2.336207935007619696e+00
2.951714485807194865e+00 7.108119092461357980e-01 -1.170660564639318446e+00 7.108119092461357980e-01 2.745995503110182145e+00 -4.744338304943961360e-01 -1.170660564639318446e+00 -4.744338304943961360e-01 3.697530815296243389e+00
9.362898645765499239e+00 -1.257042020971673411e-02 -9.736114081130196884e-03 -1.257042020971673411e-02 9.545425235152119825e+00 -2.459578154855144097e-02 -9.736114081130196884e-03 -2.459578154855144097e-02 -1.398893592118720663e+00
9.370345512588926340e+00 4.678649082933593328e-02 6.646992930406310507e-02 4.678649082933593328e-02 9.596326920456613507e+00 -5.967031988980983637e-02 6.646992930406310507e-02 -5.967031988980983637e-02 -1.293990199181588530e+00
6.197015498809427037e+00 1.113381968587609405e+00 -1.076853881012439951e+00 1.113381968587609405e+00 2.032443454411996697e+00 3.198250706982542213e-01 -1.076853881012439951e+00 3.198250706982542213e-01 -3.917787729648343209e-01
4.426808522974063353e-01 5.179255051899959161e-01 -6.796326755883306259e-01 5.179255051899959161e-01 -2.858518010060968173e+00 -5.206395046931787673e-01 -6.796326755883306259e-01 -5.206395046931787673e-01 -6.384506831269917138e-01
-3.432259421727463344e+00 2.491758190541425444e-01 -5.809524650416581615e+00 2.491758190541425444e-01 -5.558654946237177263e+00 8.360196621368441994e-01 -5.809524650416581615e+00 8.360196621368441994e-01 -2.063273616927104592e-01
9.517661298916564760e+00 -6.839126182392225861e-02 -1.011220470203879340e-01 -6.839126182392225861e-02 9.469144246172179535e+00 1.283409243850591464e-01 -1.011220470203879340e-01 1.283409243850591464e-01 -1.416975920160231883e+00
1.597997856806411043e+00 -5.104191977193192287e+00 -3.132241131758558339e+00 -5.104191977193192287e+00 8.368060189030197549e+00 -1.382973348937193814e+00 -3.132241131758558339e+00 -1.382973348937193814e+00 1.312080532239075481e+01
-1.419229340403972417e+00 1.320498371678143767e+00 1.985703256525383820e+00 1.320498371678143767e+00 -3.855948106032383027e+00 1.989869482978623427e+00 1.985703256525383820e+00 1.989869482978623427e+00 -1.303184691389353445e+00
-2.015257334323154126e+00 3.097781077185292276e+00 -4.055435945252988894e+00 3.097781077185292276e+00 -7.823142318679958684e+00 1.118755326231145153e+00 -4.055435945252988894e+00 1.118755326231145153e+00 -3.857833691613584470e+00
1.268771709241484524e+00 -4.680752400396043789e-01 1.692166369845269913e-01 -4.680752400396043789e-01 1.440130034299003103e-01 -8.433284774374463222e-01 1.692166369845269913e-01 -8.433284774374463222e-01 -3.723154000629338434e+00
-2.662980930908143140e+00 -1.197197988000336943e+00 1.572401418363964964e+00 -1.197197988000336943e+00 -1.901100629307457823e-01 -2.862975684032027512e+00 1.572401418363964964e+00 -2.862975684032027512e+00 -3.979366525362406648e+00
2.288869989601782340e+00 1.465062836750280262e+00 3.919444805862100090e-01 1.465062836750280262e+00 -2.941601248023185899e+00 5.737787261312699005e-01 3.919444805862100090e-01 5.737787261312699005e-01 -2.894764386098454878e+00
-9.766845179333845550e+00 4.911597102703977868e-01 3.208933331840200243e-01 4.911597102703977868e-01 -8.838697465467079795e+00 -1.619411786282259902e+00 3.208933331840200243e-01 -1.619411786282259902e+00 8.053199009416054821e+00
3.517624964373751606e+00 -1.449509151377543104e+00 -1.481483836962743883e+00 -1.449509151377543104e+00 6.773450674950463934e+00 -2.456897906403034959e+00 -1.481483836962743883e+00 -2.456897906403034959e+00 2.343862105941147522e+00
3.068222682329662554e+00 -1.774336314385192681e+00 -8.155941995718523074e-01 -1.774336314385192681e+00 4.105211033045262359e-01 1.316910319032862375e+00 -8.155941995718523074e-01 1.316910319032862375e+00 -6.441832174858332927e+00
4.640264378158181380e+00 2.798547896341415431e+00 5.906619250993234704e-01 2.798547896341415431e+00 3.276041711138932833e+00 -3.866602925296722670e-01 5.906619250993234704e-01 -3.866602925296722670e-01 1.601017331551354506e+00
6.723089799376524844e+00 6.331619663434467249e+00 1.489602737842192326e+00 6.331619663434467249e+00 4.857669574629155385e+00 -3.597569763152207445e-01 1.489602737842192326e+00 -3.597569763152207445e-01 2.372238225199659656e+00
6.106995726397572710e+00 4.200571942854776530e+00 9.780227896598405746e-01 4.200571942854776530e+00 2.916900567346414785e+00 2.534075901732053548e-01 9.780227896598405746e-01 2.534075901732053548e-01 3.272637588034185363e+00
1.132848034381572999e+00 2.747683931153063419e+00 -2.573626164495816937e+00 2.747683931153063419e+00 1.976712550025855331e+00 -2.763180955171602893e+00 -2.573626164495816937e+00 -2.763180955171602893e+00 -3.177127312392519887e+00
1.706747608446486375e-01 1.598042175398983744e-02 5.549360133474500190e-01 1.598042175398983744e-02 -5.187169377984373053e-01 -2.097050729807508063e+00 5.549360133474500190e-01 -2.097050729807508063e+00 6.999778241850955318e+00
9.401700024136415479e+00 1.581352049146479005e-02 2.773668329200911983e-02 1.581352049146479005e-02 9.419761912470267617e+00 9.637322160782828273e-02 2.773668329200911983e-02 9.637322160782828273e-02 -1.766610746123393527e+00
3.860269715112626177e+00 -5.859633697540900243e-01 -8.624098870364472758e-01 -5.859633697540900243e-01 9.414041977335593225e-01 6.365125669666343855e-01 -8.624098870364472758e-01 6.365125669666343855e-01 -4.338226698024446826e+00
2.968795100800129649e+00 1.463689046328634280e+00 -3.388681532977361854e+00 1.463689046328634280e+00 7.427677567964304117e+00 2.580447155511842450e+00 -3.388681532977361854e+00 2.580447155511842450e+00 1.790582430385724511e+00
1.147748866910931476e+01 2.092906906400871403e+00 9.503249809264494030e-03 2.092906906400871403e+00 8.601868727962692418e+00 -2.376749798655428680e+00 9.503249809264494030e-03 -2.376749798655428680e+00 6.824032767628156471e+00
9.364622394444664266e+00 5.554149894287848527e-02 8.474984118626907592e-02 5.554149894287848527e-02 9.562669535179649571e+00 -5.695865200717174781e-02 8.474984118626907592e-02 -5.695865200717174781e-02 -1.202447561816952337e+00
4.712634223662242938e+00 4.040107840377339166e+00 -1.861004656042758887e+00 4.040107840377339166e+00 2.247136733423939159e+00 -1.220114589862400178e+00 -1.861004656042758887e+00 -1.220114589862400178e+00 5.123785625517229825e+00
9.943427360568939832e+00 -1.386393364045289678e+00 -1.781722575634220762e+00 -1.386393364045289678e+00 6.665566524711098673e+00 5.314473295070258896e-01 -1.781722575634220762e+00 5.314473295070258896e-01 1.819490874522187607e+00
5.308803222777907393e+00 -4.749004382195129437e-01 7.152645684356629951e-01 -4.749004382195129437e-01 1.621051227497806835e+00 1.839348629360934462e+00 7.152645684356629951e-01 1.839348629360934462e+00 1.055946236767324686e+00
-2.361863342433327073e+00 -4.409508676350831102e+00 -2.641629908325209719e+00 -4.409508676350831102e+00 3.856944027287395826e+00 -1.042520279010330064e+00 -2.641629908325209719e+00 -1.042520279010330064e+00 -1.228070505372118815e+00
2.770455739724592803e+00 -2.217249245336154750e+00 -1.139760035959099138e+00 -2.217249245336154750e+00 -1.801948319539487198e+00 -1.463599704879218755e-01 -1.139760035959099138e+00 -1.463599704879218755e-01 -1.038824829647902570e+00
8.470430023098458605e+00 3.261063969142837582e+00 -9.210287732911945358e-02 3.261063969142837582e+00 3.635377952805448842e+00 6.543097654343145164e-01 -9.210287732911945358e-02 6.543097654343145164e-01 7.317596363982395324e+00
-8.066886508819957891e-02 -1.869818486274774205e+00 1.100926275857573300e-01 -1.869818486274774205e+00 2.227132339285037954e+00 -8.882587149786283498e-02 1.100926275857573300e-01 -8.882587149786283498e-02 -7.555975994039065835e-01
2.599821647998243446e+00 1.078243931943715928e-01 6.391972392352312404e+00 1.078243931943715928e-01 -4.081675013341776292e+00 3.463921319969881729e+00 6.391972392352312404e+00 3.463921319969881729e+00 -1.482395318407600637e+00
2.824866014797985159e+00 2.676843362057404807e+00 1.155182927496965828e+00 2.676843362057404807e+00 -3.776540140018271874e-01 4.476976026864220581e-01 1.155182927496965828e+00 4.476976026864220581e-01 1.287692153360665115e+00
4.228030242557129448e+00 1.310352277760822970e+00 1.397656030352054435e+00 1.310352277760822970e+00 4.229714956911815871e-01 -7.347054756880916360e-01 1.397656030352054435e+00 -7.347054756880916360e-01 6.275483690730597752e-01
2.838816418533023356e+00 -5.200237220754501122e-01 -2.012072704219121544e+00 -5.200237220754501122e-01 -3.663781241756470797e-01 2.299257534666074576e-01 -2.012072704219121544e+00 2.299257534666074576e-01 3.901410083247796035e+00
5.757052308808217056e-01 8.868868521593309406e-01 1.098943747420510044e-03 8.868868521593309406e-01 9.526115378532733491e-01 -1.003555430144409844e+00 1.098943747420510044e-03 -1.003555430144409844e+00 3.266775130769579594e+00
2.862963923982210002e+00 1.625710079479999320e-02 -1.313602182297031629e+00 1.625710079479999320e-02 -5.879374972813296907e+00 2.079194717636988265e+00 -1.313602182297031629e+00 2.079194717636988265e+00 -3.019902612753002646e+00
3.209385934675939911e+00 2.600513407590776982e+00 4.343397450370060087e-01 2.600513407590776982e+00 9.680774918344464686e-01 1.879523091698490189e+00 4.343397450370060087e-01 1.879523091698490189e+00 1.893571018800770389e+00
-1.941390424023520467e+00 3.645124920901365306e-01 -6.608790240385604697e-01 3.645124920901365306e-01 -1.134729719513005053e+00 5.073718549282772994e-01 -6.608790240385604697e-01 5.073718549282772994e-01 -1.621995096466075648e+00
4.181755416547573018e-02 -2.307420115664344351e+00 1.032786203769743283e+00 -2.307420115664344351e+00 5.143777043171645635e-01 1.453459593375211023e+00 1.032786203769743283e+00 1.453459593375211023e+00 -9.040886733747297566e-01
7.429439976261901890e+00 -1.206263978509166668e+00 1.010072533658216143e+00 -1.206263978509166668e+00 1.813804461451526517e+00 -3.548202133543488235e-01 1.010072533658216143e+00 -3.548202133543488235e-01 -5.441890810745221296e-01
9.588757415387240357e+00 -2.725294354410131778e-02 -3.659388994384204369e-02 -2.725294354410131778e-02 9.505874400833741689e+00 1.606765419001353612e-01 -3.659388994384204369e-02 1.606765419001353612e-01 -1.394887409417737700e+00
-4.234292467942923466e+00 -1.133959506748051904e+00 5.617469509243840919e-01 -1.133959506748051904e+00 3.114511419273502391e+00 -9.598189575258957440e-01 5.617469509243840919e-01 -9.598189575258957440e-01 -1.568982137594854720e+00
-2.218454294261290816e+00 -6.514710949863103950e-01 2.057364466530051672e-01 -6.514710949863103950e-01 -8.028623497558274869e-01 -1.148979229619941034e+00 2.057364466530051672e-01 -1.148979229619941034e+00 2.009474934409575919e+00
-2.751141757284961908e+00 -3.742787314397419518e+00 -2.494793140123841457e+00 -3.742787314397419518e+00 -4.221546920068165676e+00 -3.827804376719005752e+00 -2.494793140123841457e+00 -3.827804376719005752e+00 -2.951787371348957301e+00
3.980793572278765513e+00 -1.342336598790419000e-01 8.230855765498249488e-01 -1.342336598790419000e-01 7.482424749130465180e-01 9.421573611104053780e-01 8.230855765498249488e-01 9.421573611104053780e-01 -4.714769743783353562e+00
2.565659061267794652e-02 -2.293662184952867111e+00 -1.309650577267769789e+00 -2.293662184952867111e+00 7.609080033276391930e+00 -1.837257117678826823e+00 -1.309650577267769789e+00 -1.837257117678826823e+00 1.890953192351528145e+00
4.657472234858037297e+00 2.402868678940295322e+00 3.483683075407299490e-01 2.402868678940295322e+00 -2.574901844039621857e+00 9.582539708015543889e-01 3.483683075407299490e-01 9.582539708015543889e-01 -9.768091186257409353e-01
-7.011196889994804948e+00 5.742687320425394759e-01 -1.837149458903068466e-01 5.742687320425394759e-01 -5.780796106873358653e+00 -8.642217452761391527e-01 -1.837149458903068466e-01 -8.642217452761391527e-01 8.254258343353342298e+00
-1.259157734943612938e+00 2.316621611856116925e+00 -4.552361274329110308e-01 2.316621611856116925e+00 1.532260102524382495e+00 -8.124280489213296930e-01 -4.552361274329110308e-01 -8.124280489213296930e-01 -1.960891980665643741e+00
-5.070641192066730696e+00 3.495030359470045145e+00 2.152571815927357690e+00 3.495030359470045145e+00 -7.425737257540906633e+00 1.745196106605493735e+00 2.152571815927357690e+00 1.745196106605493735e+00 -1.332409226648062717e+00
-2.995598607371443123e+00 2.973759220049876806e+00 9.565834264300008272e-01 2.973759220049876806e+00 -4.614850969056214502e+00 1.346803722130055947e+00 9.565834264300008272e-01 1.346803722130055947e+00 2.656287077328236546e+00
6.415868499903353062e+00 -1.945696867509696615e+00 -8.229406171130750902e-01 -1.945696867509696615e+00 -1.695526206832428828e+00 -2.038048609961070901e-01 -8.229406171130750902e-01 -2.038048609961070901e-01 1.571119192406201126e+00
9.420995108165637788e+00 -6.687191022133860685e-02 -1.015512808812075313e-01 -6.687191022133860685e-02 9.694928070199171799e+00 -8.882415624611222915e-02 -1.015512808812075313e-01 -8.882415624611222915e-02 -1.507837233936265564e+00
6.456511591911782588e+00 -1.796247290792892581e+00 1.796850748348778115e+00 -1.796247290792892581e+00 3.004287366649611268e+00 8.147571015648531478e-01 1.796850748348778115e+00 8.147571015648531478e-01 -1.425851003064981803e+00
6.085725843115363354e+00 1.917131176090551614e+00 1.507513986149974228e+00 1.917131176090551614e+00 1.158168963549215613e+00 -6.207491343652209448e-01 1.507513986149974228e+00 -6.207491343652209448e-01 5.466213139180565506e+00
-3.960596353134005487e-01 -5.040275598507483856e+00 -7.963125712482630458e-01 -5.040275598507483856e+00 -6.610188357980160134e-01 -1.551744447464479260e+00 -7.963125712482630458e-01 -1.551744447464479260e+00 -3.311830564969425184e-01
-2.937219254972771032e-01 -1.054199606406581058e+00 3.512614679086126929e-02 -1.054199606406581058e+00 2.075560455336212806e-01 3.652726710987778680e-01 3.512614679086126929e-02 3.652726710987778680e-01 -2.252504739589597182e+00
-1.297688952676508300e+00 1.818707497134617102e+00 -1.128847893749590714e+00 1.818707497134617102e+00 -1.169436460400767430e+00 7.737113856543578194e-01 -1.128847893749590714e+00 7.737113856543578194e-01 -5.561386836954792301e+00
3.548067871193973044e+00 1.045080610977530577e+00 1.313530413767937999e+00 1.045080610977530577e+00 9.418472257168258865e-01 2.577333112350788102e+00 1.313530413767937999e+00 2.577333112350788102e+00 -2.455486388361137529e+00
