-9.174052934177563401e+00 -3.202321891572006418e-01 -2.368575008938187884e-02 -3.202321891572007528e-01 -1.048885883101374006e+01 9.733802054422948657e-01 -2.368575008938193435e-02 9.733802054422947547e-01 -8.254854707110512280e+00
-9.181434720452790188e+00 -2.569001317918301885e-01 -1.612447010030638311e-02 -2.569001317918302441e-01 -1.054207396006935227e+01 1.081960253510906744e+00 -1.612447010030642475e-02 1.081960253510906522e+00 -8.138160794507822260e+00
-9.162493952031471878e+00 -1.958913855600520337e-01 -1.399370545905086367e-02 -1.958913855600520615e-01 -1.056352692699731932e+01 1.193307436472684113e+00 -1.399370545905086367e-02 1.193307436472684113e+00 -7.976766310289441719e+00
-9.105851594548335370e+00 -1.376012794657985039e-01 -2.074440097802463662e-02 -1.376012794657985039e-01 -1.055124247900685397e+01 1.304626951265137169e+00 -2.074440097802460539e-02 1.304626951265136947e+00 -7.790933914089915646e+00
-8.981941726427148609e+00 -8.284275683451858274e-02 -3.639746657300550053e-02 -8.284275683451856886e-02 -1.047240470149419345e+01 1.412182053781829261e+00 -3.639746657300554217e-02 1.412182053781829039e+00 -7.550848392733096937e+00
-8.882498756790928596e+00 -3.120809337166583625e-02 -5.510105275614862741e-02 -3.120809337166583972e-02 -1.040944140136881302e+01 1.521954110554891493e+00 -5.510105275614866904e-02 1.521954110554891493e+00 -7.311895200902272407e+00
-8.725310565508410221e+00 2.179480573148764519e-02 -8.117254506750147536e-02 2.179480573148763825e-02 -1.029168080902033111e+01 1.635720381649869326e+00 -8.117254506750146148e-02 1.635720381649869104e+00 -7.018919206997678018e+00
-8.567516914115481441e+00 7.388631317741436999e-02 -1.109605144743142091e-01 7.388631317741436999e-02 -1.017359747177955320e+01 1.751380099253042832e+00 -1.109605144743141814e-01 1.751380099253042832e+00 -6.732379644480795733e+00
-8.377158704726477723e+00 1.234971414187994443e-01 -1.471133960458995693e-01 1.234971414187994443e-01 -1.002042303134040324e+01 1.863070798011501550e+00 -1.471133960458995971e-01 1.863070798011501328e+00 -6.417136292015740651e+00
-8.168594382664711162e+00 1.713715051208425655e-01 -1.859548974720945658e-01 1.713715051208425377e-01 -9.845676425957476496e+00 1.973408779883915276e+00 -1.859548974720945935e-01 1.973408779883915498e+00 -6.068501908865915340e+00
-4.762073945972833400e+00 -6.197996149215510842e-02 -1.286641702043601398e+00 -6.197996149215510842e-02 -9.858856989151510319e+00 3.393346846613236600e+00 -1.286641702043601398e+00 3.393346846613236600e+00 -8.855870264120230928e+00
-4.998331164868034193e+00 -5.556921976343857233e-02 -1.244838621683450164e+00 -5.556921976343857233e-02 -9.907340187330559544e+00 3.214503755298611765e+00 -1.244838621683450164e+00 3.214503755298611765e+00 -9.037390266802972860e+00
-5.221950314296547546e+00 -5.978544320988832261e-02 -1.207594372347248868e+00 -5.978544320988832261e-02 -9.932497339655618873e+00 3.018753884216626826e+00 -1.207594372347248868e+00 3.018753884216626826e+00 -9.192921398404369171e+00
-5.415398489827117245e+00 -6.402530299001871206e-02 -1.174739830424639919e+00 -6.402530299001871206e-02 -9.893421550363179051e+00 2.802864073453271487e+00 -1.174739830424639919e+00 2.802864073453271487e+00 -9.317032570463108954e+00
-5.557237378718224541e+00 -7.580478709262523929e-02 -1.150345706796020329e+00 -7.580478709262523929e-02 -9.799855192215360944e+00 2.578408941151677958e+00 -1.150345706796020329e+00 2.578408941151677958e+00 -9.373544707244368723e+00
-5.692916560318725949e+00 -9.313384762105099413e-02 -1.129479950420853029e+00 -9.313384762105099413e-02 -9.682765872783894778e+00 2.337466857444907564e+00 -1.129479950420853029e+00 2.337466857444907564e+00 -9.414789744926618908e+00
-5.813877198701522531e+00 -1.122289632760422873e-01 -1.110643935887797751e+00 -1.122289632760422873e-01 -9.516866630732005561e+00 2.069036412256447743e+00 -1.110643935887797751e+00 2.069036412256447743e+00 -9.425258534968012469e+00
-5.942982144198090566e+00 -1.438273732205500866e-01 -1.095855324063973013e+00 -1.438273732205500866e-01 -9.355288442050076370e+00 1.788747008140943784e+00 -1.095855324063973013e+00 1.788747008140943784e+00 -9.425056654841219128e+00
-6.051768821387909725e+00 -1.743720133413355911e-01 -1.083737696811811313e+00 -1.743720133413355911e-01 -9.154697855276710428e+00 1.497742912563452267e+00 -1.083737696811811313e+00 1.497742912563452267e+00 -9.403384951331128505e+00
-6.118608972386431866e+00 -2.099237731696795561e-01 -1.077472880192229532e+00 -2.099237731696795561e-01 -8.910075203453894588e+00 1.198017597168238524e+00 -1.077472880192229532e+00 1.198017597168238524e+00 -9.324097870487518591e+00
-1.198401430392379829e+01 6.117971900137998409e-01 -5.956062518250392346e-01 6.117971900137998409e-01 -2.004001355388157535e+01 -7.795930480117749251e-02 -5.956062518250392346e-01 -7.795930480117749251e-02 -1.600160308472591808e+01
-1.192865728562490801e+01 5.442972410916567805e-01 -8.079290276179968977e-01 5.442972410916567805e-01 -2.000820204472194064e+01 -8.160140750486941097e-02 -8.079290276179968977e-01 -8.160140750486941097e-02 -1.597139793723067136e+01
-1.185358152567884105e+01 4.701225904402930311e-01 -1.020524258766116743e+00 4.701225904402930311e-01 -1.994403382058017726e+01 -8.666202176979302674e-02 -1.020524258766116743e+00 -8.666202176979302674e-02 -1.587631301076091894e+01
-1.173323446633325240e+01 3.846380793947916099e-01 -1.238102576783768560e+00 3.846380793947916099e-01 -1.981612431467426205e+01 -9.678738629860914044e-02 -1.238102576783768560e+00 -9.678738629860914044e-02 -1.573931861954397071e+01
-1.155485897628848413e+01 2.903382050801299741e-01 -1.459680186287054537e+00 2.903382050801299741e-01 -1.961355685154676110e+01 -1.113351104832805694e-01 -1.459680186287054537e+00 -1.113351104832805694e-01 -1.555653996874862166e+01
-1.137420999645030406e+01 1.902722286333598245e-01 -1.671970066592768589e+00 1.902722286333598245e-01 -1.939279435470713508e+01 -1.264170556053339223e-01 -1.671970066592768589e+00 -1.264170556053339223e-01 -1.530469072427384170e+01
-1.118493060803438865e+01 7.272919359159162045e-02 -1.897463066698039214e+00 7.272919359159162045e-02 -1.914639305035442263e+01 -1.450787418773359927e-01 -1.897463066698039214e+00 -1.450787418773359927e-01 -1.504750452862072052e+01
-1.094954006555760806e+01 -5.702222719001058537e-02 -2.124520189641045054e+00 -5.702222719001058537e-02 -1.883318838675983287e+01 -1.675664146244348340e-01 -2.124520189641045054e+00 -1.675664146244348340e-01 -1.472150115247165125e+01
-1.069716800408394697e+01 -1.920695885425121596e-01 -2.346045875221882238e+00 -1.920695885425121596e-01 -1.848845221456294396e+01 -1.905217841776554732e-01 -2.346045875221882238e+00 -1.905217841776554732e-01 -1.434992789743384023e+01
-1.042516700843579436e+01 -3.369441212013998266e-01 -2.565657408356594615e+00 -3.369441212013998266e-01 -1.811038250661894011e+01 -2.155886663829023053e-01 -2.565657408356594615e+00 -2.155886663829023053e-01 -1.394726210149382339e+01
-6.657067441824673359e+00 -1.119875344547911933e+00 -5.779869481153676603e-01 -1.119875344547911933e+00 -1.432274513799288229e+01 -3.801626259426736376e-01 -5.779869481153676603e-01 -3.801626259426736376e-01 -4.337749298358702710e+00
-6.614189848479551159e+00 -1.172757978939937162e+00 -6.708206240904051043e-01 -1.172757978939937162e+00 -1.439877159077447644e+01 -2.734484578457158088e-01 -6.708206240904051043e-01 -2.734484578457158088e-01 -4.351676156769337389e+00
-6.576082969714154736e+00 -1.224592285056197882e+00 -7.664191436514836697e-01 -1.224592285056197882e+00 -1.448177307799922531e+01 -1.597700634678486942e-01 -7.664191436514836697e-01 -1.597700634678486942e-01 -4.354370115534522689e+00
-6.489884498237470822e+00 -1.273233106632119860e+00 -8.582995808172977359e-01 -1.273233106632119860e+00 -1.452270100791604790e+01 -3.937964444769830041e-02 -8.582995808172977359e-01 -3.937964444769830041e-02 -4.319788467802469611e+00
-6.392067857396114938e+00 -1.317749919700768269e+00 -9.449833043285357226e-01 -1.317749919700768269e+00 -1.455291876647204674e+01 8.351925002346965998e-02 -9.449833043285357226e-01 8.351925002346965998e-02 -4.272972442652180902e+00
-6.210943492593739457e+00 -1.359680660789809759e+00 -1.028355362033354314e+00 -1.359680660789809759e+00 -1.451063867728956147e+01 2.155598024307334160e-01 -1.028355362033354314e+00 2.155598024307334160e-01 -4.163361979727263851e+00
-6.060989943403950697e+00 -1.400898355565507680e+00 -1.113802547137201060e+00 -1.400898355565507680e+00 -1.450456119293670376e+01 3.561112715104169935e-01 -1.113802547137201060e+00 3.561112715104169935e-01 -4.072499905639676676e+00
-5.922580494131984175e+00 -1.439671861702217281e+00 -1.198245099186134421e+00 -1.439671861702217281e+00 -1.451321045094721462e+01 5.008281282491716668e-01 -1.198245099186134421e+00 5.008281282491716668e-01 -3.983093991022799596e+00
-5.736294507639201790e+00 -1.474625087253683686e+00 -1.275389370099772490e+00 -1.474625087253683686e+00 -1.447626009348562270e+01 6.481963420464593728e-01 -1.275389370099772490e+00 6.481963420464593728e-01 -3.860666230992528813e+00
-5.519494379668303807e+00 -1.506097115522806229e+00 -1.348094410638351448e+00 -1.506097115522806229e+00 -1.441108023126389348e+01 7.973051682432529264e-01 -1.348094410638351448e+00 7.973051682432529264e-01 -3.690896809826478275e+00
-6.063142418759516872e+00 1.087981632015150968e+00 -1.197491273093590713e+00 1.087981632015150968e+00 -7.823167179771397528e+00 7.214745913979248026e-01 -1.197491273093590713e+00 7.214745913979248026e-01 -7.374078584809970138e+00
-5.995956223725070089e+00 1.090535168904602559e+00 -1.225763017805413746e+00 1.090535168904602559e+00 -7.771464400768310021e+00 8.053487003612729289e-01 -1.225763017805413746e+00 8.053487003612729289e-01 -7.361019392816031903e+00
-5.894435665099840627e+00 1.083871622134127133e+00 -1.268127800900771485e+00 1.083871622134127133e+00 -7.676186961941608544e+00 8.882247339142319564e-01 -1.268127800900771485e+00 8.882247339142319564e-01 -7.294745033210439544e+00
-5.774145435641979240e+00 1.068601817297339718e+00 -1.322706192594399699e+00 1.068601817297339718e+00 -7.565786071741562147e+00 9.713049097653437824e-01 -1.322706192594399699e+00 9.713049097653437824e-01 -7.208836265169233926e+00
-5.584240322801597323e+00 1.044212792791340050e+00 -1.388922756221596000e+00 1.044212792791340050e+00 -7.387172929232143304e+00 1.051989353710228281e+00 -1.388922756221596000e+00 1.051989353710228281e+00 -7.061967019143770230e+00
-5.412955746373153687e+00 1.014486973256747193e+00 -1.463868184606193834e+00 1.014486973256747193e+00 -7.221867442722495589e+00 1.131092555954938073e+00 -1.463868184606193834e+00 1.131092555954938073e+00 -6.904836837343659717e+00
-5.194487561225211714e+00 9.763816750867130301e-01 -1.552531051099982573e+00 9.763816750867130301e-01 -7.011951468770720730e+00 1.213078364461654512e+00 -1.552531051099982573e+00 1.213078364461654512e+00 -6.708233529141981677e+00
-4.960658323729618679e+00 9.311498432075701048e-01 -1.651113282434812923e+00 9.311498432075701048e-01 -6.785911404762935639e+00 1.295393821563197045e+00 -1.651113282434812923e+00 1.295393821563197045e+00 -6.483852939573859331e+00
-4.703542673535090479e+00 8.806905858908905538e-01 -1.755938308096197442e+00 8.806905858908905538e-01 -6.536875370656873407e+00 1.374937850105331538e+00 -1.755938308096197442e+00 1.374937850105331538e+00 -6.229431887006792401e+00
-4.436970303087136358e+00 8.272004918557470665e-01 -1.865631768718199135e+00 8.272004918557470665e-01 -6.278755203188049805e+00 1.453805353904222386e+00 -1.865631768718199135e+00 1.453805353904222386e+00 -5.955522450519570299e+00
