-3.936719231010520126e+00 2.006295077513974512e+00 -1.262671118293042793e+00 2.006295077513974512e+00 -4.180807588906531258e+00 1.365714463739300832e+00 -1.262671118293042793e+00 1.365714463739300832e+00 -3.744672727939479362e+00
-5.138856804906630216e-02 8.634308816818753174e-01 2.200347940248757461e-01 8.634308816818753174e-01 6.748376408624744194e+00 3.918974627007589806e+00 2.200347940248757461e-01 3.918974627007589806e+00 3.304647130650039788e+00
-4.808808280117137457e+00 2.136944470112058514e-01 -3.375110870622384240e+00 2.136944470112058514e-01 5.810358979677182845e+00 -4.909993702687108552e+00 -3.375110870622384240e+00 -4.909993702687108552e+00 -5.350179218387230762e+00
-4.098166089912393062e+00 5.471756053387767382e-01 -2.985049232924735119e+00 5.471756053387767382e-01 2.267683373008212655e+00 -4.402479179263061759e+00 -2.985049232924735119e+00 -4.402479179263061759e+00 -4.805088320209015329e+00
-2.612167461238211530e+00 2.929165587196001841e+00 1.284273398789371967e+00 2.929165587196001841e+00 -3.238300344259689378e+00 -1.007538633928238170e+00 1.284273398789371967e+00 -1.007538633928238170e+00 -1.519964533078709756e+01
1.376888702883143800e+01 -5.789692038254221629e-01 -1.860971935608437544e+00 -5.789692038254221629e-01 2.883245272700475148e+00 2.640163656494305844e+00 -1.860971935608437544e+00 2.640163656494305844e+00 -4.443581035212304520e-01
6.850644912472798609e+00 8.662420099896315229e-01 1.694908589805178112e+00 8.662420099896315229e-01 1.872013882018798980e-01 -1.681085713129944370e+00 1.694908589805178112e+00 -1.681085713129944370e+00 5.693098762290462744e-01
1.976268778297179285e+00 2.267652948555606507e+00 -1.145210483795029655e+00 2.267652948555606507e+00 1.868399331257805773e+00 -4.003016314588577096e+00 -1.145210483795029655e+00 -4.003016314588577096e+00 -1.830657430824116139e+00
9.619561945585353158e+00 2.786531309234565601e+00 3.147295815466122360e+00 2.786531309234565601e+00 4.566582324911314217e+00 1.372322324014527029e+00 3.147295815466122360e+00 1.372322324014527029e+00 1.140688932153273072e+01
1.249872149252083275e+01 4.882304625274375143e-01 -7.647422271245394310e-01 4.882304625274375143e-01 6.723535569987126870e+00 3.822513068335959385e+00 -7.647422271245394310e-01 3.822513068335959385e+00 9.570237267821262606e+00
8.824376653585547459e+00 6.840824974772488076e-01 1.678159608602455499e+00 6.840824974772488076e-01 8.078262521086507775e+00 -2.156192702772712799e+00 1.678159608602455499e+00 -2.156192702772712799e+00 7.459326933899804501e+00
5.174544876606027799e+00 6.596698382481077871e+00 -4.881977804410312594e+00 6.596698382481077871e+00 3.624482997012984153e+00 -6.072684015736970586e+00 -4.881977804410312594e+00 -6.072684015736970586e+00 -4.096926204214495826e+00
-2.456390463692283976e+00 -2.772044096766259624e-01 1.442775056525845923e+00 -2.772044096766259624e-01 1.144686040983015074e+00 1.137899901304434414e+00 1.442775056525845923e+00 1.137899901304434414e+00 4.166739875680105065e+00
-1.265243311033059648e+01 3.887606507831648517e-01 -4.347733705522190739e+00 3.887606507831648517e-01 -5.262261233876139421e+00 -1.653116255255685299e-02 -4.347733705522190739e+00 -1.653116255255685299e-02 -5.248365779638722195e+00
3.052841197760147285e+00 -3.821699708350976415e-02 -3.478674251925513161e+00 -3.821699708350976415e-02 -5.747508857454449505e+00 -1.458385561385240781e+00 -3.478674251925513161e+00 -1.458385561385240781e+00 -4.085151565501077719e+00
3.870570417342319658e+00 -3.759298070450777796e-01 -1.556374859581135084e+00 -3.759298070450777796e-01 -4.809362291772672826e+00 -2.180388478830122878e+00 -1.556374859581135084e+00 -2.180388478830122878e+00 3.725571173760017452e+00
-2.500827208561419823e+00 -2.683741911357160781e+00 -3.923687963762161335e-01 -2.683741911357160781e+00 2.382361806648796598e+00 -3.045100646644484321e+00 -3.923687963762161335e-01 -3.045100646644484321e+00 -1.487099036519558548e-01
4.824983802612885952e+00 1.388780699360062876e+00 3.171588353235454072e+00 1.388780699360062876e+00 1.009659079646309898e+01 -1.139853555381604294e-01 3.171588353235454072e+00 -1.139853555381604294e-01 9.790093857944880185e+00
-2.746333031593768848e+00 3.282325821373365038e+00 -3.213183780813756218e+00 3.282325821373365038e+00 -8.931067263334382389e+00 -5.074113584856405623e+00 -3.213183780813756218e+00 -5.074113584856405623e+00 -7.588667269628143863e+00
3.022887143956257905e+00 -2.000957050605069121e+00 3.399071167258226112e+00 -2.000957050605069121e+00 2.079389070300457831e+00 5.674981858803097801e+00 3.399071167258226112e+00 5.674981858803097801e+00 8.474649938035698771e-01
7.711855126341800037e+00 3.292556026181505668e-01 -9.556922386934155744e-01 3.292556026181505668e-01 -2.360192961462686867e+00 -9.971536944241118361e-01 -9.556922386934155744e-01 -9.971536944241118361e-01 -2.208386867673934439e+00
-3.064774977814548773e+00 4.416783054354590510e-01 2.044320559373772328e-01 4.416783054354590510e-01 -5.931875576531729699e+00 -1.845548674366257469e+00 2.044320559373772328e-01 -1.845548674366257469e+00 -3.352325636782241269e-01
3.894278960268423795e+00 4.246710608480846361e+00 1.182586102953926410e+00 4.246710608480846361e+00 -1.297185608460850403e+01 -2.061685369164533377e+00 1.182586102953926410e+00 -2.061685369164533377e+00 -6.882452650332559152e+00
-1.688397529247404272e+00 2.250368122929514048e+00 -3.056373854581555971e+00 2.250368122929514048e+00 5.118981625476966002e+00 -2.401638292156894894e-02 -3.056373854581555971e+00 -2.401638292156894894e-02 6.129772455905825090e+00
-2.100346723170135377e+00 3.908658607417031305e+00 9.784817187772832936e-01 3.908658607417031305e+00 1.516437053454017525e-01 1.284213253659335363e+00 9.784817187772832936e-01 1.284213253659335363e+00 -7.704699492483457313e+00
1.625251684764806193e+00 -1.062417596211186588e+00 -3.735899458267932793e-01 -1.062417596211186588e+00 1.793111366263491879e+00 1.123887951528565798e+00 -3.735899458267932793e-01 1.123887951528565798e+00 -1.304101165800483209e+01
-6.104840878292833173e-01 -2.712381283679833555e+00 2.159439012278308034e+00 -2.712381283679833555e+00 -7.003154411842889004e+00 1.799255005306790389e+00 2.159439012278308034e+00 1.799255005306790389e+00 3.171508167162641723e+00
-1.120418085919863671e+01 -7.796364245400873028e-01 -1.074889194305192586e+00 -7.796364245400873028e-01 -1.500850648392151598e-01 -1.301953998646433908e+00 -1.074889194305192586e+00 -1.301953998646433908e+00 -4.967559219434074969e+00
4.890590748865656145e+00 -8.989689989884173116e-01 5.421525201887472001e+00 -8.989689989884173116e-01 6.679412600192855543e-01 -8.583048392142007543e-01 5.421525201887472001e+00 -8.583048392142007543e-01 -4.982349715610582486e+00
-2.577850644174461525e+00 -1.086340371902531909e-01 -1.886521839975150217e+00 -1.086340371902531909e-01 8.261511947810766809e-01 1.537421875713220976e+00 -1.886521839975150217e+00 1.537421875713220976e+00 -5.079869061712558587e-01
2.333677764535597443e-01 1.165330467370175205e+00 4.728919603001715544e+00 1.165330467370175205e+00 6.794566303178474875e+00 -2.380706596916809747e+00 4.728919603001715544e+00 -2.380706596916809747e+00 5.329286020678830615e-01
8.281238560120877779e+00 -4.389013570577987799e+00 -1.288607015543771661e+00 -4.389013570577987799e+00 -5.889620766268149232e+00 3.465783573747409196e+00 -1.288607015543771661e+00 3.465783573747409196e+00 -1.687157894073090247e+00
1.980694344346708879e+00 4.473036566694253757e+00 -1.394187320940043051e+00 4.473036566694253757e+00 -6.724632740771361306e-01 2.808007625693444531e+00 -1.394187320940043051e+00 2.808007625693444531e+00 1.907581279360231197e-01
8.124565776739592238e+00 -4.988547463207769539e+00 2.434579641750371226e-01 -4.988547463207769539e+00 6.966579911987839324e+00 -4.589061411056800932e-02 2.434579641750371226e-01 -4.589061411056800932e-02 -4.306067476132809269e+00
1.102981583160682622e+00 -3.416857925942093477e+00 1.452746688599631852e+00 -3.416857925942093477e+00 -1.937342826905343651e+00 -2.356389325662822998e+00 1.452746688599631852e+00 -2.356389325662822998e+00 -2.494354328421484635e+00
-3.459236645107284680e+00 -1.122994777077207962e+00 -1.287548529367693151e+00 -1.122994777077207962e+00 2.693725613283046272e+00 1.944794210339967577e+00 -1.287548529367693151e+00 1.944794210339967577e+00 -2.066465482332409120e+00
-3.629064122123918601e+00 1.434138054911319182e+00 3.622682095044413852e-01 1.434138054911319182e+00 -2.728879202559771233e+00 1.683188264284940727e+00 3.622682095044413852e-01 1.683188264284940727e+00 3.484532202283265878e+00
-7.413211692347411841e+00 -2.422570998364646400e+00 -3.119582637277430237e+00 -2.422570998364646400e+00 2.355026960563626037e+00 -1.803594209465290366e+00 -3.119582637277430237e+00 -1.803594209465290366e+00 4.077921163135987292e+00
-1.081202523178081343e+01 -5.828499992150217857e+00 -3.147759245428486619e+00 -5.828499992150217857e+00 -1.096552052122544474e+01 -3.260067753263681034e+00 -3.147759245428486619e+00 -3.260067753263681034e+00 -3.581662581602646611e+00
-5.825546124209007637e+00 -4.502302311759984299e+00 1.972423912441948757e-01 -4.502302311759984299e+00 -2.793526686667568093e+00 -4.598635241163817611e+00 1.972423912441948757e-01 -4.598635241163817611e+00 2.144859650849141985e+00
-3.585729563110759077e+00 2.702778310836178033e+00 2.089008214452011195e-02 2.702778310836178033e+00 -2.994590028253930392e+00 8.248789886881668920e-01 2.089008214452011195e-02 8.248789886881668920e-01 1.201640820459832115e+00
-8.769512204931471100e-01 -2.285793697041822004e+00 2.621635334189059030e+00 -2.285793697041822004e+00 -3.960868762096170670e+00 4.106150845912497793e+00 2.621635334189059030e+00 4.106150845912497793e+00 -2.764750755172173058e+00
6.958701882606558975e+00 -2.217874119973413993e+00 -4.649523613687506440e+00 -2.217874119973413993e+00 1.120799412993733846e+01 -4.013340228410839039e+00 -4.649523613687506440e+00 -4.013340228410839039e+00 2.131387075221145011e+00
-1.120112451432724754e+01 5.812911532663268765e+00 5.150134634441646320e+00 5.812911532663268765e+00 -4.533185449380916054e+00 -4.269470964269094893e+00 5.150134634441646320e+00 -4.269470964269094893e+00 -8.305668940495850805e+00
-4.189744300880762218e+00 5.706708995806033524e-01 -5.686595877767702811e-01 5.706708995806033524e-01 5.328574801123058258e+00 2.657692873536155798e+00 -5.686595877767702811e-01 2.657692873536155798e+00 -1.357226387220468622e+00
2.244705104477253244e+00 5.721765856346349155e-01 1.574716995555189403e+00 5.721765856346349155e-01 5.926170044481332333e+00 2.676750261350838489e+00 1.574716995555189403e+00 2.676750261350838489e+00 2.081130549749552028e+00
4.674639019588461508e+00 -2.202723769232104584e-02 1.376424225134896151e+00 -2.202723769232104584e-02 7.958316616639486085e+00 -3.114769039466012135e+00 1.376424225134896151e+00 -3.114769039466012135e+00 -5.416284101697149689e-01
-3.684274885817640649e-02 -4.614548198730661355e+00 -2.015325996635811467e+00 -4.614548198730661355e+00 -2.677093452218429981e+00 -8.615619520378783314e-01 -2.015325996635811467e+00 -8.615619520378783314e-01 9.328883922082162883e+00
3.628583208447299757e+00 -4.467820360824628523e+00 3.944593566202496238e+00 -4.467820360824628523e+00 4.586831751113606082e+00 5.110951371687139755e+00 3.944593566202496238e+00 5.110951371687139755e+00 1.365600382992525619e+00
-1.482459899128901970e+00 -4.302299117635927317e+00 1.804741296463067357e+00 -4.302299117635927317e+00 -1.651050145027787908e+00 -6.135863169842901144e-01 1.804741296463067357e+00 -6.135863169842901144e-01 -4.034853466292529056e+00
-2.493208178421750798e+00 -3.958546713105613790e+00 -4.569515968115094751e+00 -3.958546713105613790e+00 -4.599409831085749190e+00 -1.734200848709363862e+00 -4.569515968115094751e+00 -1.734200848709363862e+00 -7.751207421927849062e+00
-1.853304294121313756e-01 2.985760701087248670e+00 -2.093677140716463381e+00 2.985760701087248670e+00 -2.752637181091360130e+00 2.404078232427280692e+00 -2.093677140716463381e+00 2.404078232427280692e+00 -6.774755949923203957e+00
-2.207811417402366860e+00 1.590124403006528908e+00 2.957982880685312566e+00 1.590124403006528908e+00 -8.156459459690571734e+00 -2.132323912083940343e+00 2.957982880685312566e+00 -2.132323912083940343e+00 -3.714004007858212830e+00
-1.662667963324408760e+01 2.271321564733588705e+00 1.214176957372170129e+00 2.271321564733588705e+00 3.194877324616504310e+00 -5.942750087582396645e+00 1.214176957372170129e+00 -5.942750087582396645e+00 -5.910843098356671987e+00
-2.702750907203610886e+00 -4.754339610467573252e+00 2.942424611792910372e-01 -4.754339610467573252e+00 1.282852886953719906e+00 1.194471666235151552e+00 2.942424611792910372e-01 1.194471666235151552e+00 -1.121873566039610637e+00
-1.146683386273442018e+01 5.829951380003247502e-02 2.141598614357594688e+00 5.829951380003247502e-02 -8.449611848737692554e+00 -1.434081255691559642e+00 2.141598614357594688e+00 -1.434081255691559642e+00 -2.231052674035022054e+00
-1.013209862990746046e+01 -1.777271926528068757e+00 -4.731082551015928672e+00 -1.777271926528068757e+00 -5.416782027651111164e+00 -3.708910815033243935e-01 -4.731082551015928672e+00 -3.708910815033243935e-01 3.420075198078862844e+00
7.127820515978503302e+00 1.262551329022411295e+00 4.408386227718639194e-01 1.262551329022411295e+00 5.856532882457098133e+00 -2.411091232375820237e+00 4.408386227718639194e-01 -2.411091232375820237e+00 2.796500162552376434e+00
1.208631403709390462e+01 -6.586215741930470990e+00 1.028762832148814255e+00 -6.586215741930470990e+00 5.570209080366109733e-01 -5.387621614656594726e-01 1.028762832148814255e+00 -5.387621614656594726e-01 9.604161981971809370e-01
2.795278774868573013e+00 -3.074406418505800098e-01 -1.468101609908619709e+00 -3.074406418505800098e-01 -1.467461063790522324e+00 -2.647905879066577040e+00 -1.468101609908619709e+00 -2.647905879066577040e+00 -7.536003584579876069e+00
-1.068085189613747588e+01 1.167690556157749970e+00 -3.490134426507585097e+00 1.167690556157749970e+00 -1.733180990292842338e+00 -3.382508392040856071e-01 -3.490134426507585097e+00 -3.382508392040856071e-01 -6.924594392484298311e+00
-5.498702629327828717e+00 1.647928793295755590e+00 4.193241615345689732e-01 1.647928793295755590e+00 -3.712523398540057862e+00 -4.591697326154514869e+00 4.193241615345689732e-01 -4.591697326154514869e+00 1.592623740593287041e+00
-5.368749439442833671e-01 4.927605020560008597e+00 -1.715393176173449996e+00 4.927605020560008597e+00 1.144486110142833413e+00 2.125244459906252992e+00 -1.715393176173449996e+00 2.125244459906252992e+00 -3.233813823924006847e+00
6.042420584872949973e+00 -1.451661383690872886e-01 1.761265917440633766e+00 -1.451661383690872886e-01 4.740742400249748911e+00 8.670307835726892565e-02 1.761265917440633766e+00 8.670307835726892565e-02 1.178164734094250488e+00
3.323043282554911659e+00 -1.293219382739442015e-02 4.068148263864800107e+00 -1.293219382739442015e-02 3.094388373679556103e+00 7.424084473717890154e-01 4.068148263864800107e+00 7.424084473717890154e-01 -2.508315071429063181e+00
-1.107040788846819224e+00 8.321489475578186523e-01 2.539449724776091433e+00 8.321489475578186523e-01 -9.055902739819078562e+00 2.517340505292087194e+00 2.539449724776091433e+00 2.517340505292087194e+00 -6.581814776457196814e+00
8.995058166623969953e+00 2.409104586486720656e+00 5.773931648461554822e+00 2.409104586486720656e+00 4.293929509607464112e+00 1.822928399335161931e+00 5.773931648461554822e+00 1.822928399335161931e+00 1.133873937317555303e+01
-4.344711932611881045e-01 -3.040930984382044677e+00 5.753908289740496507e+00 -3.040930984382044677e+00 -8.019348653018363748e+00 1.772746105077859236e+00 5.753908289740496507e+00 1.772746105077859236e+00 9.962887249045441207e-01
3.861491952132340977e+00 -1.755618201572944237e+00 1.260251833082708162e+00 -1.755618201572944237e+00 2.911397173506083291e+00 -2.340857263493234974e+00 1.260251833082708162e+00 -2.340857263493234974e+00 1.408337127433755720e+00
-1.185410210691103927e+01 6.917412296145896144e-01 -4.339785704673273514e-01 6.917412296145896144e-01 -1.203645932598930735e+01 -1.893008589790760476e+00 -4.339785704673273514e-01 -1.893008589790760476e+00 2.087613971045979011e-01
-2.227347761231075918e+00 5.393261127645078146e-01 -4.195223042445896056e+00 5.393261127645078146e-01 3.351236803439067824e+00 -1.146146867226125243e+00 -4.195223042445896056e+00 -1.146146867226125243e+00 2.886957094431393145e+00
7.107022787781550832e+00 1.940298417469341619e+00 -2.554198451489990251e+00 1.940298417469341619e+00 2.106294211036705555e+00 -2.473452419463540330e+00 -2.554198451489990251e+00 -2.473452419463540330e+00 -2.151765198653108335e+00
4.748143238839183766e+00 8.507253058145790581e-01 5.519871215837881095e+00 8.507253058145790581e-01 3.324073905812837904e+00 4.468489990104616894e+00 5.519871215837881095e+00 4.468489990104616894e+00 1.712033819436773907e+00
5.361868760400123612e+00 1.148490806271418530e+00 -5.091703463978636268e-01 1.148490806271418530e+00 6.663030722827514296e+00 -1.132200843816361768e+00 -5.091703463978636268e-01 -1.132200843816361768e+00 -2.310877987415264900e-01
-2.705810897726053987e+00 -1.712311681844072897e+00 3.812341877986519023e+00 -1.712311681844072897e+00 -9.627180429367793835e+00 4.781197290227474639e+00 3.812341877986519023e+00 4.781197290227474639e+00 3.434179040586729514e-01
1.500106591895019381e+00 4.398222126639286245e+00 -2.159039058577585379e+00 4.398222126639286245e+00 9.318940035158095325e-01 -6.713304581963487117e+00 -2.159039058577585379e+00 -6.713304581963487117e+00 -1.351784125183570939e+00
-4.190893077973959713e+00 8.141400281037426412e-01 -3.074714000696878280e+00 8.141400281037426412e-01 -9.677232388634060101e+00 9.578701835833809408e-01 -3.074714000696878280e+00 9.578701835833809408e-01 -4.297236850381515261e+00
-4.526252732993585326e+00 -3.003052427219306875e+00 -4.125039859320483338e+00 -3.003052427219306875e+00 -1.229858218322815411e+01 1.824599343463921164e+00 -4.125039859320483338e+00 1.824599343463921164e+00 -6.356571292211188329e+00
-5.741113892678882280e+00 4.340174973086577959e-01 2.708620708071028726e+00 4.340174973086577959e-01 -1.170196883323912251e+00 -3.451692076062344849e-01 2.708620708071028726e+00 -3.451692076062344849e-01 -5.316691115376113608e+00
7.673587281732880960e-01 1.629235538031421626e+00 3.004424727964411179e+00 1.629235538031421626e+00 4.939638825256549293e-01 1.160142816379218678e+00 3.004424727964411179e+00 1.160142816379218678e+00 -1.234794650828215490e+00
-5.687330594268800610e+00 -1.059849839305291752e+00 -2.358846388484708179e+00 -1.059849839305291752e+00 -5.772123789233743807e+00 -8.794617112970627426e-01 -2.358846388484708179e+00 -8.794617112970627426e-01 -6.132693528229585134e+00
4.166038491455555937e-01 -2.210400265815923415e+00 1.990503032255511728e+00 -2.210400265815923415e+00 4.561210161719039924e+00 -3.515262115454707570e-01 1.990503032255511728e+00 -3.515262115454707570e-01 1.603073111347633750e+00
-6.700084923352109811e-01 6.518692118517405154e-01 1.738933572403431160e+00 6.518692118517405154e-01 -3.647023985291770298e+00 -1.736661690133805225e+00 1.738933572403431160e+00 -1.736661690133805225e+00 -1.568524513344713212e+00
-5.909874864014070361e+00 -1.882003164035822129e+00 3.708884226770980952e+00 -1.882003164035822129e+00 -5.718258292438841428e-01 -6.240607471818050200e+00 3.708884226770980952e+00 -6.240607471818050200e+00 -1.046104314096883314e+00
2.630522141871188269e-01 1.677758940416479883e+00 -3.825372281061159896e+00 1.677758940416479883e+00 -2.317000123633234487e+00 3.099481834986021145e+00 -3.825372281061159896e+00 3.099481834986021145e+00 -9.028372961002329333e+00
4.787975865757340799e+00 6.425307427316785613e+00 -3.063999017420088400e+00 6.425307427316785613e+00 6.356632674544130390e-01 -2.351412843658235108e+00 -3.063999017420088400e+00 -2.351412843658235108e+00 -9.363178604279139838e-01
1.013119524025561269e+01 3.817192409527089048e+00 1.623580467021191076e+00 3.817192409527089048e+00 3.989299633688355495e+00 -3.735513076755705431e-01 1.623580467021191076e+00 -3.735513076755705431e-01 8.642228174744971625e+00
-1.345723806840535719e+00 -2.676172714574413192e+00 -1.519822772290165158e+00 -2.676172714574413192e+00 -3.336485523891385085e+00 5.202186787833563697e-01 -1.519822772290165158e+00 5.202186787833563697e-01 -2.358120071683751817e+00
-3.807108022092047683e+00 1.390809890664154613e+00 8.018711654449296733e-02 1.390809890664154613e+00 -1.162652186865643422e+01 2.304184578620964985e-01 8.018711654449296733e-02 2.304184578620964985e-01 -7.731683295699794733e+00
6.070446766617703105e+00 -2.190147560097284618e+00 5.357233220310176236e+00 -2.190147560097284618e+00 8.042720736724225716e+00 7.356816923487753179e+00 5.357233220310176236e+00 7.356816923487753179e+00 3.715349636015012003e+00
-1.673396544257703011e+00 1.898211868733810315e+00 1.982993394574610602e-01 1.898211868733810315e+00 8.125186335655316672e-01 2.475324256308857773e+00 1.982993394574610602e-01 2.475324256308857773e+00 -9.361910443916670488e+00
-1.154689133664145295e+01 -3.662859266092381438e-01 2.844815551115787322e+00 -3.662859266092381438e-01 3.750445091019453336e+00 -9.804059486550473324e+00 2.844815551115787322e+00 -9.804059486550473324e+00 -4.567669806066493088e+00
-1.706470253892804489e+00 -8.331066458445596234e-02 -4.866488871591845289e+00 -8.331066458445596234e-02 -1.186406558951658674e+01 2.126516483971501614e+00 -4.866488871591845289e+00 2.126516483971501614e+00 -8.756597518540647940e+00
-9.229662987823287423e+00 -3.112327197906744836e+00 -9.290252117739068449e-01 -3.112327197906744836e+00 -7.786379868535846516e-01 -1.383964579353019753e+00 -9.290252117739068449e-01 -1.383964579353019753e+00 -2.637384557402680851e+00
1.000834213910678372e+01 4.984233740927905387e+00 3.961221606791378441e-03 4.984233740927905387e+00 5.008292216256109874e+00 4.802837675712560705e-01 3.961221606791378441e-03 4.802837675712560705e-01 2.915869166946983171e+00
-7.152875152928550584e+00 1.166755044242694384e+00 8.216148408567190975e-01 1.166755044242694384e+00 2.493091909902395820e+00 -8.956607720379221149e+00 8.216148408567190975e-01 -8.956607720379221149e+00 -4.198610157972048285e+00
2.688203320298808041e+00 -1.204965327300688838e+00 -1.928682762765624892e+00 -1.204965327300688838e+00 -4.466287520118449983e+00 -1.128894283910493845e+00 -1.928682762765624892e+00 -1.128894283910493845e+00 7.818556052849873206e-02
3.111126437250416377e+00 2.947009215978392493e+00 -5.138488875836210168e-01 2.947009215978392493e+00 2.911935007621900162e+00 -4.468128742525264485e+00 -5.138488875836210168e-01 -4.468128742525264485e+00 -8.183743268607195365e-01
-4.945585357103380458e-02 -1.363959904260134692e+00 2.606320178057354719e-01 -1.363959904260134692e+00 -6.060367376422415298e+00 -1.473818956727460439e+00 2.606320178057354719e-01 -1.473818956727460439e+00 5.413552236490271063e+00
2.376932074094964542e-01 -4.080156997903561233e+00 -4.242275483791759783e+00 -4.080156997903561233e+00 3.622035988769208625e+00 4.403409474206877228e+00 -4.242275483791759783e+00 4.403409474206877228e+00 4.193579692779932699e+00
