6.311205463112397496e+00 -1.027360178261755630e+00 -6.459497741018997985e+00 -1.027360178261755630e+00 2.373609330933611705e+00 -1.353578958891912487e+00 -6.459497741018997985e+00 -1.353578958891912487e+00 9.134998165161487549e+00
3.420842455686168737e+00 3.130226964411032542e-01 1.192781222228203930e+00 3.130226964411032542e-01 -7.464339424842391324e+00 2.652613036382438505e+00 1.192781222228203930e+00 2.652613036382438505e+00 -1.787322262753858526e+00
-8.440138475146696351e+00 1.007562485333525215e+00 1.752808820877027829e+00 1.007562485333525215e+00 -3.833985378579825021e+00 -1.664799946088639349e+00 1.752808820877027829e+00 -1.664799946088639349e+00 -2.874291391863687206e+00
-8.309145147114792351e+00 2.520480442716718006e+00 -1.934184362120222378e+00 2.520480442716718006e+00 -9.425374748498422051e+00 -3.399229851385810797e+00 -1.934184362120222378e+00 -3.399229851385810797e+00 -2.936035604664595677e+00
-4.620351638332460098e+00 8.389702653981134794e-01 -1.961543472394269738e+00 8.389702653981134794e-01 -8.790573470803051848e+00 5.465446208758902857e-01 -1.961543472394269738e+00 5.465446208758902857e-01 -7.137216138484469674e+00
-1.304321707049829371e+01 -4.815808534992349621e+00 1.224412023409387151e+00 -4.815808534992349621e+00 -4.218655770022070151e+00 1.347598128681513741e+00 1.224412023409387151e+00 1.347598128681513741e+00 -9.262867949316783367e+00
1.150533845759224683e+01 -1.771506575196317268e+00 -1.840006635186445916e+00 -1.771506575196317268e+00 -4.335559436527344879e+00 1.019308422927875490e+00 -1.840006635186445916e+00 1.019308422927875490e+00 9.465382101056047937e-01
-2.729213124637570154e+00 -4.327357278562098841e+00 4.218125890981704318e-01 -4.327357278562098841e+00 -1.461494299591519663e+00 -6.119948255132884318e-02 4.218125890981704318e-01 -6.119948255132884318e-02 -4.819173165078742826e+00
-8.518362626667435933e+00 -2.492945871553731596e+00 -1.409420264202371653e+00 -2.492945871553731596e+00 -5.211186801672974767e+00 1.850677300830848138e+00 -1.409420264202371653e+00 1.850677300830848138e+00 -5.795717883764147871e+00
-2.945218715980665536e+00 -4.078632741107393045e+00 -2.689147460634883746e+00 -4.078632741107393045e+00 -7.287117137573924097e+00 2.375343346611004769e+00 -2.689147460634883746e+00 2.375343346611004769e+00 -1.106187599380762876e+01
-2.979958867655102761e+00 7.454722798665519568e-01 -3.317583614264156822e+00 7.454722798665519568e-01 -5.376485015375882526e+00 2.727615129425567275e+00 -3.317583614264156822e+00 2.727615129425567275e+00 -1.490982939008880059e+01
1.659077020174861916e+00 2.577682992522696281e-01 4.331606189541215457e+00 2.577682992522696281e-01 -4.238404930523116398e+00 2.615311831669465459e+00 4.331606189541215457e+00 2.615311831669465459e+00 -4.738287931942600117e+00
-5.523668535614347341e+00 1.899881577640891051e+00 1.776917211083845816e+00 1.899881577640891051e+00 -4.104910379208599025e+00 -4.163122784480972616e-01 1.776917211083845816e+00 -4.163122784480972616e-01 -7.696051340935139429e+00
8.835917646728766783e+00 1.119673283116598972e+00 1.490149110722623627e-01 1.119673283116598972e+00 -2.844301035102335007e+00 2.246140041704951518e+00 1.490149110722623627e-01 2.246140041704951518e+00 -3.481499243074288152e+00
3.544429733056251308e+00 1.859604471179327589e+00 1.634129600101876578e+00 1.859604471179327589e+00 5.181831644990677610e-01 7.990645678089641102e+00 1.634129600101876578e+00 7.990645678089641102e+00 -7.022922382686616061e+00
1.720396570591594954e-01 3.644410634231813884e+00 -1.695190822963950517e+00 3.644410634231813884e+00 -1.003829328771423768e+01 -2.221732565918049573e+00 -1.695190822963950517e+00 -2.221732565918049573e+00 7.503911212047524870e+00
3.047982120383319948e+00 -3.624843471762746461e+00 4.258797845642463997e+00 -3.624843471762746461e+00 -5.988776924890339970e+00 -7.510585330575443308e-01 4.258797845642463997e+00 -7.510585330575443308e-01 1.037354003251713674e-01
-2.307987115258811173e+00 4.008770390793284122e+00 3.298711648389773821e+00 4.008770390793284122e+00 -2.704354425503724180e+00 4.090127329679845158e-01 3.298711648389773821e+00 4.090127329679845158e-01 4.418572996954342358e+00
-2.296172955916442326e+00 2.875200629852086021e-01 5.510106858068324343e-01 2.875200629852086021e-01 1.156612093570440480e+00 5.052788670533995941e+00 5.510106858068324343e-01 5.052788670533995941e+00 1.547220686693975500e+00
5.015415893355332777e+00 2.142273187687705693e+00 -1.417677175111393906e+00 2.142273187687705693e+00 3.902169468720122048e+00 2.714156609822704347e+00 -1.417677175111393906e+00 2.714156609822704347e+00 3.452600986577631037e+00
4.303853024234637559e+00 3.621485183776725236e+00 -7.303667044781056106e+00 3.621485183776725236e+00 -1.504578512493260245e+00 -2.061518817957127325e+00 -7.303667044781056106e+00 -2.061518817957127325e+00 -1.216036049067462238e-01
-2.735031609063984792e-01 1.491148529045791982e+00 1.302427254022194836e+00 1.491148529045791982e+00 -2.870079363803163641e+00 1.978888206587157583e+00 1.302427254022194836e+00 1.978888206587157583e+00 -3.954820305663417912e+00
-7.206652533834235541e+00 1.222037606726135595e+00 -2.939011698534050421e+00 1.222037606726135595e+00 -8.608446598044828590e+00 -3.427810497821646596e+00 -2.939011698534050421e+00 -3.427810497821646596e+00 -7.457102601042620904e+00
4.634861433470988112e-01 5.975452831323031511e-01 6.126056214885980955e-01 5.975452831323031511e-01 -8.282001574967893021e+00 3.134086350387686792e+00 6.126056214885980955e-01 3.134086350387686792e+00 -2.396871723639960816e+00
8.129412691508811406e+00 1.065219333832106707e-01 -5.666470858336094985e+00 1.065219333832106707e-01 1.719768287743803192e+00 -1.902615638393499564e+00 -5.666470858336094985e+00 -1.902615638393499564e+00 4.209648503481162152e+00
-1.418695530982759356e+00 -5.090306258939275352e+00 -3.987019248088329082e+00 -5.090306258939275352e+00 -1.084330506370825198e+01 1.799719700811243328e+00 -3.987019248088329082e+00 1.799719700811243328e+00 -6.215703957610532626e+00
3.003918550127914866e+00 -2.402517200397239705e+00 1.436151536403590834e+00 -2.402517200397239705e+00 -7.281921496829437679e+00 -2.490695393540191205e+00 1.436151536403590834e+00 -2.490695393540191205e+00 -7.788335428799548765e+00
-5.076598417692058440e+00 -6.501915971795297011e+00 1.326661095914176913e+00 -6.501915971795297011e+00 -4.087850344300095529e+00 -2.495170420961067226e+00 1.326661095914176913e+00 -2.495170420961067226e+00 -9.830304173278230806e+00
-9.650643181542969629e+00 -4.222792776393129444e+00 -3.866054927965176358e+00 -4.222792776393129444e+00 -8.809636037283787857e+00 -2.658467188838401718e+00 -3.866054927965176358e+00 -2.658467188838401718e+00 -5.616683032769280715e+00
-1.012203815199523049e+01 -4.414539659287306961e+00 2.450156989332067603e+00 -4.414539659287306961e+00 2.763334372402158623e-01 4.945475293446216725e+00 2.450156989332067603e+00 4.945475293446216725e+00 6.525652401848567763e+00
4.104177279403264045e+00 -1.439839619651889446e+00 3.715089664408703030e+00 -1.439839619651889446e+00 2.680672659671897051e+00 1.951616421069748863e+00 3.715089664408703030e+00 1.951616421069748863e+00 -7.565213808272055473e+00
-1.380802300534048221e+01 -5.893515415564333892e+00 -2.901497828195156892e+00 -5.893515415564333892e+00 -8.920489397429141931e+00 1.054559097212606433e+00 -2.901497828195156892e+00 1.054559097212606433e+00 -4.122942161206029965e+00
-5.815873702045784022e+00 1.946971911687339185e+00 -6.951538391911717518e+00 1.946971911687339185e+00 -6.139861927492018978e+00 -1.802354355639891992e+00 -6.951538391911717518e+00 -1.802354355639891992e+00 -5.183649140396496824e-01
5.325503132848216303e+00 -1.155457360457391891e+00 -5.329090240292472913e+00 -1.155457360457391891e+00 7.229948527666597791e+00 4.989532981196980188e+00 -5.329090240292472913e+00 4.989532981196980188e+00 1.288987852175398530e+01
-6.894461052952490121e+00 3.839508079673306540e+00 -4.454388711582986993e+00 3.839508079673306540e+00 6.367681158565247079e-01 -3.121882269110350272e+00 -4.454388711582986993e+00 -3.121882269110350272e+00 -4.472165837581965064e-01
-5.025340998415496863e+00 -5.378196598084048485e-01 -1.120067621470096780e-01 -5.378196598084048485e-01 -5.660858045228554403e+00 -4.660875058969701001e+00 -1.120067621470096780e-01 -4.660875058969701001e+00 -2.028405214512104759e+00
3.860592698549322410e+00 6.226961004911007791e+00 -2.312929861107661522e-01 6.226961004911007791e+00 6.599497101009879074e+00 -2.872464302508705103e+00 -2.312929861107661522e-01 -2.872464302508705103e+00 -5.944378216703031237e-01
1.782361247601558896e+00 2.953683209998722692e+00 2.138063719033179044e+00 2.953683209998722692e+00 -5.713774339460102603e+00 2.929736815102480740e+00 2.138063719033179044e+00 2.929736815102480740e+00 5.791991105147486607e+00
-4.045355370614205803e+00 1.148759272286941879e+01 -8.013041103106175456e-01 1.148759272286941879e+01 -1.681889306633765457e+01 -3.723364430044398876e+00 -8.013041103106175456e-01 -3.723364430044398876e+00 3.241578541895206111e+00
-8.808809665406050371e+00 3.443320856226130822e+00 3.641152586029233085e+00 3.443320856226130822e+00 -6.962641991650323270e+00 2.109858612067544659e+00 3.641152586029233085e+00 2.109858612067544659e+00 -4.182125191405106079e+00
9.770812544964908586e-01 1.109492295126038197e+00 -4.564151199437489481e+00 1.109492295126038197e+00 1.528587052389259071e+00 -7.409876043386058875e+00 -4.564151199437489481e+00 -7.409876043386058875e+00 1.486877202794431696e+00
-9.283768752773353228e+00 -9.951971873453900885e-01 -2.896821927485722092e+00 -9.951971873453900885e-01 -7.463658080723131860e+00 1.516512105400342758e-01 -2.896821927485722092e+00 1.516512105400342758e-01 -7.150146863750458159e+00
2.954493361863121947e+00 -3.982037378730551858e+00 -2.189033122716350574e-02 -3.982037378730551858e+00 -3.868991284349485138e+00 -2.651656881860964265e-02 -2.189033122716350574e-02 -2.651656881860964265e-02 3.260485933983059970e-01
-3.521534865941734704e+00 2.200294552091334399e+00 5.810616003922729256e+00 2.200294552091334399e+00 9.529648488934691741e+00 -1.580980075606161828e+00 5.810616003922729256e+00 -1.580980075606161828e+00 2.493875578252549297e-01
-1.840944235167265131e+00 1.841555812296644667e+00 3.535896272735497892e+00 1.841555812296644667e+00 -3.839898643904544606e+00 1.381018818726879704e+00 3.535896272735497892e+00 1.381018818726879704e+00 -1.827576906482255126e+00
-1.752913284386925508e+00 -1.497693705237596040e+00 -3.460136603679234035e+00 -1.497693705237596040e+00 1.071535488711690354e+00 -1.979830729100506836e+00 -3.460136603679234035e+00 -1.979830729100506836e+00 -4.870437696009980222e+00
-1.339100508531423372e+01 -4.589954830848821388e+00 -7.870482294216044061e-02 -4.589954830848821388e+00 -9.613427152519557595e+00 5.297058569453034771e+00 -7.870482294216044061e-02 5.297058569453034771e+00 -3.899065384567218295e+00
3.868439534610942920e-02 7.590421461985176199e-01 -4.357136073287110278e+00 7.590421461985176199e-01 -4.881169404858262340e+00 -9.079570360855203637e-01 -4.357136073287110278e+00 -9.079570360855203637e-01 4.307331583628620564e+00
-6.939914759286439860e+00 3.492166839013933544e+00 3.133724463061452248e+00 3.492166839013933544e+00 -7.474283172834211619e+00 2.061225915619515625e+00 3.133724463061452248e+00 2.061225915619515625e+00 -8.292238643503514695e+00
-9.364256372923899230e-01 -2.765576965849944724e+00 8.581632894762920571e+00 -2.765576965849944724e+00 4.581171605570181882e+00 -7.304062732910333172e-03 8.581632894762920571e+00 -7.304062732910333172e-03 -3.375646628084801204e+00
-7.244638007165475457e+00 2.505807805834753044e+00 3.050700217261027358e+00 2.505807805834753044e+00 -4.564431830061817408e+00 -6.682968239994224291e+00 3.050700217261027358e+00 -6.682968239994224291e+00 -2.694169609258496856e-02
1.710427730091302889e-01 -4.950701493385422758e+00 -1.241530607794553598e+00 -4.950701493385422758e+00 -2.167863954664174919e+00 -2.744668944050507875e+00 -1.241530607794553598e+00 -2.744668944050507875e+00 -5.951927324424803878e-01
-8.087924246724249144e+00 3.882776936824794412e+00 -2.649703869356143660e+00 3.882776936824794412e+00 -1.483382851883903175e+00 -3.479143715459909747e-01 -2.649703869356143660e+00 -3.479143715459909747e-01 -6.473076296819986197e+00
1.704460175720733828e+00 1.138340912748263989e+00 -2.856972053501473097e-01 1.138340912748263989e+00 -5.304904356598568071e+00 -2.513763748945926579e+00 -2.856972053501473097e-01 -2.513763748945926579e+00 2.796691501738965968e+00
-5.488564865783004620e+00 -2.008346466808303976e+00 1.236266335840853436e+00 -2.008346466808303976e+00 -1.852098025706188311e+00 -7.301384332682293810e+00 1.236266335840853436e+00 -7.301384332682293810e+00 8.860098703460822733e+00
-3.987314099833320635e-01 -4.488577448781138735e+00 -1.097953507641999948e+00 -4.488577448781138735e+00 6.400906563348781830e+00 -3.044893746717722838e+00 -1.097953507641999948e+00 -3.044893746717722838e+00 4.748242955041455660e-01
-2.702995463136656173e+00 -5.683601977156922391e-01 -1.497694569618051919e+00 -5.683601977156922391e-01 -7.516284740111877305e+00 -1.592599628110081378e+00 -1.497694569618051919e+00 -1.592599628110081378e+00 -7.243976086902824463e+00
5.968949516279378642e+00 1.188205661507394151e+00 7.231418031630985510e+00 1.188205661507394151e+00 -7.108566113425611732e+00 3.345714147877218436e-01 7.231418031630985510e+00 3.345714147877218436e-01 7.059718000738606669e+00
1.066801444744448624e+01 -6.839505780380462419e+00 -1.853238608713829283e+00 -6.839505780380462419e+00 -1.238923300845041320e+00 1.203457497632739015e+00 -1.853238608713829283e+00 1.203457497632739015e+00 -5.903122637935091177e+00
-1.202636485382424514e+00 -2.630266160403914588e-01 -3.861172244935392683e+00 -2.630266160403914588e-01 -9.065545776299099856e+00 -1.791807751236108137e+00 -3.861172244935392683e+00 -1.791807751236108137e+00 -3.962114853189785180e+00
-8.848087057307727932e+00 -1.561385406985057012e+00 4.687791143488409418e+00 -1.561385406985057012e+00 -2.502664850685872189e+00 1.970500370933434331e+00 4.687791143488409418e+00 1.970500370933434331e+00 5.093306647562410028e+00
1.155460877752926940e+01 -4.333930783820372667e+00 -8.375593965763409310e-01 -4.333930783820372667e+00 4.868317179715530685e+00 1.200832290465100871e-01 -8.375593965763409310e-01 1.200832290465100871e-01 -2.600314761278981646e+00
-3.106385058770407159e+00 5.249010134155636109e-01 6.033119167508589342e+00 5.249010134155636109e-01 2.904230805067702370e+00 -2.729473814459288494e+00 6.033119167508589342e+00 -2.729473814459288494e+00 -5.003217545252570453e+00
-9.601930432903141854e-01 -9.058546909832246863e-01 -5.009088647793001892e-01 -9.058546909832246863e-01 -1.184322285831255250e+01 2.703365948729314905e+00 -5.009088647793001892e-01 2.703365948729314905e+00 -3.530209155855568603e+00
-2.804840934216039638e+00 4.031695017579977502e+00 2.183751331020157505e+00 4.031695017579977502e+00 -1.213824151497328607e+01 -2.542739833841912489e+00 2.183751331020157505e+00 -2.542739833841912489e+00 -3.484197485095682278e+00
-1.861475781258407070e+00 7.004296832206008183e+00 2.783515186928459118e-01 7.004296832206008183e+00 1.259490950247155716e+01 -3.182604751777629914e+00 2.783515186928459118e-01 -3.182604751777629914e+00 -1.396701124005256256e+00
-6.753835550944898181e+00 5.485652963231955503e+00 -1.754364850600689696e+00 5.485652963231955503e+00 -3.537849224167034290e+00 2.034211819081701567e+00 -1.754364850600689696e+00 2.034211819081701567e+00 1.800938805729734193e+00
1.158324832726401743e+00 -2.540869482000752022e+00 -7.448876856076028119e+00 -2.540869482000752022e+00 -4.920276021711845971e+00 3.819027816467865044e+00 -7.448876856076028119e+00 3.819027816467865044e+00 4.800391115022936361e+00
-1.929382331365596226e+00 6.235965753638290643e+00 -2.857396494823079558e-01 6.235965753638290643e+00 -4.384228602315404899e+00 -1.240878205305704807e+00 -2.857396494823079558e-01 -1.240878205305704807e+00 3.429506308888956578e+00
-6.756239887295812707e+00 -2.073100016932690082e+00 5.072808392082791551e-01 -2.073100016932690082e+00 -8.678193751722549365e-01 -4.180908686704474797e-01 5.072808392082791551e-01 -4.180908686704474797e-01 -9.248475055407173073e+00
-3.758953252576031634e+00 -3.920895683865978310e+00 -5.144333998649099904e-01 -3.920895683865978310e+00 -6.662519880719486309e+00 -2.186648555013062101e+00 -5.144333998649099904e-01 -2.186648555013062101e+00 6.279469904320188256e+00
-4.819188387924331352e+00 2.234338800038332185e+00 -3.352738361624411079e-01 2.234338800038332185e+00 -1.378633542166843862e-01 -7.063076164878104857e-01 -3.352738361624411079e-01 -7.063076164878104857e-01 4.628513345052859052e+00
1.898354007025211621e+00 5.024367147353979490e+00 2.275325755681448570e+00 5.024367147353979490e+00 6.723032237707887937e+00 -3.326650824136180962e+00 2.275325755681448570e+00 -3.326650824136180962e+00 -1.084129640952864682e+00
3.477890326822024480e+00 -4.403430538823082330e+00 2.047393645337676205e+00 -4.403430538823082330e+00 1.327568854875383053e+01 4.156155344558468911e+00 2.047393645337676205e+00 4.156155344558468911e+00 -3.274632298518188378e+00
5.305446973505046904e-01 -5.823243975763003455e+00 2.840970699822620738e+00 -5.823243975763003455e+00 -1.343085282097551181e+00 -4.205598961739562824e+00 2.840970699822620738e+00 -4.205598961739562824e+00 8.401644963247393960e+00
2.064042562992710050e-01 3.365510442022947135e+00 -2.371571398968479016e+00 3.365510442022947135e+00 -6.448127418597066729e+00 1.285201744625989795e+00 -2.371571398968479016e+00 1.285201744625989795e+00 -3.460192038335149434e+00
5.389505257646391101e+00 -3.524245330908169827e+00 2.628711224767790622e+00 -3.524245330908169827e+00 1.158029658758140101e+01 6.127055569244877375e+00 2.628711224767790622e+00 6.127055569244877375e+00 9.580731545874275668e+00
6.225947197216992635e+00 1.445851948464967340e-01 2.472922070643322812e+00 1.445851948464967340e-01 -1.616753228681877541e+00 -4.010102154090020576e+00 2.472922070643322812e+00 -4.010102154090020576e+00 -2.251723111129735611e-01
-3.986951559336962436e+00 1.457698944848650813e+00 1.590935240606592194e+00 1.457698944848650813e+00 -5.355977328442349084e+00 -1.695663881988186128e-01 1.590935240606592194e+00 -1.695663881988186128e-01 -4.984514167754476865e+00
-4.086286914376350055e+00 2.419670071020219027e+00 6.347383440192758686e-01 2.419670071020219027e+00 5.707657361833111231e+00 3.138129538317730116e+00 6.347383440192758686e-01 3.138129538317730116e+00 -8.059654435832289465e+00
-1.552743226723517944e+00 5.660852986507856066e-01 3.728968756165536913e+00 5.660852986507856066e-01 5.417417698137893645e+00 3.704237111921342418e+00 3.728968756165536913e+00 3.704237111921342418e+00 3.417496959347559926e+00
-5.526430875669833043e+00 3.633117736912848450e+00 3.065468737498222573e+00 3.633117736912848450e+00 -3.181477925233924697e+00 -1.143554397403207523e-01 3.065468737498222573e+00 -1.143554397403207523e-01 -6.393130580682082176e+00
-8.220325139979129503e+00 2.301733180457551597e+00 -5.958180706794908854e-01 2.301733180457551597e+00 -4.108497424430916922e+00 -1.776105767785267631e+00 -5.958180706794908854e-01 -1.776105767785267631e+00 -6.605855157632035457e+00
1.692082067271815315e+00 -4.047301092623629692e+00 3.022513969980730741e-01 -4.047301092623629692e+00 -5.703614280861679653e+00 2.466414217299210954e+00 3.022513969980730741e-01 2.466414217299210954e+00 -4.066146747945166062e+00
-1.538145517149361430e+00 6.526510462400679780e-01 1.206599553098263611e+00 6.526510462400679780e-01 -7.522881281004119014e-01 -2.315313517855437445e-02 1.206599553098263611e+00 -2.315313517855437445e-02 -3.956790963617774715e+00
-7.605337349884644382e+00 2.834153798742788055e+00 -4.898529565704030198e+00 2.834153798742788055e+00 -1.143888508344251065e+01 -1.315300299006218809e+00 -4.898529565704030198e+00 -1.315300299006218809e+00 -9.369017116621849439e+00
-4.152516441570174521e+00 4.179984575661341850e+00 4.587233730689657563e+00 4.179984575661341850e+00 -6.179901305160313107e+00 6.673207135139072044e+00 4.587233730689657563e+00 6.673207135139072044e+00 -1.421916909640523974e+00
-4.542672956821436792e+00 1.688501058462767157e-01 -1.565707510855726792e+00 1.688501058462767157e-01 -6.861762814038099734e+00 4.506791336724721653e+00 -1.565707510855726792e+00 4.506791336724721653e+00 -6.519980656573076683e-01
-8.369806812923503259e+00 8.229283435578882422e-01 -3.876790724646931308e-01 8.229283435578882422e-01 -4.299320922905009112e+00 -3.922245890164939741e+00 -3.876790724646931308e-01 -3.922245890164939741e+00 -1.036737257253950695e+01
-1.111787709287432158e+01 3.757141848752059698e-01 -7.087718481691991368e-01 3.757141848752059698e-01 -7.653408812799229466e+00 3.191827125407497245e+00 -7.087718481691991368e-01 3.191827125407497245e+00 -4.397809749418761349e+00
3.432873023737739615e+00 -4.000396371271714990e+00 -3.713382025963184230e+00 -4.000396371271714990e+00 9.160643232361332267e+00 -2.530383646907392148e+00 -3.713382025963184230e+00 -2.530383646907392148e+00 -8.560454017688222450e+00
-8.016598154586672464e+00 3.560991793582398479e+00 -2.204190264128715881e+00 3.560991793582398479e+00 -7.777576548373253296e+00 -3.331810455597207898e+00 -2.204190264128715881e+00 -3.331810455597207898e+00 8.241224641141978169e-02
-9.268496072427444332e+00 3.920839183391601424e+00 -2.255120527403197794e+00 3.920839183391601424e+00 2.106242137905753431e+00 2.926418998922761361e+00 -2.255120527403197794e+00 2.926418998922761361e+00 -4.897521130110891185e+00
7.374089953917812856e+00 4.292983849141263630e-01 1.428048936812265968e+00 4.292983849141263630e-01 3.273538816752292746e+00 2.302644404214958307e+00 1.428048936812265968e+00 2.302644404214958307e+00 1.026338866454416987e+01
-7.120064263391055803e+00 5.135910757909251778e+00 -1.564740287400872898e+00 5.135910757909251778e+00 1.785729889005005955e+00 1.378577798374213348e+00 -1.564740287400872898e+00 1.378577798374213348e+00 -3.533119645769858153e+00
4.591647967885789106e-01 5.556584380973477177e-01 -1.401946392979874112e+00 5.556584380973477177e-01 -6.851759002732199733e+00 5.520599085116642435e+00 -1.401946392979874112e+00 5.520599085116642435e+00 -1.125574821157253957e+01
8.518108085754977354e-01 6.022684409210613765e+00 4.805633551961727701e-01 6.022684409210613765e+00 2.402736967464239370e+00 -5.385754403987448313e+00 4.805633551961727701e-01 -5.385754403987448313e+00 4.910922751348871351e+00
2.403007773261378599e+00 -8.146158481254772710e-02 3.014970901242397083e+00 -8.146158481254772710e-02 1.133732752108544739e+00 1.715815280376130847e+00 3.014970901242397083e+00 1.715815280376130847e+00 9.403357299240997946e+00
-9.593326513381931875e+00 3.343653522254351973e+00 4.079081658569564617e+00 3.343653522254351973e+00 -1.047222800194330183e+01 -5.759641350846699481e+00 4.079081658569564617e+00 -5.759641350846699481e+00 -1.378001507067024400e+00
1.847291164064610136e+00 4.140496873428855196e+00 -2.745054455073433264e+00 4.140496873428855196e+00 -1.466373785633241722e+00 -4.929795134590348127e+00 -2.745054455073433264e+00 -4.929795134590348127e+00 4.357036280431977993e+00
