4.584160700859227222e-02 3.989111236232867785e+00 -1.417160112176821585e+00 3.989111236232867785e+00 7.211915122897536889e+00 8.666894003714893380e-01 -1.417160112176821585e+00 8.666894003714893380e-01 -5.123993723272839418e-01
-6.187112927282829855e-02 -1.087496121185722142e+00 1.020364274592423071e+00 -1.087496121185722142e+00 1.108252476362405620e-01 -3.004816678280977649e-01 1.020364274592423071e+00 -3.004816678280977649e-01 3.635776449006544730e+00
-1.125588069825344739e+01 -1.273573085741695810e+00 -1.284105962407718904e+00 -1.273573085741695810e+00 -4.374292271951801148e+00 -3.745278003415014823e+00 -1.284105962407718904e+00 -3.745278003415014823e+00 -4.673129375627889992e+00
1.271306939894418520e+01 3.767376257477159651e+00 -2.452293780062562989e-01 3.767376257477159651e+00 8.065885880157232179e+00 -3.171102243050739067e-01 -2.452293780062562989e-01 -3.171102243050739067e-01 5.225658744399781952e+00
1.029195502945563057e+01 6.845101459163271951e-01 3.576928155199932124e+00 6.845101459163271951e-01 2.654664406352710060e+00 -2.129404174658239501e+00 3.576928155199932124e+00 -2.129404174658239501e+00 2.798350668139036213e+00
-1.106918550707884386e+01 6.183995106294973843e-01 -2.770502005560041781e+00 6.183995106294973843e-01 -8.991012092235925124e+00 -2.435425730245481368e+00 -2.770502005560041781e+00 -2.435425730245481368e+00 -8.790830555175277894e+00
-3.602832944678341587e+00 5.321140375477791729e+00 5.945096166662850123e+00 5.321140375477791729e+00 1.837256490487550131e+00 6.000715504571069836e+00 5.945096166662850123e+00 6.000715504571069836e+00 6.739858811895503621e+00
2.723536676791102895e-01 5.397713537236477954e+00 3.252324876596937475e+00 5.397713537236477954e+00 -5.046750828328573135e+00 -3.179733618478056023e+00 3.252324876596937475e+00 -3.179733618478056023e+00 -1.401177820343260771e+00
5.179632295937587116e+00 -6.660193767843743728e+00 -4.832226336105907016e+00 -6.660193767843743728e+00 5.590892891312258861e+00 -1.209140997434059894e+00 -4.832226336105907016e+00 -1.209140997434059894e+00 1.200639196318608803e+01
-4.843379154495884187e+00 -1.969591495415389470e+00 -1.397092029819518633e+00 -1.969591495415389470e+00 -3.610485521862313973e+00 -2.085569204176696889e+00 -1.397092029819518633e+00 -2.085569204176696889e+00 5.538493720572307488e+00
9.483217996418171758e-01 -4.329642920318756083e+00 1.407933769597653040e+00 -4.329642920318756083e+00 -5.352523596260263083e+00 -5.331938947837596032e+00 1.407933769597653040e+00 -5.331938947837596032e+00 -3.409435786433901772e+00
3.807208497135790015e+00 2.164771509863137933e+00 6.229505129453608570e-01 2.164771509863137933e+00 -1.529279238483538306e+00 4.494643154448685785e+00 6.229505129453608570e-01 4.494643154448685785e+00 6.809885287373396157e-01
-7.844587782519891306e+00 1.251817708540337915e+00 8.699210029325233906e-01 1.251817708540337915e+00 -4.225995281347636023e+00 6.239934981881046561e+00 8.699210029325233906e-01 6.239934981881046561e+00 -6.551850418688595745e+00
3.522901037701183125e+00 3.607289563221706352e+00 -5.311409847747398105e-01 3.607289563221706352e+00 9.920744600929461754e+00 -9.618324964242578545e+00 -5.311409847747398105e-01 -9.618324964242578545e+00 1.015095760998310936e+01
1.162208648446929793e+01 3.282131097563308897e-01 -3.779560440257083154e-01 3.282131097563308897e-01 4.192563635073989659e+00 4.337847358810713594e+00 -3.779560440257083154e-01 4.337847358810713594e+00 -1.268881548489574573e+00
-4.480165815717684019e+00 -3.382859074998723070e+00 -5.630791393875304029e-01 -3.382859074998723070e+00 -7.636674766962011418e+00 -4.838322391919724019e+00 -5.630791393875304029e-01 -4.838322391919724019e+00 1.108660295091330017e+00
-1.045242835322004460e+00 -1.353345491665250533e+00 -2.801375597432782527e+00 -1.353345491665250533e+00 4.825985129122281947e+00 -2.212635123503771784e+00 -2.801375597432782527e+00 -2.212635123503771784e+00 5.126602895743340049e+00
-3.586192454043562350e+00 4.335297779313440625e-01 -1.877723459744810308e-01 4.335297779313440625e-01 4.219437832828011992e+00 -1.100251283175264438e+00 -1.877723459744810308e-01 -1.100251283175264438e+00 6.298471920950436953e+00
-1.430589072610250811e+00 1.591217301670631024e+00 1.060043515403435582e-01 1.591217301670631024e+00 2.530829523190663455e+00 -2.953966661371236313e+00 1.060043515403435582e-01 -2.953966661371236313e+00 -6.205670674611095450e+00
3.681545554453890201e+00 2.811745005845454504e+00 1.973969287916181425e+00 2.811745005845454504e+00 7.418153911931093525e+00 2.154504148067978297e-01 1.973969287916181425e+00 2.154504148067978297e-01 -9.978266884396217451e-01
6.345642338858752396e+00 -2.564242652118807086e+00 -6.506388343826104759e+00 -2.564242652118807086e+00 -7.507867136466935598e+00 -8.081814302498846470e-01 -6.506388343826104759e+00 -8.081814302498846470e-01 8.168307076745238149e+00
-1.556140873362901189e+00 1.005458814797103084e+00 -6.287419767818227534e-01 1.005458814797103084e+00 -9.134350783269809426e+00 4.095788401233942388e-01 -6.287419767818227534e-01 4.095788401233942388e-01 -1.298691984663409515e+00
-7.915931535984834788e+00 8.660677713578904813e-01 4.354962897858521309e+00 8.660677713578904813e-01 -1.055752736265320024e+01 -1.957276545795378908e+00 4.354962897858521309e+00 -1.957276545795378908e+00 -6.903506788131910099e+00
1.225482820096796210e+01 -3.393017811170663478e+00 -2.254791870169235768e+00 -3.393017811170663478e+00 1.050974379421239036e+01 9.892173489545438292e-01 -2.254791870169235768e+00 9.892173489545438292e-01 7.887511625098043488e+00
1.069407666343909907e-01 8.772143238496867834e-01 4.240626046828344542e+00 8.772143238496867834e-01 -1.176166958715590560e+01 -1.817904312033988390e+00 4.240626046828344542e+00 -1.817904312033988390e+00 -6.124522466306528301e+00
1.137137321194614437e+01 3.150007319704150710e+00 -1.030241003027206670e+00 3.150007319704150710e+00 -3.492286864992739659e+00 -3.015427144508874502e+00 -1.030241003027206670e+00 -3.015427144508874502e+00 8.461398316726631563e-01
-8.240491092485367375e+00 2.331295484429912523e+00 -1.547909801667681995e+00 2.331295484429912523e+00 -9.505175589362341526e+00 -1.277369807981307614e+00 -1.547909801667681995e+00 -1.277369807981307614e+00 3.702802839062839801e+00
-4.126832081851008027e+00 -3.997334661603582528e+00 7.001913800716357272e-01 -3.997334661603582528e+00 -2.738216778558624664e+00 2.527304700556033623e+00 7.001913800716357272e-01 2.527304700556033623e+00 1.044992901557861398e+00
7.555552888901154951e+00 -1.705536980969680760e+00 -1.957341238200033695e+00 -1.705536980969680760e+00 9.455658074092516685e+00 -1.062920484915086838e+00 -1.957341238200033695e+00 -1.062920484915086838e+00 -2.729268816977928225e+00
3.233544595415490108e-01 3.091635467044468122e+00 2.326317939562855611e-02 3.091635467044468122e+00 -9.278386542898529044e-01 1.674836894754618832e+00 2.326317939562855611e-02 1.674836894754618832e+00 -3.290264931694719674e+00
2.821173397773538927e+00 4.220880174934384499e+00 -3.454311762556169452e+00 4.220880174934384499e+00 -1.048898279756110163e+01 3.782730290816225693e+00 -3.454311762556169452e+00 3.782730290816225693e+00 -5.968386506102836719e+00
-4.840148242641459042e+00 1.496553097255081344e+00 -3.297465353424786638e-01 1.496553097255081344e+00 -5.777912544334072642e+00 1.905378188147431651e+00 -3.297465353424786638e-01 1.905378188147431651e+00 -4.294350108202542593e+00
3.702069260753412916e+00 -4.706689708112779869e+00 -4.154410044928892987e+00 -4.706689708112779869e+00 2.719236848300433440e+00 2.482239612606690127e+00 -4.154410044928892987e+00 2.482239612606690127e+00 2.624569140595096606e+00
-2.415966188816207172e+00 -3.149355335159146119e+00 -8.960058008329554458e-01 -3.149355335159146119e+00 5.872486315789828382e+00 2.205803973538189133e+00 -8.960058008329554458e-01 2.205803973538189133e+00 2.604553044363424164e+00
5.776378026557819068e-01 3.036878800520858679e+00 -3.115460217750859240e+00 3.036878800520858679e+00 5.351163638065609796e+00 3.339660704570942329e+00 -3.115460217750859240e+00 3.339660704570942329e+00 1.723259315498577138e+00
-1.214080544701083753e+01 2.139446666048732570e+00 -4.521663359159543205e+00 2.139446666048732570e+00 -5.943874870535804433e+00 -3.991861788382097931e+00 -4.521663359159543205e+00 -3.991861788382097931e+00 -4.055593535038608088e+00
3.245485239767528007e+00 -5.371761761382006561e+00 -4.030008007116962609e+00 -5.371761761382006561e+00 3.041242766645300133e+00 9.309064747999539202e-01 -4.030008007116962609e+00 9.309064747999539202e-01 1.574101369348637647e+00
6.443539214182911756e+00 9.687339096747328293e-01 -7.044986825371966077e+00 9.687339096747328293e-01 1.380226477203456348e+01 -3.239643082109640471e+00 -7.044986825371966077e+00 -3.239643082109640471e+00 6.779227693713462344e+00
1.099151441503748039e+01 1.443680401978772343e+00 -2.451145523691993233e+00 1.443680401978772343e+00 1.009870851844644868e+01 -1.561368666158432728e+00 -2.451145523691993233e+00 -1.561368666158432728e+00 8.182168194804614103e+00
6.443539214182911756e+00 9.687339096747328293e-01 -7.044986825371966077e+00 9.687339096747328293e-01 1.380226477203456348e+01 -3.239643082109640471e+00 -7.044986825371966077e+00 -3.239643082109640471e+00 6.779227693713462344e+00
-6.792990051116204242e+00 -1.597071594081532764e+00 1.932359436806552200e+00 -1.597071594081532764e+00 -3.167551053491378443e+00 2.056326851792055765e-01 1.932359436806552200e+00 2.056326851792055765e-01 -7.904912005620322368e+00
4.591813374736263498e+00 7.189159404531871855e-01 1.659113999698730302e+00 7.189159404531871855e-01 4.580127962049840740e+00 9.720560386193085600e-01 1.659113999698730302e+00 9.720560386193085600e-01 1.475075672525422599e+00
-1.474763106249304512e+00 1.502276049478693531e-01 -2.956287755017901198e+00 1.502276049478693531e-01 7.899255400512012137e+00 2.443424088110780268e+00 -2.956287755017901198e+00 2.443424088110780268e+00 -1.119755451234895505e+00
-3.547510133284903500e+00 5.440641169554860657e-01 -3.470666491429991174e-01 5.440641169554860657e-01 -4.885323112851492233e+00 2.227309533742267700e-01 -3.470666491429991174e-01 2.227309533742267700e-01 -6.811516611297695256e+00
6.288448704990720728e+00 -4.259153524129652091e+00 -2.574005410970372498e+00 -4.259153524129652091e+00 8.372694207993642834e+00 4.040888639218112033e-01 -2.574005410970372498e+00 4.040888639218112033e-01 6.073190466467945470e+00
3.381851894120617263e+00 -4.233688347844754007e-01 -2.340788306607601288e-01 -4.233688347844754007e-01 -1.013008329295875676e+01 -1.273702687506035769e+00 -2.340788306607601288e-01 -1.273702687506035769e+00 4.465346670614334990e+00
-3.508392596587371681e+00 -3.880145142480655895e+00 -4.912227155508281373e-01 -3.880145142480655895e+00 -5.516072580012298943e+00 -7.237653341793141237e+00 -4.912227155508281373e-01 -7.237653341793141237e+00 -4.086379847115736652e+00
-4.652223164357472740e+00 3.621743752789269077e+00 -1.052890252338731569e+00 3.621743752789269077e+00 -2.261058440958676474e+00 -4.838202291260083499e+00 -1.052890252338731569e+00 -4.838202291260083499e+00 3.489382938185506267e-02
-3.336768630039482542e+00 -4.626542748954131090e-01 4.656933814958065021e+00 -4.626542748954131090e-01 4.056227412668143018e+00 -5.855818764515151598e-01 4.656933814958065021e+00 -5.855818764515151598e-01 2.740805506275408310e-01
-2.732924980974674511e+00 1.303838508156437870e+00 1.639062092778407198e+00 1.303838508156437870e+00 -3.835927565460899302e-01 -1.039217593657452809e+00 1.639062092778407198e+00 -1.039217593657452809e+00 2.358627710996211047e+00
1.528226531628940954e+00 2.355417504556635011e-01 2.869919854612058785e+00 2.355417504556635011e-01 1.236878990809305634e+00 3.489752975837586924e+00 2.869919854612058785e+00 3.489752975837586924e+00 7.961248888934225221e+00
4.727990136972799462e+00 -3.224896431948145903e+00 -9.459386296209570943e-01 -3.224896431948145903e+00 -3.076719845344022541e+00 -1.502684397628124113e+00 -9.459386296209570943e-01 -1.502684397628124113e+00 -5.748590821157024244e+00
-1.814848100099057282e+00 -2.765061724101615770e+00 -1.680423650290325588e+00 -2.765061724101615770e+00 -5.043008076229845038e+00 1.660262101264575296e+00 -1.680423650290325588e+00 1.660262101264575296e+00 -1.273696629331829477e+01
-1.507299421379018733e+00 3.295626847900398726e+00 -3.397320737992374440e+00 3.295626847900398726e+00 -3.668611282249446770e+00 -4.634375094848870447e-01 -3.397320737992374440e+00 -4.634375094848870447e-01 2.942392059923707670e+00
7.350585188069507225e+00 -2.170814915428571634e+00 -3.417038429144670708e+00 -2.170814915428571634e+00 -5.174476783621426712e+00 2.706503367226372525e+00 -3.417038429144670708e+00 2.706503367226372525e+00 3.123958863351044890e+00
-1.369164826018365089e+00 1.608105258958932859e+00 -3.970845904485777123e+00 1.608105258958932859e+00 5.278137214278998179e+00 6.320707459371175396e-01 -3.970845904485777123e+00 6.320707459371175396e-01 8.621050744195885684e+00
2.199680959196273822e+00 2.522764855592876998e+00 3.142510999130875698e-02 2.522764855592876998e+00 -4.210327795214059421e+00 6.155331068138889666e-02 3.142510999130875698e-02 6.155331068138889666e-02 2.035219046565324152e+00
-5.354818270366415334e+00 -3.265714490029375527e-02 2.449031054662250462e+00 -3.265714490029375527e-02 -7.040643711136826965e+00 -2.036316419514062837e+00 2.449031054662250462e+00 -2.036316419514062837e+00 -3.774140123219098530e+00
1.174447220723199159e+01 -3.548195941940978759e+00 8.557614406976993271e-01 -3.548195941940978759e+00 2.459465025182426157e+00 3.428147879599005687e+00 8.557614406976993271e-01 3.428147879599005687e+00 8.549938984162318789e+00
-2.274064878156791814e+00 -2.755551746215233244e+00 -4.522840066414202109e-01 -2.755551746215233244e+00 1.086450081219116237e+00 -1.785752295396351164e+00 -4.522840066414202109e-01 -1.785752295396351164e+00 -3.192212847391254993e+00
