2.420453960495870138e+00 -1.819094262668486950e+00 5.465231995221758510e+00 -1.819094262668486950e+00 6.183209024415358357e+00 -1.517429812496674968e+00 5.465231995221758510e+00 -1.517429812496674968e+00 5.055565474692283345e+00
-1.111204959235395195e+00 1.313580203330414031e+00 1.048370763032443254e+00 1.313580203330414031e+00 4.475967626863638138e+00 4.179465889815628721e+00 1.048370763032443254e+00 4.179465889815628721e+00 -6.017881755388178711e+00
-4.091703931353463553e+00 1.672723397032730652e+00 -1.474621523205931206e+00 1.672723397032730652e+00 -1.288950010031915949e-01 1.812991120394925826e+00 -1.474621523205931206e+00 1.812991120394925826e+00 -1.573081426955159623e+00
1.767819385846278513e+00 3.102810760110626814e-02 1.220444117292958319e+00 3.102810760110626814e-02 4.620323177019423966e+00 -5.180128474551189299e+00 1.220444117292958319e+00 -5.180128474551189299e+00 1.500844593415912342e+01
-4.428297144602074908e+00 -2.453595420665920734e+00 -2.596037587116169498e-01 -2.453595420665920734e+00 -1.554891847837702068e+00 -4.481129089296969958e+00 -2.596037587116169498e-01 -4.481129089296969958e+00 -7.469583275420058399e+00
-1.074502217227696343e+00 -1.010403084131873547e-01 -3.140936930928583948e+00 -1.010403084131873547e-01 -4.635498110309753450e+00 -9.411899964134406993e-01 -3.140936930928583948e+00 -9.411899964134406993e-01 -3.598588224112237999e+00
3.595515903369953747e+00 -1.142116819923453708e+00 -5.054957257891529165e-01 -1.142116819923453708e+00 -2.056036058427588742e+00 1.365598689534370358e+00 -5.054957257891529165e-01 1.365598689534370358e+00 -6.799784917036136633e+00
-1.552335844836657056e-02 4.732820739772913399e+00 3.922530619771305460e+00 4.732820739772913399e+00 -8.420134426493817159e+00 8.674523593383404174e-01 3.922530619771305460e+00 8.674523593383404174e-01 -2.408779025852985922e-01
-9.138139872201247460e-01 3.505142399665499120e+00 -3.904612562966115696e+00 3.505142399665499120e+00 -6.220827532733981258e-01 2.002585944265662832e+00 -3.904612562966115696e+00 2.002585944265662832e+00 -1.913977667507027913e+00
4.236722716227865893e-01 4.782217029424425947e-01 1.996292796388576374e+00 4.782217029424425947e-01 8.071069762816892590e-01 -2.898816766896739505e+00 1.996292796388576374e+00 -2.898816766896739505e+00 -1.032275743624512465e+01
7.199175177303914097e+00 4.506051126112618488e-01 2.832888527381631327e+00 4.506051126112618488e-01 8.478832073060882379e+00 -1.590872273077313270e+00 2.832888527381631327e+00 -1.590872273077313270e+00 1.354544006753251217e+01
3.661463509198308319e-01 -2.079913962316031650e+00 -1.631320689104971855e+00 -2.079913962316031650e+00 3.556109585212352098e+00 -1.702510008510878636e+00 -1.631320689104971855e+00 -1.702510008510878636e+00 4.104192903412257065e-01
7.506163051558060850e+00 1.514079592280743070e+00 2.392523992578841074e+00 1.514079592280743070e+00 4.845207709911038663e+00 -1.902533729871905555e-01 2.392523992578841074e+00 -1.902533729871905555e-01 1.804552852440102839e+01
-1.266280789691353714e+00 -8.934042069702416988e-01 -5.502599632932971691e-02 -8.934042069702416988e-01 -1.532697297608016429e+00 1.407949853956465824e-01 -5.502599632932971691e-02 1.407949853956465824e-01 2.566350190680489085e+00
2.274820956005685069e-01 -1.032075807118244759e+00 -4.715001319278338543e-01 -1.032075807118244759e+00 -3.678175982048285775e+00 2.222940352545097031e+00 -4.715001319278338543e-01 2.222940352545097031e+00 -1.352130032566771112e+00
7.139797546522851368e-01 -3.232112800047637347e+00 1.861306426400446856e+00 -3.232112800047637347e+00 -6.748752316826538866e+00 -3.368285938298877902e+00 1.861306426400446856e+00 -3.368285938298877902e+00 -5.588698130915936702e+00
-7.514069857864348556e+00 -5.312011908775222668e-01 2.351136630106406056e+00 -5.312011908775222668e-01 5.523410596797651451e+00 3.864815356209805874e-01 2.351136630106406056e+00 3.864815356209805874e-01 -5.386724672889397603e+00
7.993614644374681610e+00 -1.145439586428045109e+00 1.990287645567573538e+00 -1.145439586428045109e+00 -1.231154158769144580e+00 -1.693755971429901308e+00 1.990287645567573538e+00 -1.693755971429901308e+00 9.709249533512043229e-01
-3.875202858491312963e+00 2.887873149126967687e-01 2.974862052293146597e+00 2.887873149126967687e-01 1.412739773644824171e+00 -9.699206118746693805e-01 2.974862052293146597e+00 -9.699206118746693805e-01 -9.202811072448454865e+00
-2.459272933707394859e+00 -3.126068314339370158e+00 4.545370864484140405e+00 -3.126068314339370158e+00 2.923889449710257576e-02 2.261836611659434837e+00 4.545370864484140405e+00 2.261836611659434837e+00 7.359632269807767635e+00
-1.354425301636383638e+00 -1.976985236222863929e+00 -3.442147410431069865e+00 -1.976985236222863929e+00 -3.512787315315303527e+00 -9.214479581506175576e-02 -3.442147410431069865e+00 -9.214479581506175576e-02 -5.117581478702077469e+00
1.370078438290888156e+00 -4.513579222002410241e+00 1.019150149112689085e+00 -4.513579222002410241e+00 -2.578328428650207282e+00 3.308020009116843796e-01 1.019150149112689085e+00 3.308020009116843796e-01 -2.723139527153178641e+00
-8.371980694287758595e+00 1.038460460547801167e+00 -2.392795919899733725e+00 1.038460460547801167e+00 -4.005357642545760710e-02 -3.437267149078913508e+00 -2.392795919899733725e+00 -3.437267149078913508e+00 2.607052499932775547e+00
3.265889927555821082e+00 1.019016454532852833e+00 -1.441637149770794712e+00 1.019016454532852833e+00 3.808645242576009782e+00 -6.011182027799349958e-01 -1.441637149770794712e+00 -6.011182027799349958e-01 -1.117947845876936697e+01
7.399108385780342800e+00 -1.566324941709392515e+00 2.676024465101624283e+00 -1.566324941709392515e+00 1.074628523007792680e+01 1.532935476241221284e+00 2.676024465101624283e+00 1.532935476241221284e+00 -3.352029881777445208e+00
6.207631448637600968e+00 -1.211336209908786987e+00 1.215974623021105039e+00 -1.211336209908786987e+00 9.481543214160820909e+00 -4.942068985737059883e+00 1.215974623021105039e+00 -4.942068985737059883e+00 5.744848754212211084e+00
5.354573790308568171e+00 1.360660164933575000e+00 3.496650702954709367e+00 1.360660164933575000e+00 -1.160358083286333830e+00 7.686672749528099535e-01 3.496650702954709367e+00 7.686672749528099535e-01 -6.313621559993061183e+00
1.210331056978172271e+01 1.888849026835450085e+00 -5.148955901659169498e+00 1.888849026835450085e+00 1.169580271312748110e+00 3.563518345495994222e+00 -5.148955901659169498e+00 3.563518345495994222e+00 7.424153074324785884e+00
4.120096211442464629e+00 3.713694250210148873e-01 3.331170858318356132e+00 3.713694250210148873e-01 -3.754432611058316493e-01 -9.327489457450008903e-01 3.331170858318356132e+00 -9.327489457450008903e-01 -1.578967329994356072e+00
-2.087100111602869124e+00 1.455506580142728268e+00 3.715335352760069210e+00 1.455506580142728268e+00 2.462962442466589685e+00 -5.378520681392296332e+00 3.715335352760069210e+00 -5.378520681392296332e+00 7.490744106996272578e+00
-2.940015518416960294e+00 -5.692609726779277679e+00 5.085573010302463004e+00 -5.692609726779277679e+00 8.801477537794610839e+00 1.691067843117170844e+00 5.085573010302463004e+00 1.691067843117170844e+00 -5.842952186040761831e-01
-1.029876112956238465e+01 -2.382119524846016301e+00 -6.762221237339819391e-01 -2.382119524846016301e+00 -2.832113467725939859e+00 -3.454843471809158739e+00 -6.762221237339819391e-01 -3.454843471809158739e+00 -1.796989433791883695e+00
1.375672553550620592e+01 -3.482671386333739960e+00 1.816567055821131094e+00 -3.482671386333739960e+00 8.144238919091009166e+00 2.077240055967440879e-01 1.816567055821131094e+00 2.077240055967440879e-01 3.527970412684388712e+00
1.431273249903677103e+00 -5.429080615753429484e+00 1.852048338136537131e-01 -5.429080615753429484e+00 -3.073722419525202199e+00 -3.081660546270517997e+00 1.852048338136537131e-01 -3.081660546270517997e+00 2.354977601110300744e-01
1.230280248472270621e+01 2.286768999825101664e-02 2.869659345399076522e-01 2.286768999825101664e-02 3.211481214129376927e+00 -6.527310998212112469e-01 2.869659345399076522e-01 -6.527310998212112469e-01 1.315304736316927459e+00
5.748302701724057329e+00 7.972587214880050288e-01 -9.486449131387871825e-01 7.972587214880050288e-01 1.098602642842263322e+01 4.636602832373907468e+00 -9.486449131387871825e-01 4.636602832373907468e+00 -2.033057825362656612e-01
2.087977701568438427e+00 -2.089154933135773717e+00 -1.918423194419600630e+00 -2.089154933135773717e+00 -2.325894543254207747e+00 2.470611122404907878e+00 -1.918423194419600630e+00 2.470611122404907878e+00 -4.283166379395862755e+00
2.160751458750047149e+01 -7.258129192308526711e-01 -2.691194354800702015e+00 -7.258129192308526711e-01 3.919497503104657721e+00 -2.993828260185022128e+00 -2.691194354800702015e+00 -2.993828260185022128e+00 1.166540201003111932e+01
-4.774640505937164825e+00 -3.160031044136855538e+00 -1.644403483761447404e-01 -3.160031044136855538e+00 -2.585270243105376231e+00 -6.579823969127283068e-01 -1.644403483761447404e-01 -6.579823969127283068e-01 -2.466052717121797411e+00
1.048309965617309736e+01 -8.714290927749402949e-01 1.670138020208572271e+00 -8.714290927749402949e-01 3.699131929649069672e+00 -2.627242557047649196e+00 1.670138020208572271e+00 -2.627242557047649196e+00 -4.902040221844526258e+00
1.496856429379310960e+00 -4.390208691478104441e+00 -7.964365636085548594e-01 -4.390208691478104441e+00 4.552105349651387911e+00 2.228119479865652952e+00 -7.964365636085548594e-01 2.228119479865652952e+00 3.582198418205318813e+00
4.377499617583969993e+00 -7.040903707114490873e-01 6.078861019542314281e-01 -7.040903707114490873e-01 5.707024537565229538e-01 3.834253582801540272e+00 6.078861019542314281e-01 3.834253582801540272e+00 -2.076747008111614168e+00
5.810101959625000312e+00 3.166669195154146355e+00 7.096890632676666755e-01 3.166669195154146355e+00 2.297953057632901253e+00 -3.987038138289620282e+00 7.096890632676666755e-01 -3.987038138289620282e+00 5.092210956398742994e+00
5.934500875386614638e+00 -9.375626435112835999e-01 1.713065791680729477e+00 -9.375626435112835999e-01 6.407920908680024397e+00 -1.551134040546472137e-01 1.713065791680729477e+00 -1.551134040546472137e-01 6.491689172800950480e+00
-8.610935101734771280e+00 -3.149223958811981028e+00 -9.822550061293926493e-01 -3.149223958811981028e+00 -3.878606665089775696e+00 -1.275735753079303425e+00 -9.822550061293926493e-01 -1.275735753079303425e+00 -4.239888519677839973e+00
-3.033053058804286550e+00 -1.368458206324519644e+00 -1.791548310281820544e-01 -1.368458206324519644e+00 -1.392400719390435748e+00 1.682142124748826850e+00 -1.791548310281820544e-01 1.682142124748826850e+00 5.146001859050422844e+00
-3.612431802462455988e+00 9.529812900682642640e-01 -9.136905413150087085e-01 9.529812900682642640e-01 -6.003237737537701069e-01 1.432119139956571141e+00 -9.136905413150087085e-01 1.432119139956571141e+00 -2.858732093816458986e-01
3.809887023675147866e+00 1.994624754058067273e+00 1.709007835019940913e+00 1.994624754058067273e+00 -3.777641592825714767e+00 2.598176680556645302e+00 1.709007835019940913e+00 2.598176680556645302e+00 -9.108208022584953767e-01
4.032484424185438954e+00 -2.062345550800377403e+00 3.372890179882190420e+00 -2.062345550800377403e+00 1.025900516913813831e+01 6.333271583709737307e+00 3.372890179882190420e+00 6.333271583709737307e+00 3.482863872572907304e+00
-1.284804967046752067e+00 1.884297221343811612e+00 -1.715294456791037314e+00 1.884297221343811612e+00 1.732176154708621185e+00 8.111884984697248502e-01 -1.715294456791037314e+00 8.111884984697248502e-01 -2.992482223383413853e+00
-5.744692806207733149e+00 1.661740282052388773e+00 2.389676702424480492e+00 1.661740282052388773e+00 -7.231550523458832869e-01 2.503516240037237939e+00 2.389676702424480492e+00 2.503516240037237939e+00 -8.981464067005767049e+00
1.299646076006645279e+00 9.835163648960520977e-01 4.282908846304767786e-02 9.835163648960520977e-01 -6.306683200474872741e+00 -4.218034921927861780e-01 4.282908846304767786e-02 -4.218034921927861780e-01 -9.989154668032433904e+00
1.210742862433953704e+01 2.757359575124697315e+00 1.049208820462637082e+00 2.757359575124697315e+00 5.069406923529439446e+00 -4.539667046244074911e+00 1.049208820462637082e+00 -4.539667046244074911e+00 8.244355786235536554e-01
-7.609649873099362694e+00 -2.932501237644117076e+00 3.380618512586336388e-01 -2.932501237644117076e+00 -3.819840330351123470e+00 -3.245841992793373709e+00 3.380618512586336388e-01 -3.245841992793373709e+00 -1.467543563179243726e+00
3.765898117785581256e+00 -9.635954965094475910e-02 1.189727468014180750e-01 -9.635954965094475910e-02 -1.976531549244554542e+00 8.327945341744811270e-01 1.189727468014180750e-01 8.327945341744811270e-01 -4.350182578271982514e+00
1.213721705777452975e+00 3.404499961522856832e+00 5.620903928500183611e+00 3.404499961522856832e+00 5.404639962186678304e+00 2.236904535962864760e+00 5.620903928500183611e+00 2.236904535962864760e+00 6.304066933752328072e-01
1.156769312127527316e+00 3.944616712386531110e-01 -1.209399563497035368e+00 3.944616712386531110e-01 -8.351990656243502897e+00 -1.295458570271677656e+00 -1.209399563497035368e+00 -1.295458570271677656e+00 -3.724830896701011085e+00
-7.699147704142542459e+00 -2.911953054694238041e+00 -2.382666231600880202e+00 -2.911953054694238041e+00 2.311115682322938181e+00 -3.845092190576639091e+00 -2.382666231600880202e+00 -3.845092190576639091e+00 1.348482532766771236e+01
2.968943191387844127e+00 2.701758601036619467e+00 2.349600645196289417e+00 2.701758601036619467e+00 8.038195355341057891e+00 5.424663377560872135e+00 2.349600645196289417e+00 5.424663377560872135e+00 6.546331954941281062e+00
6.379536430267991776e+00 1.115828293840994467e+00 5.110559386379549540e-01 1.115828293840994467e+00 -8.655036542650084153e-01 1.698558864162597271e+00 5.110559386379549540e-01 1.698558864162597271e+00 -5.478887354753850580e+00
-6.747478839528535666e+00 2.203578877947212078e+00 3.024321457891930853e-01 2.203578877947212078e+00 -1.954281146986822870e+00 -1.386913443694802517e+00 3.024321457891930853e-01 -1.386913443694802517e+00 -3.843880350377591792e+00
-2.087765732941549768e+00 4.476811075146999719e-01 1.955178714451955013e+00 4.476811075146999719e-01 6.742605668108127004e-01 -9.496105375070107435e-01 1.955178714451955013e+00 -9.496105375070107435e-01 -2.411376418751420836e+00
8.878375334942548491e+00 -2.315808563415820753e+00 -3.883147703637157555e+00 -2.315808563415820753e+00 5.821767070890494722e+00 1.069702472288002193e+00 -3.883147703637157555e+00 1.069702472288002193e+00 -4.325022205811364984e+00
8.169346559566375010e-01 -3.497929900734805031e+00 -1.952051234221791054e+00 -3.497929900734805031e+00 4.064631380026480834e+00 1.002571821138087182e+00 -1.952051234221791054e+00 1.002571821138087182e+00 -1.294900437812487350e-02
8.603715652182718499e-01 -1.637988872284702024e+00 4.865023719314975459e+00 -1.637988872284702024e+00 -2.855388464788116920e+00 4.022232302134276516e+00 4.865023719314975459e+00 4.022232302134276516e+00 5.723430530707530828e+00
-1.579962037291419596e+00 -1.689120752554363669e+00 -7.784425688954822675e+00 -1.689120752554363669e+00 -1.021311277352140001e+00 -1.994768928491964299e+00 -7.784425688954822675e+00 -1.994768928491964299e+00 1.787616400781943682e+01
1.139462745493386553e+00 2.447097750090759138e+00 2.303312325832352681e+00 2.447097750090759138e+00 3.384908826788181724e+00 2.369285981689433385e+00 2.303312325832352681e+00 2.369285981689433385e+00 -3.115054771533356082e+00
1.058474252570793794e+01 -4.684163743029526650e+00 -9.842326595560182412e+00 -4.684163743029526650e+00 3.252032149994423360e+00 4.267058750197702359e-03 -9.842326595560182412e+00 4.267058750197702359e-03 6.153339262763650730e+00
5.978140991275950000e+00 -1.656709332320080552e+00 1.400600500628277123e+00 -1.656709332320080552e+00 4.484831025614352207e+00 -4.055392714475483551e+00 1.400600500628277123e+00 -4.055392714475483551e+00 5.326205646525088433e+00
1.775744063913605730e+00 -1.250107626169755681e+00 -2.891657163393148711e+00 -1.250107626169755681e+00 -1.202342163019197496e+00 1.631551395955708861e+00 -2.891657163393148711e+00 1.631551395955708861e+00 3.543066200484263462e+00
-1.002140614664517759e+00 -2.017597396261611387e+00 2.472018052813254596e-02 -2.017597396261611387e+00 2.418443306163434059e+00 9.559044024432578057e-01 2.472018052813254596e-02 9.559044024432578057e-01 8.312096102809668707e+00
1.118979671755620942e+01 -1.063273654603241969e+00 -3.061833296159465867e+00 -1.063273654603241969e+00 9.557172868039559788e+00 3.276666775883492644e+00 -3.061833296159465867e+00 3.276666775883492644e+00 7.639417710974129250e+00
-2.799120765288478196e+00 -1.635590975630363486e+00 -2.990815184263136306e+00 -1.635590975630363486e+00 2.411662832974820869e+00 2.098373393393015984e+00 -2.990815184263136306e+00 2.098373393393015984e+00 1.283161163969741914e+01
-2.829027669988333660e+00 3.754264922737636123e+00 1.890324591481181982e-01 3.754264922737636123e+00 -1.006243865262235815e+01 3.128341227890431009e-01 1.890324591481181982e-01 3.128341227890431009e-01 8.555178486561600959e-01
-9.532878003131864730e+00 -1.181747311011972057e+00 -9.969367201649815824e-01 -1.181747311011972057e+00 -7.444260750824502004e+00 2.663383951404027172e+00 -9.969367201649815824e-01 2.663383951404027172e+00 -4.832612241732583414e+00
-3.869436009945800059e+00 -1.325912902599548193e+00 3.337225458644881848e-01 -1.325912902599548193e+00 4.813602798944969230e+00 -1.969910682775738664e+00 3.337225458644881848e-01 -1.969910682775738664e+00 -1.262528089225533456e+01
1.224596634243715343e+00 -3.020681250362995396e+00 4.119560200562940366e+00 -3.020681250362995396e+00 -7.133578539048989420e+00 -9.066575247607445709e-01 4.119560200562940366e+00 -9.066575247607445709e-01 -2.071287952111947828e+00
8.432931368415303552e+00 -4.492613201909372300e+00 -9.960877578550334732e+00 -4.492613201909372300e+00 7.277902071176091781e+00 -2.073516015347492747e+00 -9.960877578550334732e+00 -2.073516015347492747e+00 1.467522046033378658e+01
1.737712882873977627e+00 5.464251797246880038e+00 3.892796919623365270e-01 5.464251797246880038e+00 4.346056744403801630e+00 -5.942978919810685268e-01 3.892796919623365270e-01 -5.942978919810685268e-01 1.838635654157394494e-01
7.917182715555310946e-01 -1.304038969766239120e+00 2.123735393495153889e-01 -1.304038969766239120e+00 1.793205910778568057e-01 -1.156519321343690010e-01 2.123735393495153889e-01 -1.156519321343690010e-01 2.981008679122807870e+00
1.473604744980075765e+00 -4.205134680210225184e+00 -3.104351548519417747e+00 -4.205134680210225184e+00 -6.581811518246628578e-01 4.432286551681184683e+00 -3.104351548519417747e+00 4.432286551681184683e+00 -4.056984049896684041e+00
4.798844050447893750e+00 -5.876392193788536389e+00 4.442933238176547839e+00 -5.876392193788536389e+00 -9.603708604122509485e+00 -4.277727581279235913e+00 4.442933238176547839e+00 -4.277727581279235913e+00 4.186642702082047585e+00
5.308014793620569272e+00 -5.253560348908546729e+00 5.464302478672706798e-01 -5.253560348908546729e+00 -7.897265974695748980e+00 -2.705204549322876684e+00 5.464302478672706798e-01 -2.705204549322876684e+00 3.974208185908959662e-02
-2.200168652763826227e+00 -2.425236638736994355e+00 -1.889245248199545646e+00 -2.425236638736994355e+00 3.535409573258236460e+00 -1.373550364915374855e+00 -1.889245248199545646e+00 -1.373550364915374855e+00 9.470885389608554306e+00
-2.110650849536960028e+00 2.022774780177182263e-01 -1.727324871287744701e+00 2.022774780177182263e-01 -2.323056712035048932e+00 3.439413634116479379e+00 -1.727324871287744701e+00 3.439413634116479379e+00 6.419915681447566635e-01
6.420978438902607444e+00 4.392706425690421912e-01 2.433214681484873854e+00 4.392706425690421912e-01 3.481189150757470152e+00 3.147015878114293730e-01 2.433214681484873854e+00 3.147015878114293730e-01 1.738813685449191482e+01
7.117421518045574658e+00 9.628712049547494267e-01 1.198521052982393975e+00 9.628712049547494267e-01 -2.887885345997307063e+00 1.492302718649303639e+00 1.198521052982393975e+00 1.492302718649303639e+00 7.317206618447826827e-01
2.806380532913598902e+00 -2.348472308252046226e+00 -3.068400845514196007e+00 -2.348472308252046226e+00 3.327585215478270797e+00 -7.348357959379020476e-01 -3.068400845514196007e+00 -7.348357959379020476e-01 -3.414489782240400118e+00
5.359236968960725989e+00 -3.718808501871469829e+00 2.954327990209852484e+00 -3.718808501871469829e+00 -2.345656883592577735e+00 -9.624207559259277955e-01 2.954327990209852484e+00 -9.624207559259277955e-01 -1.328451096666784181e+00
-1.125161475900598340e+01 3.697838443770858352e-01 5.999685180266059348e+00 3.697838443770858352e-01 -1.027391790826408879e+01 -3.000411634263899785e+00 5.999685180266059348e+00 -3.000411634263899785e+00 6.396862176831974445e+00
3.598660555353847545e+00 -4.995936186358781228e+00 6.561040671982942829e-02 -4.995936186358781228e+00 -9.454404627539667594e-01 2.462986566970878088e-01 6.561040671982942829e-02 2.462986566970878088e-01 3.274105910753499771e+00
4.767318258026503663e+00 6.957247017904497177e+00 -1.007520234559190486e+00 6.957247017904497177e+00 5.920693636907530255e+00 1.674971255213165922e+00 -1.007520234559190486e+00 1.674971255213165922e+00 -1.229166235303808419e+00
3.994824240753782618e+00 -2.700948658825453208e+00 1.427089076594725503e+00 -2.700948658825453208e+00 2.543006910658109021e+00 1.178432749724083184e+00 1.427089076594725503e+00 1.178432749724083184e+00 7.416998854734717650e-01
-7.366801662649499760e-02 1.419263480643469244e-01 -2.043038890938119412e+00 1.419263480643469244e-01 4.080677537673962352e-01 -2.271727903720841990e+00 -2.043038890938119412e+00 -2.271727903720841990e+00 -6.585729978484025970e+00
8.567433153679687052e+00 2.110664711979979291e+00 1.940353722449767115e+00 2.110664711979979291e+00 -1.326132417890673487e+00 1.496832609846273920e-01 1.940353722449767115e+00 1.496832609846273920e-01 1.316891355175041411e+00
-5.090575936151280345e+00 -2.077991943162939670e+00 1.128585777984486782e+00 -2.077991943162939670e+00 -3.893184434727372967e+00 5.908186168456214249e-01 1.128585777984486782e+00 5.908186168456214249e-01 -6.266881162775288061e+00
1.624594240379062882e+01 7.912499090628414500e+00 -4.814216639283891652e+00 7.912499090628414500e+00 5.198139831746512840e+00 -7.825924656275743629e+00 -4.814216639283891652e+00 -7.825924656275743629e+00 9.283741045012218862e+00
-1.209454118030999670e+00 7.930219958967961169e-01 3.304098270824819217e+00 7.930219958967961169e-01 -9.108093795547519633e+00 1.237972398584395117e+00 3.304098270824819217e+00 1.237972398584395117e+00 -7.808645840471593047e-01
-3.558195314004776844e+00 -2.350706156566021665e+00 -1.288309692094666614e+00 -2.350706156566021665e+00 4.244472595531806336e-01 -9.865032553561986495e-01 -1.288309692094666614e+00 -9.865032553561986495e-01 1.101932828778875084e+01
-1.511017390881890687e+00 3.353953613233521813e-01 -2.300450815434257112e+00 3.353953613233521813e-01 2.150927388256135053e+00 -2.040347624133028948e+00 -2.300450815434257112e+00 -2.040347624133028948e+00 -5.666417226659602457e-01
3.657440385766148161e+00 4.517320929767377535e+00 1.464254273210201740e+00 4.517320929767377535e+00 3.692753471284691891e+00 -9.220107333071173028e-02 1.464254273210201740e+00 -9.220107333071173028e-02 7.081437989396157651e-01
2.244120510364453480e+00 1.206099360224570649e+00 3.034361563009825513e+00 1.206099360224570649e+00 5.301785429128672789e+00 4.904716830479515011e+00 3.034361563009825513e+00 4.904716830479515011e+00 -4.350435119475951851e+00
8.998582838301114606e+00 -4.958307711336760182e-01 -2.752350711131402505e+00 -4.958307711336760182e-01 1.420729990093808759e+01 2.841766345521361981e+00 -2.752350711131402505e+00 2.841766345521361981e+00 5.544402318404233476e+00
-9.769111881309070711e+00 8.546799149582952060e-01 4.403486611842401643e+00 8.546799149582952060e-01 -5.174105748396721216e-01 1.079590280860463825e+00 4.403486611842401643e+00 1.079590280860463825e+00 -9.830441742677818340e+00
-2.542709019077508792e+00 1.335810745230043395e+00 1.432322420103410598e+00 1.335810745230043395e+00 -4.493993615439644707e+00 -3.687191805075834328e+00 1.432322420103410598e+00 -3.687191805075834328e+00 -6.724421120487242831e-01
8.450303448489030478e-01 -1.454946865568321090e+00 3.205364732925375937e-01 -1.454946865568321090e+00 -3.931800613434662139e+00 -3.634344079954441753e+00 3.205364732925375937e-01 -3.634344079954441753e+00 2.438621066197942111e-01
3.706774597212189271e+00 2.156734889018838253e+00 1.490668592303920903e+00 2.156734889018838253e+00 2.799280310470655397e-01 3.032306874541796926e-01 1.490668592303920903e+00 3.032306874541796926e-01 7.017294926075444694e-01
4.914455003357263152e+00 4.701575488826383875e+00 -9.907435087885458902e-01 4.701575488826383875e+00 7.935261883616984591e+00 4.860673084266264432e+00 -9.907435087885458902e-01 4.860673084266264432e+00 -1.068505820766100456e+00
2.742863936699669658e+00 -1.409977554582804826e+00 -3.356261679886949345e-01 -1.409977554582804826e+00 -1.812395792515214543e+00 9.557885818902916997e-01 -3.356261679886949345e-01 9.557885818902916997e-01 -5.977506397491534784e+00
-1.747309632451518935e+00 -2.718821448133660112e+00 -7.923945681448896217e-01 -2.718821448133660112e+00 -4.905835562906285752e+00 6.022796930478212518e-01 -7.923945681448896217e-01 6.022796930478212518e-01 -2.869596551014268471e+00
1.211941891100997371e+00 1.772643342283415580e+00 8.851783158171108376e-03 1.772643342283415580e+00 -1.203340908465641013e+00 -4.284853167432027377e+00 8.851783158171108376e-03 -4.284853167432027377e+00 -1.918623999533587643e+00
4.356941301203171690e+00 3.128337683866313501e+00 -3.325522698580878345e-01 3.128337683866313501e+00 7.136945234042203268e+00 -6.791380896377063436e+00 -3.325522698580878345e-01 -6.791380896377063436e+00 -9.324433873883327673e-01
3.256524439446391472e+00 -6.553986364956605470e+00 1.473259988942569043e+00 -6.553986364956605470e+00 -2.194379788848928925e+00 -1.087979866558909769e+00 1.473259988942569043e+00 -1.087979866558909769e+00 -1.772658414477543687e+00
-7.360976477776746130e+00 -8.063014680474167584e-01 -5.252213807327099637e-01 -8.063014680474167584e-01 -6.689039034534172146e+00 2.549899691391177114e+00 -5.252213807327099637e-01 2.549899691391177114e+00 -5.878648153732310533e+00
1.235329901806091080e+01 9.542510992274879200e+00 -5.746778951070353969e+00 9.542510992274879200e+00 2.187504400383009084e+00 -7.604890870177117179e+00 -5.746778951070353969e+00 -7.604890870177117179e+00 2.371876195130413478e+00
1.451287884111181548e+01 2.253752712242803380e+00 1.365081365991595685e+00 2.253752712242803380e+00 6.810909790474820369e+00 -4.821862280646716847e+00 1.365081365991595685e+00 -4.821862280646716847e+00 1.414379778035200139e-02
1.206556509639730296e-01 -1.505413830919385632e+00 9.902162179643811957e-01 -1.505413830919385632e+00 -6.353265594746946299e+00 -2.585608724782078927e+00 9.902162179643811957e-01 -2.585608724782078927e+00 -5.199759136342185784e+00
-7.013932255050835174e+00 1.153281785084582012e+00 6.690513373079357562e-01 1.153281785084582012e+00 6.963311890539932492e+00 1.721488306836159499e+00 6.690513373079357562e-01 1.721488306836159499e+00 -4.732254674138428818e+00
1.444475419547245565e+00 -8.511690223982872894e+00 9.502079285143507192e+00 -8.511690223982872894e+00 -2.175760730999985348e+00 -4.597464075811875439e+00 9.502079285143507192e+00 -4.597464075811875439e+00 1.337196403409432932e+01
6.270406416140118289e+00 -7.963557076614755093e-02 -2.750754660856659650e-01 -7.963557076614755093e-02 1.390064333077528858e+01 1.581946073066993752e-01 -2.750754660856659650e-01 1.581946073066993752e-01 5.744246818139206567e+00
-3.272490710601742681e+00 1.143787901536390539e-01 1.165699313310753604e+00 1.143787901536390539e-01 -2.756412877013644902e+00 2.557602927283769034e+00 1.165699313310753604e+00 2.557602927283769034e+00 -3.062521606407393016e+00
-3.712715005834247073e+00 -1.542897210129417607e+00 -1.609809170908117704e+00 -1.542897210129417607e+00 -2.644375216315770771e+00 -4.403587810096925459e+00 -1.609809170908117704e+00 -4.403587810096925459e+00 2.446272233386160178e+00
-2.790582931988390580e+00 -1.486988874078727818e+00 -7.483300565565358387e-01 -1.486988874078727818e+00 5.630555188540893319e-01 -5.670775489747519771e+00 -7.483300565565358387e-01 -5.670775489747519771e+00 -5.511300488816216259e+00
7.752554457864865967e+00 -1.182637963357705990e+00 -7.043351856683235934e-02 -1.182637963357705990e+00 8.213403662766884938e-01 1.394140127984789812e+00 -7.043351856683235934e-02 1.394140127984789812e+00 -6.755295902503650751e+00
6.153398270725483954e+00 -2.469097211325723240e+00 -3.979813000480573404e+00 -2.469097211325723240e+00 4.255742824983742345e+00 -1.167465021447628759e+00 -3.979813000480573404e+00 -1.167465021447628759e+00 -5.041608767092929710e+00
6.469014746535603488e-02 1.446916130831175318e+00 -1.586239509218866806e+00 1.446916130831175318e+00 -9.255997499960776365e-01 -4.783670687005461830e-01 -1.586239509218866806e+00 -4.783670687005461830e-01 2.388812920897501080e+00
3.747647907135471357e+00 -4.658128522252996895e+00 1.194389485788927674e+00 -4.658128522252996895e+00 -1.021778164401533751e+01 -3.981282406502793858e+00 1.194389485788927674e+00 -3.981282406502793858e+00 -3.226484020148758791e+00
-8.064021622199755157e+00 -2.245291495959141237e+00 4.720984050612189620e+00 -2.245291495959141237e+00 2.220785341826125858e+00 -3.702713222959225892e+00 4.720984050612189620e+00 -3.702713222959225892e+00 9.813109793226284516e-01
1.451167038406115495e+00 1.442983853404485206e+00 -3.549004142932518757e+00 1.442983853404485206e+00 -8.580285435582629461e+00 -1.823706243765649271e+00 -3.549004142932518757e+00 -1.823706243765649271e+00 -1.023703602757464415e+00
-5.872593230233971617e+00 -3.180030696069825247e+00 1.376650989937986180e+00 -3.180030696069825247e+00 -4.487630361590261074e+00 -1.742044314399602500e+00 1.376650989937986180e+00 -1.742044314399602500e+00 6.674595428596244773e+00
9.989662918347264053e-01 2.462805055035059532e+00 2.630555243780018149e+00 2.462805055035059532e+00 2.445783674067614211e+00 1.629173323631302628e+00 2.630555243780018149e+00 1.629173323631302628e+00 -4.227813478097361077e+00
3.122080675522580923e-02 1.320738285954995872e+00 -7.731478976656149804e+00 1.320738285954995872e+00 8.116530709711449604e-03 -2.652069084009488709e+00 -7.731478976656149804e+00 -2.652069084009488709e+00 1.902711118774252030e+00
-1.417486189805426955e+00 -7.873146143094176264e-01 3.718901972936276223e+00 -7.873146143094176264e-01 5.429082067096448583e+00 5.317589147700845231e+00 3.718901972936276223e+00 5.317589147700845231e+00 3.849704559633060352e+00
-6.572508722203299625e-01 3.502495119365185428e+00 7.558729833565195122e+00 3.502495119365185428e+00 -1.885791109894073170e+00 2.454110947199513504e+00 7.558729833565195122e+00 2.454110947199513504e+00 7.051742715069549305e+00
2.214792763007785048e+00 -2.743404453305843538e-02 -2.013619211873266313e+00 -2.743404453305843538e-02 9.255527136831160462e+00 -2.524810213077023580e+00 -2.013619211873266313e+00 -2.524810213077023580e+00 3.771749146858643709e+00
-4.591512029269845918e+00 4.582987137495756258e+00 6.525332525673944728e-01 4.582987137495756258e+00 -2.330088320586267692e+00 5.415979448538376317e+00 6.525332525673944728e-01 5.415979448538376317e+00 3.657125373631814114e+00
3.414495659424021223e+00 -1.815635905324296528e+00 5.406425858459283695e+00 -1.815635905324296528e+00 6.531555283549721480e+00 -2.253904821622415788e+00 5.406425858459283695e+00 -2.253904821622415788e+00 5.813269973285082770e+00
1.239086820885897389e+00 9.843556648086010386e-01 2.044251425509300724e+00 9.843556648086010386e-01 4.888844855145562107e+00 -4.935421390954680021e+00 2.044251425509300724e+00 -4.935421390954680021e+00 -1.952761801598533742e+00
2.501006296910325943e+00 1.715785922746163372e+00 -1.263671342050239677e+00 1.715785922746163372e+00 -1.552183493449136087e+00 -3.790789605808747798e+00 -1.263671342050239677e+00 -3.790789605808747798e+00 7.802963278373821199e-01
1.701187936720088612e+00 2.522694501706936432e+00 2.283032266964073909e+00 2.522694501706936432e+00 -5.639811670251672737e+00 2.124294942653865981e+00 2.283032266964073909e+00 2.124294942653865981e+00 2.785058708746033229e+00
4.123916663088377232e-01 1.079168741439166190e+01 -3.847882690603273037e+00 1.079168741439166190e+01 -2.377442939623918838e-01 -8.401145374220499562e+00 -3.847882690603273037e+00 -8.401145374220499562e+00 1.703209453412851460e+01
-1.043506000691242086e+01 -2.852667839365636393e+00 1.018647363249817334e-01 -2.852667839365636393e+00 6.995015375826177939e-01 -3.492150072011499962e+00 1.018647363249817334e-01 -3.492150072011499962e+00 -9.991078229028459434e-01
-1.806739101760553412e+00 7.759254542448545955e+00 1.448176703504403084e+00 7.759254542448545955e+00 7.378278545631001828e-01 -1.606583790530619060e+00 1.448176703504403084e+00 -1.606583790530619060e+00 -5.435512848169937961e+00
7.856709941500929162e+00 -2.670526672065004270e+00 -1.372874244668909061e+00 -2.670526672065004270e+00 5.319073302267834258e+00 1.725371039366062842e+00 -1.372874244668909061e+00 1.725371039366062842e+00 -4.461436690879134304e+00
-5.379944668222035986e+00 3.977852028580876276e+00 -2.779745702963130061e+00 3.977852028580876276e+00 -7.696710403324114935e+00 -1.727362180458155594e+00 -2.779745702963130061e+00 -1.727362180458155594e+00 1.154733394889603693e+00
1.258051251883508970e+00 -4.328722854540532516e+00 4.766436448039867102e+00 -4.328722854540532516e+00 -1.839644069523170611e+00 -3.934459161775938796e+00 4.766436448039867102e+00 -3.934459161775938796e+00 -1.736936275713202305e-01
3.678754200644633876e+00 1.305980940506325405e+00 1.848518429659435025e+00 1.305980940506325405e+00 2.975352107430852655e+00 3.301493248322202589e+00 1.848518429659435025e+00 3.301493248322202589e+00 -1.310360312886886369e+00
-3.172587914766987094e+00 -8.924853654617305176e-01 -3.426344626982583463e+00 -8.924853654617305176e-01 -2.071816788717594893e+00 -1.860154226480097872e+00 -3.426344626982583463e+00 -1.860154226480097872e+00 -3.673447053594092182e+00
2.072029058157925707e+00 9.120347796193733814e+00 -4.253385587864291217e+00 9.120347796193733814e+00 6.715834784722180650e+00 -2.190851242665462287e-02 -4.253385587864291217e+00 -2.190851242665462287e-02 1.125234103668071484e+01
-7.644204302661411488e-01 -4.360063858617651000e+00 4.779347783566023189e+00 -4.360063858617651000e+00 6.959973451044288772e+00 -6.015196320367202532e+00 4.779347783566023189e+00 -6.015196320367202532e+00 1.389155224727949500e+00
8.793248945167855268e+00 -3.094762341950131557e+00 -4.034862835085409216e+00 -3.094762341950131557e+00 5.688668515213516130e+00 -2.502498437139474285e-01 -4.034862835085409216e+00 -2.502498437139474285e-01 -5.010477773633795096e+00
6.754182582772654264e+00 -2.601759488028396294e+00 -2.128027681522470793e+00 -2.601759488028396294e+00 5.274031795132620104e+00 -5.241654441450560142e+00 -2.128027681522470793e+00 -5.241654441450560142e+00 8.584520011552859486e+00
6.046761878227781217e+00 2.561963997825201719e-02 -3.511606681108375927e+00 2.561963997825201719e-02 3.276649595079859534e+00 2.076003682280026297e+00 -3.511606681108375927e+00 2.076003682280026297e+00 -3.294803112009220047e+00
1.971502809553326019e+00 -2.494900579690001230e+00 3.763371700911035678e+00 -2.494900579690001230e+00 -2.287772131693157629e-01 -2.610530103062860707e+00 3.763371700911035678e+00 -2.610530103062860707e+00 9.205509455797354912e-01
-5.972169751364234003e+00 -3.478839835476684517e+00 3.829397803943104250e+00 -3.478839835476684517e+00 -1.403997908971302555e-01 4.342264787058192632e-01 3.829397803943104250e+00 4.342264787058192632e-01 3.953633179402873399e-01
2.170846610483149863e+00 -7.816115991120710094e-01 2.085258500066866194e+00 -7.816115991120710094e-01 7.187641585539913613e+00 -3.220939065929471212e-01 2.085258500066866194e+00 -3.220939065929471212e-01 -3.412692157610131449e+00
-2.587664217692001500e+00 -1.329633675290809114e+00 -4.633440256006351454e+00 -1.329633675290809114e+00 3.197991057329141906e+00 2.099683107153905937e+00 -4.633440256006351454e+00 2.099683107153905937e+00 -4.667152992929956667e+00
1.662833710664280318e+00 -5.163676450916794280e-01 -5.975099577338521817e-02 -5.163676450916794280e-01 -1.863938396768923589e+00 7.573940201720464893e-01 -5.975099577338521817e-02 7.573940201720464893e-01 3.243242616206936990e+00
1.203691672373087940e+01 2.580351503234935784e+00 1.338138710097818374e+00 2.580351503234935784e+00 5.894840098470726097e+00 2.862006323247205664e-02 1.338138710097818374e+00 2.862006323247205664e-02 5.871160127190051092e+00
-1.030380675089518405e+01 -2.281805622675187273e+00 -3.266145890046597611e+00 -2.281805622675187273e+00 -3.466964769288046977e+00 -2.257905784289945483e+00 -3.266145890046597611e+00 -2.257905784289945483e+00 7.606526621198272942e+00
4.570409097704425605e+00 -1.868304819578914255e+00 1.837419987180688663e+00 -1.868304819578914255e+00 -5.463581460969419545e+00 -1.562824095200000540e+00 1.837419987180688663e+00 -1.562824095200000540e+00 -6.482219663510310426e+00
4.560155147180249280e+00 -2.612459358171306256e+00 7.716005713491719264e-02 -2.612459358171306256e+00 1.085767337874751215e+00 4.194388561704588403e-01 7.716005713491719264e-02 4.194388561704588403e-01 -6.227745689495142400e+00
-8.827893313674250564e+00 2.409085579431248458e+00 -2.892671354516813675e+00 2.409085579431248458e+00 -1.798075948394999957e+00 -2.190013019516035886e+00 -2.892671354516813675e+00 -2.190013019516035886e+00 1.576134798662716108e+00
5.747006552850367989e+00 3.666771857288137593e+00 -1.719051476565748082e+00 3.666771857288137593e+00 3.015185504153338858e+00 1.592585814311986148e-01 -1.719051476565748082e+00 1.592585814311986148e-01 -5.039992300344938947e+00
2.218763632015055443e+00 -3.989346833885839549e-01 3.074876522925648281e+00 -3.989346833885839549e-01 4.508954240460663954e+00 -5.741108735608888125e+00 3.074876522925648281e+00 -5.741108735608888125e+00 5.900036249640034924e+00
-2.495374005198557121e+00 -1.111733181911581658e+00 2.798116048426596336e+00 -1.111733181911581658e+00 -3.159576835538911777e+00 5.036881924619393658e+00 2.798116048426596336e+00 5.036881924619393658e+00 3.891536890917293601e+00
2.851440343570656566e+00 3.639568874182694258e-01 -4.177579519085506399e-01 3.639568874182694258e-01 6.733588203179951215e+00 -1.248178266408825010e+00 -4.177579519085506399e-01 -1.248178266408825010e+00 3.511745132077311204e+00
-4.291880436154289491e+00 -2.855547994585083682e+00 -2.555489963208636084e+00 -2.855547994585083682e+00 4.315762083058034548e+00 -3.553223489002704127e+00 -2.555489963208636084e+00 -3.553223489002704127e+00 1.230752118608959655e+01
4.709514253660173289e+00 7.574488021303372731e-01 9.185338832743705773e-02 7.574488021303372731e-01 -1.603756089454928313e+00 3.948154631419028782e+00 9.185338832743705773e-02 3.948154631419028782e+00 2.787586052216331378e+00
1.172931591418528097e+00 -1.140760499767224490e+00 -2.656734313394511826e+00 -1.140760499767224490e+00 -1.554254075141107583e+00 -2.523769174557842554e+00 -2.656734313394511826e+00 -2.523769174557842554e+00 3.799294188608178136e+00
6.865975809217614412e+00 -1.315429129905808292e+00 -3.386768194865210635e+00 -1.315429129905808292e+00 1.146267924400704175e+01 -8.139666329359104280e-01 -3.386768194865210635e+00 -8.139666329359104280e-01 6.652412830973308822e+00
5.099956340948387457e+00 -1.916658816962404144e+00 1.380836856791125999e+00 -1.916658816962404144e+00 -5.580848155642001096e+00 -1.901781567850875376e+00 1.380836856791125999e+00 -1.901781567850875376e+00 1.867544615521859575e+00
-2.483487989550614117e+00 -8.697443650523399850e-01 3.088641848737467388e+00 -8.697443650523399850e-01 -1.641494981490808414e+00 6.370775197187116490e+00 3.088641848737467388e+00 6.370775197187116490e+00 2.629762305492103547e+00
2.721023192633313048e+00 -8.219955572833774760e-01 -2.944671086551593042e+00 -8.219955572833774760e-01 -2.881626762423041388e+00 3.197461073980578661e+00 -2.944671086551593042e+00 3.197461073980578661e+00 1.551019195754702373e+00
