-2.138862599686436994e+00 3.430790256282293615e+00 3.094215018790836158e+00 3.430790256282293615e+00 3.581438940578703711e+00 -6.899631314389756964e-01 3.094215018790836158e+00 -6.899631314389756964e-01 -2.048189093460063004e-01
-6.639010082834365889e+00 -2.041122362522539202e+00 2.480877927827970009e+00 -2.041122362522539202e+00 -8.722409843110771055e-01 -1.805898199243352042e+00 2.480877927827970009e+00 -1.805898199243352042e+00 -6.108465974613149996e+00
1.218214624007277314e+00 -2.054545492333844425e+00 -3.612291306308272609e-02 -2.054545492333844425e+00 8.677059393210821980e-01 9.922536307822006352e-01 -3.612291306308272609e-02 9.922536307822006352e-01 1.758379942661763673e+00
8.441341853500101688e-01 -1.429373977179517974e+00 6.253102229394840172e-01 -1.429373977179517974e+00 -2.825052883277569649e+00 -3.608735265779683399e+00 6.253102229394840172e-01 -3.608735265779683399e+00 -7.592871206078193325e+00
-4.407098932764989208e+00 4.261567524125096651e-01 1.006465315291365403e+00 4.261567524125096651e-01 -4.359919201008059630e+00 -1.462742702975970525e-02 1.006465315291365403e+00 -1.462742702975970525e-02 -6.752035281056803839e+00
-3.336229430151241293e-02 2.388353805694961807e+00 1.802352599002746414e-01 2.388353805694961807e+00 -2.199072079703945803e+00 -2.146701953424503539e+00 1.802352599002746414e-01 -2.146701953424503539e+00 -8.475663262563992717e+00
2.197440346980803039e+00 1.942243490317554722e+00 1.889974159987199087e+00 1.942243490317554722e+00 3.531325382091992093e+00 2.340173711382539157e+00 1.889974159987199087e+00 2.340173711382539157e+00 2.141204673777895806e+00
-4.359542875197345069e+00 -1.709534775483516622e+00 -1.851637358397886790e-01 -1.709534775483516622e+00 -1.136738167702997337e+01 2.963226816619012327e-01 -1.851637358397886790e-01 2.963226816619012327e-01 -3.142086642487793124e+00
7.809124557886087281e+00 1.572027090228348634e+00 -1.005178768382085419e+00 1.572027090228348634e+00 -3.823512674340880491e+00 3.897064266276911937e+00 -1.005178768382085419e+00 3.897064266276911937e+00 -4.996210469603625248e-01
-3.578940531214624077e+00 -9.401350295439528937e-01 -5.886112486469243649e-02 -9.401350295439528937e-01 1.891008880816860360e+00 2.827532554938289699e+00 -5.886112486469243649e-02 2.827532554938289699e+00 4.500701301850572378e+00
-6.659105077592010424e+00 -4.892140907191668830e+00 1.426766357755339998e+00 -4.892140907191668830e+00 -4.997384398157756813e+00 3.261643418478905598e+00 1.426766357755339998e+00 3.261643418478905598e+00 -3.247498355500514577e+00
-4.987080277647900850e+00 -1.164944651751681270e+00 -6.281817239173287382e-01 -1.164944651751681270e+00 -1.950280601543374459e+00 5.326318302486921397e+00 -6.281817239173287382e-01 5.326318302486921397e+00 -1.023526830337366578e+00
5.329594770842572826e-01 1.414230508848403511e+00 4.869991946215329826e+00 1.414230508848403511e+00 -2.032978927451730922e+00 4.687848922596023205e-02 4.869991946215329826e+00 4.687848922596023205e-02 2.978847149663778726e+00
-3.503013537040764458e+00 5.779082181193055945e-01 2.467420476374016847e+00 5.779082181193055945e-01 -6.678277151163525716e+00 7.679086600270557117e-01 2.467420476374016847e+00 7.679086600270557117e-01 3.915464575848991213e+00
-9.220874258576420290e-01 2.993835480752965683e+00 -8.183457308034577382e-01 2.993835480752965683e+00 2.084465240604587599e+00 1.606286332797336680e+00 -8.183457308034577382e-01 1.606286332797336680e+00 1.123726795916500443e+01
9.171380832627339386e-01 3.974986035743807156e-01 1.637526495593245812e+00 3.974986035743807156e-01 1.584143354363919468e-02 2.230716599686324852e-02 1.637526495593245812e+00 2.230716599686324852e-02 -2.706410884554209417e+00
7.534017352359602127e-01 -2.497819546884884334e-01 -3.775746639204207167e-01 -2.497819546884884334e-01 2.027884613796496094e+00 8.409051532895288616e-01 -3.775746639204207167e-01 8.409051532895288616e-01 -4.899121010529354336e+00
3.601775788882372709e+00 3.187716631870968875e+00 -3.119204759081376732e+00 3.187716631870968875e+00 3.332731530792537367e+00 7.709622907197622999e-01 -3.119204759081376732e+00 7.709622907197622999e-01 4.248901489483793981e+00
-2.119006065661822813e+00 6.131695507836980585e-01 -2.308677280454575431e+00 6.131695507836980585e-01 -1.568299330274770309e+00 -9.307877077558216472e-01 -2.308677280454575431e+00 -9.307877077558216472e-01 3.014119918977567814e+00
2.479810576160662805e+00 -2.054806231079111534e+00 -7.129962852486229630e-02 -2.054806231079111534e+00 5.524019832193715063e-01 -2.579416394611544039e+00 -7.129962852486229630e-02 -2.579416394611544039e+00 -1.693520488537203716e+00
9.769931522871964091e+00 4.463303809986325366e-01 -1.158049613869473582e+00 4.463303809986325366e-01 6.816468754737924129e+00 -1.172829647369129979e+00 -1.158049613869473582e+00 -1.172829647369129979e+00 -2.327171988729680452e-01
-1.243603596825759494e+00 -1.381043535150944468e+00 4.641983727296469797e-01 -1.381043535150944468e+00 -8.709049150096344505e+00 -4.426096590229800398e+00 4.641983727296469797e-01 -4.426096590229800398e+00 -4.170424207858472343e+00
-9.502204752876366456e+00 -4.135877671143134426e-01 4.936262518876707084e+00 -4.135877671143134426e-01 -7.052158328710218527e+00 7.172305058988426296e-01 4.936262518876707084e+00 7.172305058988426296e-01 -2.419613341154319031e+00
3.628340137711486779e+00 7.928969828607156378e-01 1.864525669593969370e+00 7.928969828607156378e-01 -4.793215096407174691e+00 5.866442861759291638e+00 1.864525669593969370e+00 5.866442861759291638e+00 2.906563714000287124e+00
-3.309842656525720184e+00 2.269419089046437410e+00 8.273385567509043970e-01 2.269419089046437410e+00 8.063063236265056943e+00 -5.514598255872592558e-01 8.273385567509043970e-01 -5.514598255872592558e-01 -5.327697646555663163e-02
1.364532247833752265e+00 2.078218270599888395e+00 4.349682686361753703e+00 2.078218270599888395e+00 -3.645863184899304166e+00 8.143704308605024256e-01 4.349682686361753703e+00 8.143704308605024256e-01 -1.093429306579722393e+01
1.199820376772691599e+00 1.294232595172922329e+00 6.722766090319982624e-01 1.294232595172922329e+00 -9.546649443395445189e+00 -1.069063399088583388e+00 6.722766090319982624e-01 -1.069063399088583388e+00 5.224230413706369092e+00
2.358618089069462798e+00 9.663952690488861741e-01 1.847046968217032514e+00 9.663952690488861741e-01 1.420765394657642311e+01 -5.149938426798084556e+00 1.847046968217032514e+00 -5.149938426798084556e+00 9.788013192416613606e+00
5.564287471264170115e+00 -7.260659097198375100e+00 6.982540400973029637e-01 -7.260659097198375100e+00 3.298755799453660931e-01 2.498644742355498494e+00 6.982540400973029637e-01 2.498644742355498494e+00 4.555500412598942006e+00
-3.627682770411698066e+00 2.151565436769874218e+00 2.344154361136743248e+00 2.151565436769874218e+00 -6.009784364522455569e+00 -4.365275196760833865e+00 2.344154361136743248e+00 -4.365275196760833865e+00 -3.688207105552883558e+00
7.483321519745534944e-01 -1.663170641838880748e+00 3.774452624143524115e+00 -1.663170641838880748e+00 -1.261889354949144604e+01 6.278302292729899037e+00 3.774452624143524115e+00 6.278302292729899037e+00 -2.342413996644407526e+00
5.216387333782946278e+00 -4.147729884266992961e+00 -5.921970455300514802e-01 -4.147729884266992961e+00 -6.540781721921295144e+00 1.593668134266042369e+00 -5.921970455300514802e-01 1.593668134266042369e+00 -4.246790526520115350e+00
1.404778397474975238e+00 2.849230912548076144e+00 -3.058656808701572416e+00 2.849230912548076144e+00 -1.500138511745320979e+00 -4.486055846465610841e+00 -3.058656808701572416e+00 -4.486055846465610841e+00 4.123594027568954878e+00
-1.681440931204615552e+01 2.314709415748154253e+00 -3.887234831892203979e-01 2.314709415748154253e+00 -1.381972459775189677e+01 -3.548064912627435952e+00 -3.887234831892203979e-01 -3.548064912627435952e+00 -3.702060527449488880e+00
1.937685306747214620e+00 7.197420917547577845e-01 1.200938440542393071e+00 7.197420917547577845e-01 1.772601405660028329e+00 2.121719991340887290e+00 1.200938440542393071e+00 2.121719991340887290e+00 -2.642034162801758512e+00
3.418631288618344755e+00 -4.229813259304321171e+00 -2.601213298689784903e+00 -4.229813259304321171e+00 4.386132413038896338e+00 -2.344493500636165795e+00 -2.601213298689784903e+00 -2.344493500636165795e+00 -1.539077460580846157e+00
-5.971030054690135813e+00 -5.080271137257878600e+00 -4.037127861390684136e-01 -5.080271137257878600e+00 -7.747987358227806709e+00 6.241666705933884840e-01 -4.037127861390684136e-01 6.241666705933884840e-01 -5.792010162643139282e+00
-8.847817286876237475e+00 -4.050240089884083794e+00 4.388371095254106069e-01 -4.050240089884083794e+00 -1.000048560861054536e+00 -2.426973691748059103e+00 4.388371095254106069e-01 -2.426973691748059103e+00 2.484277783391022343e+00
-2.281283681441705624e-01 -1.643897616546040608e-01 -1.739011221430230236e+00 -1.643897616546040608e-01 3.007978609129814962e-01 1.275179597302948720e+00 -1.739011221430230236e+00 1.275179597302948720e+00 7.240296893744082585e-01
1.789779138749487686e+00 -2.202076170146330281e+00 -5.905502649083275157e-01 -2.202076170146330281e+00 -1.528871538026649102e+00 2.382467928609434793e+00 -5.905502649083275157e-01 2.382467928609434793e+00 2.088681451333606720e+00
1.458933340031312031e+00 1.722961184639438814e+00 7.551436980904372431e-01 1.722961184639438814e+00 7.938230205207402079e+00 3.063949409315158245e+00 7.551436980904372431e-01 3.063949409315158245e+00 1.466276286995865430e+00
3.721414516319187182e+00 6.048490017792889084e-01 1.974726893629789870e-01 6.048490017792889084e-01 5.104996294614678298e+00 -1.823174796230411676e+00 1.974726893629789870e-01 -1.823174796230411676e+00 -1.641700451363991675e+00
2.032749484041870058e+00 1.364293474878965351e-01 -3.075888601624263696e+00 1.364293474878965351e-01 9.889769509709401163e+00 -5.225647531356498732e-01 -3.075888601624263696e+00 -5.225647531356498732e-01 2.047474730451587899e+00
1.334807652365254671e-01 2.653423200130599291e+00 3.106511440975546989e+00 2.653423200130599291e+00 3.438681349992633307e-01 7.656563541430739805e-01 3.106511440975546989e+00 7.656563541430739805e-01 -3.199578724377070138e+00
-2.976682712224184346e+00 -9.849187689494630638e-01 2.638449838089327759e+00 -9.849187689494630638e-01 -1.468466786404190261e+00 9.381444453936811367e-01 2.638449838089327759e+00 9.381444453936811367e-01 6.837604946735829081e+00
9.359874591834793645e-01 -1.227196818495904118e+00 -4.363800458847137409e-01 -1.227196818495904118e+00 1.611233229774325926e+00 1.338258361128609186e-01 -4.363800458847137409e-01 1.338258361128609186e-01 -3.453079534518308069e+00
-1.023254103918021629e+00 -3.640789387901182561e+00 2.371427158224699294e+00 -3.640789387901182561e+00 2.875862545805357939e+00 1.018791850942828869e+00 2.371427158224699294e+00 1.018791850942828869e+00 -9.198242859148590966e+00
-1.136658707523859224e+00 5.887103947568685491e+00 2.205514284872335029e+00 5.887103947568685491e+00 -1.248944146030863817e-01 -1.350617993645997439e+00 2.205514284872335029e+00 -1.350617993645997439e+00 -1.024134970936506761e+01
1.780184916006394502e+01 1.120585316982170809e+01 9.260183935719917159e+00 1.120585316982170809e+01 4.433767867161026999e+00 3.604030072598077283e-01 9.260183935719917159e+00 3.604030072598077283e-01 1.393496088900320062e+00
-7.637681128744996606e+00 -2.008439306280417558e+00 -1.941402999350763992e+00 -2.008439306280417558e+00 -3.970589528598172713e+00 -3.539745659603171113e+00 -1.941402999350763992e+00 -3.539745659603171113e+00 5.531780391038692457e+00
-4.518891800147547322e+00 -1.297681731251834059e+00 7.504234688889889482e-02 -1.297681731251834059e+00 -3.363443954190044938e+00 -1.858729982493630695e-01 7.504234688889889482e-02 -1.858729982493630695e-01 -2.294106927676663243e+00
-8.024511884931131434e+00 -5.992885752609605765e-01 1.841837325717075258e+00 -5.992885752609605765e-01 -8.137355905561449720e-01 -1.535131556438577682e+00 1.841837325717075258e+00 -1.535131556438577682e+00 -6.014941395445684291e-01
-2.972427290312868120e+00 3.865109644531795063e-01 1.839035645028124444e+00 3.865109644531795063e-01 -7.804500852639948416e-01 3.642658345260915809e+00 1.839035645028124444e+00 3.642658345260915809e+00 5.380214421191370278e+00
9.013057210035952949e+00 1.478202907022651003e+00 -9.422091366511120558e-01 1.478202907022651003e+00 7.737424297849883281e+00 4.707216690793336600e-01 -9.422091366511120558e-01 4.707216690793336600e-01 3.128034291070126205e+00
3.781649708527577314e+00 -2.325132215285194093e+00 7.114708289273504738e-01 -2.325132215285194093e+00 4.217072520936445024e+00 6.386445799526851985e-01 7.114708289273504738e-01 6.386445799526851985e-01 -1.158579679026333853e+00
-2.749399147740432703e+00 -7.674047278740467881e-01 2.912113643342832403e-01 -7.674047278740467881e-01 2.244314009274325450e+00 -1.422119093589206740e+00 2.912113643342832403e-01 -1.422119093589206740e+00 1.515488664388576989e+00
-7.610123035467042385e+00 -3.664478097164487469e-01 -1.085865235430764519e+00 -3.664478097164487469e-01 -9.615268054896235483e+00 2.776591621516792396e-01 -1.085865235430764519e+00 2.776591621516792396e-01 -8.228378664351952310e+00
3.684404013363117070e+00 -4.326577397688845750e+00 4.344611329590448712e-01 -4.326577397688845750e+00 2.215838873784972129e+00 2.733436140051774377e+00 4.344611329590448712e-01 2.733436140051774377e+00 -2.478348222614035756e-01
-1.602907042758036305e+00 -1.697984611816789835e+00 -2.732572756645690770e+00 -1.697984611816789835e+00 -6.256259707470732678e+00 -3.328853717754276964e+00 -2.732572756645690770e+00 -3.328853717754276964e+00 4.668394665297949331e+00
3.261406989526684619e+00 -9.171475232048181825e-01 7.874552413651662031e-01 -9.171475232048181825e-01 -2.228470640181535067e+00 5.111291499444522435e-01 7.874552413651662031e-01 5.111291499444522435e-01 4.122460136983861823e+00
-4.035372799925461607e+00 -1.945413434762463645e+00 3.800684027390392128e+00 -1.945413434762463645e+00 -4.419079717653624506e+00 -1.184696532153398207e+00 3.800684027390392128e+00 -1.184696532153398207e+00 -3.636024519764925689e+00
-3.888407179747923603e+00 2.810107111968771054e+00 -1.730714291856013887e+00 2.810107111968771054e+00 -4.092037058214549994e+00 -7.977831491781373074e-01 -1.730714291856013887e+00 -7.977831491781373074e-01 2.668879143079050387e+00
1.805590478024436063e+00 6.500371188143009960e+00 2.896318536156059498e+00 6.500371188143009960e+00 4.517621627640077797e+00 7.557709197145359159e-01 2.896318536156059498e+00 7.557709197145359159e-01 -3.252563050101278996e+00
1.575957030701159445e+00 -1.756089524247232414e-01 3.049560274053487507e+00 -1.756089524247232414e-01 -9.152187144494728699e+00 -1.542581465800708429e+00 3.049560274053487507e+00 -1.542581465800708429e+00 -6.597118500210841674e+00
1.808537261637292559e+00 -4.565969666839642116e+00 -3.685706830158137493e+00 -4.565969666839642116e+00 -9.265138674603281999e+00 7.458303895135118267e-02 -3.685706830158137493e+00 7.458303895135118267e-02 -4.179752835696042834e-01
-7.368520076055824930e+00 -4.227036315440434677e+00 -1.086644321476357922e+00 -4.227036315440434677e+00 2.717287549457633400e+00 1.117946617383181351e+00 -1.086644321476357922e+00 1.117946617383181351e+00 -7.179509844010706132e+00
-1.977203058808646441e+00 4.348675513380804603e+00 3.922081455848313247e+00 4.348675513380804603e+00 -5.924006020073876222e+00 -5.391342682702834344e-01 3.922081455848313247e+00 -5.391342682702834344e-01 -4.201006320878302169e+00
1.372293722756121603e+00 -1.339709366811891122e+00 1.411556473865279937e+00 -1.339709366811891122e+00 -6.824030772978144199e+00 1.537972281876749836e+00 1.411556473865279937e+00 1.537972281876749836e+00 -1.958089931205364842e-01
3.708381528402274196e-01 -7.505311527188411880e-01 2.606237184862375766e+00 -7.505311527188411880e-01 -1.577117707317298168e+00 1.092658134858846219e+00 2.606237184862375766e+00 1.092658134858846219e+00 -2.006009563200636059e+00
-5.049559814386966217e+00 -2.469530408285574463e+00 -2.706130884698061401e+00 -2.469530408285574463e+00 -3.341581716745137598e+00 -1.699253445123556139e+00 -2.706130884698061401e+00 -1.699253445123556139e+00 -5.976824799732237459e+00
1.034000581703735877e+00 -9.645628262777612427e-01 3.927090012907932109e-02 -9.645628262777612427e-01 -3.874077995558545595e+00 2.919440131234310787e+00 3.927090012907932109e-02 2.919440131234310787e+00 -1.571920207415324100e+01
-8.512846287623220931e+00 4.491855625673648600e-01 4.473201439973745863e+00 4.491855625673648600e-01 -7.045184617434603780e+00 1.839511724896489397e+00 4.473201439973745863e+00 1.839511724896489397e+00 5.392505484529090953e-01
2.275705343799383940e+00 2.402098823585170351e+00 4.594531170944971543e-01 2.402098823585170351e+00 8.369279844455340012e+00 -2.134277922051746046e+00 4.594531170944971543e-01 -2.134277922051746046e+00 2.763705967685347265e+00
-4.651261545778321960e+00 2.547465087185930566e-01 -3.440298912354504690e+00 2.547465087185930566e-01 2.911000326592680931e+00 1.497321876199043889e+00 -3.440298912354504690e+00 1.497321876199043889e+00 5.126841634949227178e+00
1.660650563654063827e+00 1.264197472470003580e+00 -1.751178846376473475e+00 1.264197472470003580e+00 -2.960803152104254821e+00 2.958217311720638953e+00 -1.751178846376473475e+00 2.958217311720638953e+00 1.662456673706620203e+00
-5.550717007010906201e+00 -9.084371152067022281e-01 -2.776201243101267924e+00 -9.084371152067022281e-01 -6.572225904382216655e+00 2.584295331192565826e+00 -2.776201243101267924e+00 2.584295331192565826e+00 -2.016223739267112069e+00
-1.431457458784028303e+00 2.383487836772114843e+00 4.666008518196139931e+00 2.383487836772114843e+00 -3.601125646182589346e+00 1.610614771649108157e-01 4.666008518196139931e+00 1.610614771649108157e-01 -4.484910425011436885e-01
1.172047367341370938e+00 -1.435492529853682697e+00 2.951766483573912581e+00 -1.435492529853682697e+00 -2.195224789554894418e+00 1.697974357317023397e+00 2.951766483573912581e+00 1.697974357317023397e+00 1.170752645035553208e+00
-3.803234368335110638e+00 -2.924642080165396063e+00 -3.273385409956085290e+00 -2.924642080165396063e+00 7.285938532075857399e-01 2.318666187696456049e+00 -3.273385409956085290e+00 2.318666187696456049e+00 -1.319412264374774768e+00
1.936955448393903545e+00 1.279872670104178489e+00 1.023605020799598142e+00 1.279872670104178489e+00 -7.186209706474986358e-01 1.981835722986949211e+00 1.023605020799598142e+00 1.981835722986949211e+00 6.859057811912901981e-01
-1.620633840082468025e+00 -1.664814745510029947e+00 -1.123617903284086783e-01 -1.664814745510029947e+00 -1.408029594584762290e+00 -2.918650054264825044e+00 -1.123617903284086783e-01 -2.918650054264825044e+00 -4.397324439246568240e+00
-9.376933626489638129e+00 2.765763751842380103e+00 2.517545735201758283e+00 2.765763751842380103e+00 -1.097896848434645101e+01 1.150881680175244393e+00 2.517545735201758283e+00 1.150881680175244393e+00 -7.627330493809053813e+00
-3.800119271042522673e+00 -3.578036892075303843e+00 -1.415491630965359793e+00 -3.578036892075303843e+00 5.693621797943669627e+00 1.984365317779881233e+00 -1.415491630965359793e+00 1.984365317779881233e+00 -4.273113630513333816e-01
2.027494896940369884e+00 1.816573010159179491e+00 -2.087284133003878939e+00 1.816573010159179491e+00 -5.127591567601835543e+00 -1.225566699444993857e+00 -2.087284133003878939e+00 -1.225566699444993857e+00 -3.627055958719827444e+00
3.262306503931787116e+00 5.297640230416292617e+00 4.092221415059054124e+00 5.297640230416292617e+00 1.025951121353984696e+01 -3.061521128494464783e+00 4.092221415059054124e+00 -3.061521128494464783e+00 -1.412601242637993471e+00
-8.992007011320627186e+00 3.964999811525681483e+00 7.052722177957880589e+00 3.964999811525681483e+00 -1.157806732602125521e+01 5.397132069217415173e-01 7.052722177957880589e+00 5.397132069217415173e-01 -8.376468079897597008e+00
6.736755699727382307e+00 1.590758410216908780e+00 4.323200769025415946e-01 1.590758410216908780e+00 -2.106550263280752233e+00 -4.656287480463839334e-01 4.323200769025415946e-01 -4.656287480463839334e-01 -7.906722773654845327e+00
3.425411647369819068e+00 7.645776417550722570e-01 -1.214583230550712045e+00 7.645776417550722570e-01 -2.570392723673535773e-01 -2.073851538017419394e+00 -1.214583230550712045e+00 -2.073851538017419394e+00 -6.336841641491552934e+00
-2.278180805165257450e+00 1.032131521203019764e+00 1.768202657725314042e+00 1.032131521203019764e+00 -1.052813343648489841e+01 4.871616448119609477e-01 1.768202657725314042e+00 4.871616448119609477e-01 -6.055327930815251891e-01
2.342576662412692023e+00 -1.098993325086636830e+00 9.206680179348405435e-01 -1.098993325086636830e+00 -8.497012104275894373e+00 -4.151309300876440567e+00 9.206680179348405435e-01 -4.151309300876440567e+00 5.474267940262871335e-01
5.274531787159112639e+00 -1.170076840833845777e+00 1.456288721110000406e+00 -1.170076840833845777e+00 1.564880010081613815e+00 1.774646095086065412e+00 1.456288721110000406e+00 1.774646095086065412e+00 2.577996489940364455e+00
-1.167526964140487566e-01 1.564018601684526333e+00 -8.273508506146766139e-01 1.564018601684526333e+00 5.239339623125124135e+00 -3.963638185976689599e+00 -8.273508506146766139e-01 -3.963638185976689599e+00 -3.184605631184910801e-01
2.049005033680478816e-01 -2.457661304133435198e+00 2.034539066892271375e+00 -2.457661304133435198e+00 7.483644183541749761e+00 4.744457958208979642e-01 2.034539066892271375e+00 4.744457958208979642e-01 -1.542239030711351333e+01
-7.712274511891942241e-02 -2.453929870811931035e+00 5.273916878862335622e+00 -2.453929870811931035e+00 -4.966505162391372963e+00 -2.420553834335277266e+00 5.273916878862335622e+00 -2.420553834335277266e+00 1.851238014464365200e+00
4.151558161651408341e+00 2.834644100077147733e-01 2.908264107202688797e-01 2.834644100077147733e-01 1.766254283598523156e-01 1.294350820283074466e+00 2.908264107202688797e-01 1.294350820283074466e+00 1.575921920862055847e+00
-8.388484094944620439e-01 3.371174494115927622e+00 -1.714700456332956868e+00 3.371174494115927622e+00 -2.602097521773389377e-01 -2.014151646816818353e+00 -1.714700456332956868e+00 -2.014151646816818353e+00 -4.686245838955887422e+00
-8.926754073550208446e+00 -2.085513926118129913e+00 -1.668059494562266432e+00 -2.085513926118129913e+00 -5.329890898921496145e+00 4.029914062929112362e+00 -1.668059494562266432e+00 4.029914062929112362e+00 -1.494795183450576603e+00
-7.112374241539877850e+00 1.750316867697735423e+00 1.929975128409893437e-01 1.750316867697735423e+00 -1.558322098637465025e+01 3.190388796084169698e+00 1.929975128409893437e-01 3.190388796084169698e+00 -1.382835804022151471e+01
-8.107924031273268994e+00 -1.276004887871871274e+00 -3.145088877429563223e-01 -1.276004887871871274e+00 -6.562409417895477048e+00 -1.991192078492392437e+00 -3.145088877429563223e-01 -1.991192078492392437e+00 -5.205572841968167275e+00
2.268895148753488300e+00 1.132137982244349583e+00 -6.384763463628823077e-01 1.132137982244349583e+00 3.173576616726953237e+00 -1.331923174663607767e+00 -6.384763463628823077e-01 -1.331923174663607767e+00 -3.345602919820370946e+00
