-9.174052934177563401e+00 -3.202321891572006418e-01 -2.368575008938187884e-02 -3.202321891572007528e-01 -1.048885883101374006e+01 9.733802054422948657e-01 -2.368575008938193435e-02 9.733802054422947547e-01 -8.254854707110512280e+00
-9.230119391601741441e+00 -3.136961586312126404e-01 -1.448335963349265190e-02 -3.136961586312126404e-01 -1.017884830163702325e+01 7.369627922642181250e-01 -1.448335963349263976e-02 7.369627922642181250e-01 -8.235762803239131458e+00
-9.230694472430347020e+00 -3.061892289428430614e-01 -1.151099740162039690e-02 -3.061892289428430614e-01 -9.813192575031827403e+00 4.960411292297157160e-01 -1.151099740162037262e-02 4.960411292297157160e-01 -8.165160824550754981e+00
-9.103746493478743318e+00 -3.068311502459045714e-01 -1.776786868926574781e-02 -3.068311502459045714e-01 -9.306513440784206281e+00 2.482534449618789829e-01 -1.776786868926572352e-02 2.482534449618789829e-01 -7.995726269863807190e+00
-9.008825990937022965e+00 -3.061337150802972418e-01 -2.845391085740927445e-02 -3.061337150802973528e-01 -8.851666923697223410e+00 9.676228728190383252e-03 -2.845391085740930220e-02 9.676228728190383252e-03 -7.865032454023856978e+00
-8.835194689279944669e+00 -3.083331888993222636e-01 -4.535324749834055563e-02 -3.083331888993222081e-01 -8.310625112917191970e+00 -2.345832362114235736e-01 -4.535324749834055563e-02 -2.345832362114235181e-01 -7.671912942608044794e+00
-8.608036285202281590e+00 -3.117202028014811610e-01 -6.796477935364471368e-02 -3.117202028014811610e-01 -7.705008270421173755e+00 -4.897213806556263149e-01 -6.796477935364475531e-02 -4.897213806556263704e-01 -7.433492057718908086e+00
-8.326919981331835530e+00 -3.162186515238002982e-01 -9.607803407122508799e-02 -3.162186515238002427e-01 -7.042297334067295189e+00 -7.494943705839334225e-01 -9.607803407122514350e-02 -7.494943705839334225e-01 -7.160533407208995449e+00
-8.030445694070461826e+00 -3.183892476595323040e-01 -1.267660212372987982e-01 -3.183892476595323040e-01 -6.384934986124165768e+00 -1.000661813287692103e+00 -1.267660212372988260e-01 -1.000661813287692103e+00 -6.884453821082956004e+00
-7.684208922391674079e+00 -3.211925163608297940e-01 -1.607591016897518266e-01 -3.211925163608297940e-01 -5.678863212965204355e+00 -1.253421144873386739e+00 -1.607591016897518543e-01 -1.253421144873386739e+00 -6.576348492476351559e+00
-6.591476566683917682e+00 -1.949492688715373179e+00 -1.530905465609004201e+00 -1.949492688715373179e+00 -1.243321404729199919e+01 3.277564597537421243e+00 -1.530905465609004201e+00 3.277564597537421243e+00 -3.764993679695262330e+00
-6.510298479241916958e+00 -2.089555079979452223e+00 -1.722801131401211938e+00 -2.089555079979452223e+00 -1.238943772304385504e+01 3.219702295502359313e+00 -1.722801131401211938e+00 3.219702295502359313e+00 -3.695451330429004866e+00
-6.378944949151252430e+00 -2.235864687502147952e+00 -1.929508973006659467e+00 -2.235864687502147952e+00 -1.230021607155390484e+01 3.163924521975316484e+00 -1.929508973006659467e+00 3.163924521975316484e+00 -3.567728520081937749e+00
-6.197941496964174846e+00 -2.391642921420318757e+00 -2.149860073640741831e+00 -2.391642921420318757e+00 -1.215802758725333099e+01 3.105048277224307096e+00 -2.149860073640741831e+00 3.105048277224307096e+00 -3.403161067000044948e+00
-5.984743739812633301e+00 -2.545676676118181714e+00 -2.371821394569606500e+00 -2.545676676118181714e+00 -1.199464511690019997e+01 3.051152147952851390e+00 -2.371821394569606500e+00 3.051152147952851390e+00 -3.209478120653301403e+00
-5.749312745261728530e+00 -2.706225016253769766e+00 -2.604958647568798025e+00 -2.706225016253769766e+00 -1.180440598039030142e+01 2.996162282689777356e+00 -2.604958647568798025e+00 2.996162282689777356e+00 -2.994451622606606467e+00
-5.490686204678875804e+00 -2.880860259911394827e+00 -2.857193458293709298e+00 -2.880860259911394827e+00 -1.158612353676828199e+01 2.936711871487613479e+00 -2.857193458293709298e+00 2.936711871487613479e+00 -2.759509048500023543e+00
-5.214509779323537764e+00 -3.062190684026194987e+00 -3.120267093066145137e+00 -3.062190684026194987e+00 -1.135077558481559912e+01 2.878242819884863746e+00 -3.120267093066145137e+00 2.878242819884863746e+00 -2.503708442494269715e+00
-4.896273026363448189e+00 -3.238999282874783781e+00 -3.378199448294160856e+00 -3.238999282874783781e+00 -1.107552366395014687e+01 2.824521942704193656e+00 -3.378199448294160856e+00 2.824521942704193656e+00 -2.202660760620118729e+00
-4.539737704880407065e+00 -3.413985426193405726e+00 -3.633164200039820102e+00 -3.413985426193405726e+00 -1.075374746508493118e+01 2.766501305051472404e+00 -3.633164200039820102e+00 2.766501305051472404e+00 -1.871007977385749976e+00
-1.364136056376171702e+01 -4.874839126519521226e-01 1.799028806348729859e+00 -4.874839126519521226e-01 -7.145053523974908671e+00 2.482355453698182668e+00 1.799028806348729859e+00 2.482355453698182668e+00 -1.058083290726866110e+01
-1.362696734477917992e+01 -4.929767641901053321e-01 1.698595331406945519e+00 -4.929767641901053321e-01 -6.897014618237930605e+00 2.211849419901547265e+00 1.698595331406945519e+00 2.211849419901547265e+00 -1.059691534282083225e+01
-1.351108328836254735e+01 -5.062725530150669062e-01 1.583863698769288231e+00 -5.062725530150669062e-01 -6.533400914862085074e+00 1.929881067882655010e+00 1.583863698769288231e+00 1.929881067882655010e+00 -1.049531851121421688e+01
-1.343680491941354660e+01 -5.333298905661136846e-01 1.455905126350032885e+00 -5.333298905661136846e-01 -6.197571181533279017e+00 1.645395720543419316e+00 1.455905126350032885e+00 1.645395720543419316e+00 -1.042139319859862745e+01
-1.324568157730088380e+01 -5.723964134350757460e-01 1.314321102877646696e+00 -5.723964134350757460e-01 -5.734443397893639549e+00 1.362308243571166866e+00 1.314321102877646696e+00 1.362308243571166866e+00 -1.024560902474665980e+01
-1.309184904425277907e+01 -6.213373214649865472e-01 1.161727968416149670e+00 -6.213373214649865472e-01 -5.292422071556509344e+00 1.073826961682617487e+00 1.161727968416149670e+00 1.073826961682617487e+00 -1.007004830649624694e+01
-1.290724755077399344e+01 -6.882063441553544214e-01 9.891913185963514543e-01 -6.882063441553544214e-01 -4.789300380220382181e+00 7.711248826432217651e-01 9.891913185963514543e-01 7.711248826432217651e-01 -9.858535467041027900e+00
-1.271416232689839632e+01 -7.678417585832235659e-01 8.046609455046737081e-01 -7.678417585832235659e-01 -4.259570470687212840e+00 4.679748928791672147e-01 8.046609455046737081e-01 4.679748928791672147e-01 -9.623648837401999501e+00
-1.245109201103069196e+01 -8.540821143433641183e-01 6.149157019744139197e-01 -8.540821143433641183e-01 -3.656522497467670441e+00 1.742665435493840342e-01 6.149157019744139197e-01 1.742665435493840342e-01 -9.310852869178104285e+00
-1.214344146309429817e+01 -9.521771755959614891e-01 4.151197101005066337e-01 -9.521771755959614891e-01 -2.994497162489531572e+00 -1.152581442432749764e-01 4.151197101005066337e-01 -1.152581442432749764e-01 -8.946982652754082110e+00
-1.684743649334511062e+01 -2.500829594366595465e+00 1.974169135470177361e+00 -2.500829594366595465e+00 -1.363311135481322012e+01 8.135254484053741075e-01 1.974169135470177361e+00 8.135254484053741075e-01 -1.231685375172229335e+01
-1.680509622114744417e+01 -2.505890500803972465e+00 1.874600030051161159e+00 -2.505890500803972465e+00 -1.336034792500758250e+01 5.895255607490471617e-01 1.874600030051161159e+00 5.895255607490471617e-01 -1.208347229944394030e+01
-1.673220294610361947e+01 -2.509538972546108582e+00 1.772691288444149915e+00 -2.509538972546108582e+00 -1.303714613366783936e+01 3.534404307249118804e-01 1.772691288444149915e+00 3.534404307249118804e-01 -1.178641868393856207e+01
-1.661993105651256286e+01 -2.523466728644685908e+00 1.664060452460451867e+00 -2.523466728644685908e+00 -1.264521392410651046e+01 1.061959529887072512e-01 1.664060452460451867e+00 1.061959529887072512e-01 -1.146594076416045915e+01
-1.645472026321085934e+01 -2.543857479964366952e+00 1.551695834429835719e+00 -2.543857479964366952e+00 -1.217942238110983943e+01 -1.471088311854933661e-01 1.551695834429835719e+00 -1.471088311854933661e-01 -1.109521984167042596e+01
-1.631576058351265957e+01 -2.563413884002341714e+00 1.438544397661396301e+00 -2.563413884002341714e+00 -1.172556140615136577e+01 -4.084259205910553692e-01 1.438544397661396301e+00 -4.084259205910553692e-01 -1.071855163151075629e+01
-1.611238883267926170e+01 -2.592404699357761633e+00 1.315840940688100424e+00 -2.592404699357761633e+00 -1.116462405309036754e+01 -6.921081396314708867e-01 1.315840940688100424e+00 -6.921081396314708867e-01 -1.026567631229614008e+01
-1.592950210280097068e+01 -2.628510038386183911e+00 1.191452216761193617e+00 -2.628510038386183911e+00 -1.060919792590871680e+01 -9.812581592728951696e-01 1.191452216761193617e+00 -9.812581592728951696e-01 -9.825544236026162892e+00
-1.570397378634088348e+01 -2.668840264083892411e+00 1.067030223415609713e+00 -2.668840264083892411e+00 -1.000077080828170040e+01 -1.270051334269691523e+00 1.067030223415609713e+00 -1.270051334269691523e+00 -9.342713971775488346e+00
-1.545836707137795685e+01 -2.712759473862483617e+00 9.394710936169712312e-01 -2.712759473862483617e+00 -9.356999102765763965e+00 -1.564559388207024115e+00 9.394710936169712312e-01 -1.564559388207024115e+00 -8.816521584306169501e+00
-2.382500103846742157e+00 -2.965481771188934523e+00 -1.936156775180405409e+00 -2.965481771188934523e+00 -1.606886243012054294e+01 3.293529582620701834e+00 -1.936156775180405409e+00 3.293529582620701834e+00 -1.266950176394962035e+01
-2.466954298042415061e+00 -2.865563129017935751e+00 -1.790074791394300702e+00 -2.865563129017935751e+00 -1.611348767394407844e+01 3.199537797592622468e+00 -1.790074791394300702e+00 3.199537797592622468e+00 -1.292398174168209835e+01
-2.503224816119106855e+00 -2.766755601248616081e+00 -1.641500619777814363e+00 -2.766755601248616081e+00 -1.612670733055779593e+01 3.108241512283512975e+00 -1.641500619777814363e+00 3.108241512283512975e+00 -1.314082255627855389e+01
-2.513265154417439362e+00 -2.666670723487727379e+00 -1.486622317224458145e+00 -2.666670723487727379e+00 -1.609815597719951441e+01 3.013822544523022007e+00 -1.486622317224458145e+00 3.013822544523022007e+00 -1.333396879978518434e+01
-2.406683569442173987e+00 -2.569425827026951659e+00 -1.330534056624930628e+00 -2.569425827026951659e+00 -1.595571332668445486e+01 2.925460451477030599e+00 -1.330534056624930628e+00 2.925460451477030599e+00 -1.341510061930796560e+01
-2.332357857833100567e+00 -2.472688544812660094e+00 -1.174132113605973915e+00 -2.472688544812660094e+00 -1.584964363081944860e+01 2.837477564503228855e+00 -1.174132113605973915e+00 2.837477564503228855e+00 -1.352301946427407131e+01
-2.212894789240026139e+00 -2.372160070869582249e+00 -1.006431129841058647e+00 -2.372160070869582249e+00 -1.569568799421954353e+01 2.745498638518808932e+00 -1.006431129841058647e+00 2.745498638518808932e+00 -1.359938938363878869e+01
-2.065502944525689166e+00 -2.268696632843739014e+00 -8.302734953630314108e-01 -2.268696632843739014e+00 -1.551126777429599990e+01 2.651304698651443914e+00 -8.302734953630314108e-01 2.651304698651443914e+00 -1.365448316690104491e+01
-1.860745296269295412e+00 -2.164859654393883392e+00 -6.509866304715744567e-01 -2.164859654393883392e+00 -1.526733771396480677e+01 2.559423446450467932e+00 -6.509866304715744567e-01 2.559423446450467932e+00 -1.364695992871817154e+01
-1.623502002352200879e+00 -2.060150366248797660e+00 -4.673478459938437690e-01 -2.060150366248797660e+00 -1.499214334851618169e+01 2.468676637442297928e+00 -4.673478459938437690e-01 2.468676637442297928e+00 -1.360150304972624014e+01
