4.496049348006088686e-01 -4.864957982315479962e-02 1.936482568244769498e-01 -4.864957982315479962e-02 5.068500205122121738e-01 1.120852950154661853e-01 1.936482568244769498e-01 1.120852950154661715e-01 -6.225992152806303359e-01
5.176661805585460741e-01 3.588505305603912482e-02 3.148425645484748125e-01 3.588505305603913176e-02 3.957324470921613768e-01 2.551266207190273638e-01 3.148425645484748125e-01 2.551266207190273083e-01 -8.398723464338568589e-02
5.732863729827667454e-01 1.215826027747836519e-01 4.373459002273812901e-01 1.215826027747836519e-01 2.754247912798202247e-01 3.986978525921814343e-01 4.373459002273812901e-01 3.986978525921814898e-01 4.011447588343239334e-01
7.657405255207505590e-01 2.184767151564755150e-01 5.625861083555737663e-01 2.184767151564755150e-01 3.406820460232327097e-01 5.248516403123304475e-01 5.625861083555737663e-01 5.248516403123304475e-01 1.059270664646234428e+00
9.807178705741486091e-01 3.202984084971573497e-01 6.908876691974996653e-01 3.202984084971574053e-01 4.329577279803059064e-01 6.482845335657374530e-01 6.908876691974995543e-01 6.482845335657375641e-01 1.752463185986297578e+00
1.216173655283999899e+00 4.252896268355451093e-01 8.226237749803488875e-01 4.252896268355451648e-01 5.597379124864284572e-01 7.652371188106381616e-01 8.226237749803488875e-01 7.652371188106381616e-01 2.477741575465812751e+00
1.439231248615091108e+00 5.318870877179685541e-01 9.562852759195598074e-01 5.318870877179685541e-01 6.863285021553968690e-01 8.761636277698808817e-01 9.562852759195596963e-01 8.761636277698809927e-01 3.176562738888695225e+00
1.701038928401727102e+00 6.409886210457413913e-01 1.092342659084604817e+00 6.409886210457413913e-01 8.686810806603327828e-01 9.778240048102021520e-01 1.092342659084604817e+00 9.778240048102021520e-01 3.917032278294414915e+00
2.028896060387158418e+00 7.547091644496340956e-01 1.234230646949974197e+00 7.547091644496342067e-01 1.125126835328605024e+00 1.073972093112765425e+00 1.234230646949974197e+00 1.073972093112765203e+00 4.699182113160337515e+00
2.452092434164903079e+00 8.718856339539655664e-01 1.380737510824884939e+00 8.718856339539655664e-01 1.494935270865290766e+00 1.161227164400631118e+00 1.380737510824884939e+00 1.161227164400631118e+00 5.560026023589098365e+00
-5.402681132869797676e-01 2.595101468996321881e+00 2.469222167248972255e+00 2.595101468996321881e+00 -4.324977732234472683e+00 1.861567462178912669e+00 2.469222167248972255e+00 1.861567462178912669e+00 1.114940166372093877e+01
-3.221675541251093344e-01 2.609991049458214807e+00 2.517249865818104837e+00 2.609991049458214807e+00 -4.147088691940060023e+00 1.958863659682199332e+00 2.517249865818104837e+00 1.958863659682199332e+00 1.061680725966360228e+01
-5.602817943386895899e-02 2.633752336154338902e+00 2.563717111862002795e+00 2.633752336154338902e+00 -3.907136792440687234e+00 2.044790223746977720e+00 2.563717111862002795e+00 2.044790223746977720e+00 1.003008950136079847e+01
2.677424123068775086e-01 2.669992701699896109e+00 2.608753889749064747e+00 2.669992701699896109e+00 -3.591673112028695769e+00 2.116021403957874192e+00 2.608753889749064747e+00 2.116021403957874192e+00 9.413400947314826794e+00
6.734098023100759667e-01 2.718305877835127671e+00 2.652495596010992607e+00 2.718305877835127671e+00 -3.175765875532327698e+00 2.171798881521567193e+00 2.652495596010992607e+00 2.171798881521567193e+00 8.836809649917237053e+00
1.113763558059889025e+00 2.778328897124569430e+00 2.694183891048166135e+00 2.778328897124569430e+00 -2.708299236129280363e+00 2.214397570273032301e+00 2.694183891048166135e+00 2.214397570273032301e+00 8.226581274469095817e+00
1.591982802317003287e+00 2.851047478775808219e+00 2.732535039074887706e+00 2.851047478775808219e+00 -2.174405362470594127e+00 2.239760531457399839e+00 2.732535039074887706e+00 2.239760531457399839e+00 7.623935578211688657e+00
2.103013563858337598e+00 2.931630037775791564e+00 2.764364133310237559e+00 2.931630037775791564e+00 -1.579468737141861423e+00 2.249794391717281794e+00 2.764364133310237559e+00 2.249794391717281794e+00 7.049645000029535424e+00
2.633850497408435576e+00 3.017915328365315286e+00 2.787954161440959755e+00 3.017915328365315286e+00 -9.279531062428755250e-01 2.243118005897479339e+00 2.787954161440959755e+00 2.243118005897479339e+00 6.494859274907999414e+00
3.172658280373357620e+00 3.108500434670837809e+00 2.801338993392307408e+00 3.108500434670837809e+00 -2.286391711941547500e-01 2.219390230190583235e+00 2.801338993392307408e+00 2.219390230190583235e+00 5.956453393459167245e+00
-3.589064811526920362e+00 1.948264710811819622e+00 -1.358653940209422206e-01 1.948264710811819622e+00 9.392619698936817141e-01 -1.819117340297929375e-01 -1.358653940209422206e-01 -1.819117340297929375e-01 4.885794923454983341e+00
-3.168265084780737428e+00 1.915069605712050649e+00 -1.384042644389354426e-01 1.915069605712050649e+00 1.245768301425231650e+00 -3.368214234517370731e-02 -1.384042644389354426e-01 -3.368214234517370731e-02 4.237859866360046190e+00
-2.755936998244741254e+00 1.883579455869347496e+00 -1.353889724651165527e-01 1.883579455869347496e+00 1.553221701624797113e+00 1.139681742226349020e-01 -1.353889724651165527e-01 1.139681742226349020e-01 3.544884972937507595e+00
-2.189023962366904552e+00 1.848943879265666723e+00 -1.352644143206301053e-01 1.848943879265666723e+00 2.016845631159398078e+00 2.662089421951937540e-01 -1.352644143206301053e-01 2.662089421951937540e-01 2.957471131136921283e+00
-1.464132187611490110e+00 1.809668791368876262e+00 -1.389454489838763684e-01 1.809668791368876262e+00 2.639795715642476281e+00 4.219519993180826378e-01 -1.389454489838763684e-01 4.219519993180826378e-01 2.489108626465120544e+00
-8.428694763781903188e-01 1.771080969153848494e+00 -1.351938799562554250e-01 1.771080969153848494e+00 3.179741217990914137e+00 5.748960862286525142e-01 -1.351938799562554250e-01 5.748960862286525142e-01 1.977460863421978798e+00
-1.681125348034248068e-01 1.729591344624010318e+00 -1.326927854806488338e-01 1.729591344624010318e+00 3.784472730025280285e+00 7.292202616572193152e-01 -1.326927854806488338e-01 7.292202616572193152e-01 1.473939031997169691e+00
4.832086947209589534e-01 1.686228472863208205e+00 -1.301970862935379614e-01 1.686228472863208205e+00 4.378040104547309852e+00 8.841070199315755884e-01 -1.301970862935379614e-01 8.841070199315755884e-01 9.729242664002495378e-01
1.206580358968897926e+00 1.639720236944834042e+00 -1.262018668872933180e-01 1.639720236944834042e+00 5.052481157696778524e+00 1.039805292908599688e+00 -1.262018668872933180e-01 1.039805292908599688e+00 5.624652586621384787e-01
1.988841950446357476e+00 1.592307806780422608e+00 -1.211889240317440553e-01 1.592307806780422608e+00 5.792962654738109229e+00 1.196093051443333666e+00 -1.211889240317440553e-01 1.196093051443333666e+00 2.062111798428206688e-01
2.527647639965876714e+00 -1.690034331353478803e-01 1.117123763708079087e+00 -1.690034331353478803e-01 -9.051768795328752892e-01 1.456874937660599834e+00 1.117123763708079087e+00 1.456874937660599834e+00 5.819561260573412609e-01
2.217317291382820521e+00 -1.763478713509275819e-01 1.076102738711190776e+00 -1.763478713509275819e-01 -8.621469489377289186e-01 1.191907477748070043e+00 1.076102738711190776e+00 1.191907477748070043e+00 5.114385287487244192e-01
1.899707085304795928e+00 -1.814241435766357491e-01 1.024599533759533276e+00 -1.814241435766357491e-01 -8.263857589169426587e-01 9.149079961995206789e-01 1.024599533759533276e+00 9.149079961995206789e-01 4.408128759556495524e-01
1.665963935858448153e+00 -1.826607545924094078e-01 9.685923492840989857e-01 -1.826607545924094078e-01 -6.880182153895676445e-01 6.186725806414263840e-01 9.685923492840989857e-01 6.186725806414263840e-01 4.415741657258789865e-01
1.456198221016310912e+00 -1.779731821687874915e-01 9.041605768592541059e-01 -1.779731821687874915e-01 -5.325316624240290508e-01 3.133701849402354411e-01 9.041605768592541059e-01 3.133701849402354411e-01 4.852247964269851832e-01
1.271900476864570750e+00 -1.757535400770092737e-01 8.324653235953618502e-01 -1.757535400770092737e-01 -3.454155148380907980e-01 -4.174450345046186624e-03 8.324653235953618502e-01 -4.174450345046186624e-03 5.424193293106457370e-01
1.142853489395204925e+00 -1.711361361212607457e-01 7.557369610986932607e-01 -1.711361361212607457e-01 -1.147243949435172855e-01 -3.267841549059554707e-01 7.557369610986932607e-01 -3.267841549059554707e-01 6.337815378728670623e-01
1.022981694605694436e+00 -1.700829249411727195e-01 6.741915414647030591e-01 -1.700829249411727195e-01 1.261513613788155241e-01 -6.557656662496124111e-01 6.741915414647030591e-01 -6.557656662496124111e-01 7.208556644815843351e-01
9.378609844311104338e-01 -1.685706671869147688e-01 5.912421065393236308e-01 -1.685706671869147688e-01 3.831249714424369013e-01 -9.835584050857851812e-01 5.912421065393236308e-01 -9.835584050857851812e-01 8.092094065232497968e-01
8.525837287298646539e-01 -1.688674930318087297e-01 5.067806891136561465e-01 -1.688674930318087297e-01 6.321001340543710434e-01 -1.312705794888777477e+00 5.067806891136561465e-01 -1.312705794888777477e+00 8.654202503460018958e-01
3.322911570203063381e+00 4.050743586361751802e+00 3.688719167369002516e+00 4.050743586361751802e+00 -2.623757249082243614e+00 3.142304505691950745e+00 3.688719167369002516e+00 3.142304505691950745e+00 -1.066354741046902710e+01
3.024144724377602511e+00 4.070689041970462441e+00 3.650422265232248442e+00 4.070689041970462441e+00 -2.754816364667290518e+00 2.951634716937451053e+00 3.650422265232248442e+00 2.951634716937451053e+00 -1.053297646962946921e+01
2.756163421767024779e+00 4.077073144267587601e+00 3.597370460222847566e+00 4.077073144267587601e+00 -2.845306281700103135e+00 2.747545877145070037e+00 3.597370460222847566e+00 2.747545877145070037e+00 -1.041235907439915209e+01
2.571559872698031324e+00 4.061661592386421660e+00 3.518739804987097042e+00 4.061661592386421660e+00 -2.802640393857343870e+00 2.512364890946793050e+00 3.518739804987097042e+00 2.512364890946793050e+00 -1.013888712870806863e+01
2.371900242991591856e+00 4.035825802336130863e+00 3.422353956897688843e+00 4.035825802336130863e+00 -2.762952888950004571e+00 2.259412246129642643e+00 3.422353956897688843e+00 2.259412246129642643e+00 -9.813688049407117475e+00
2.234019750853550867e+00 3.989114109346785231e+00 3.304593967181784553e+00 3.989114109346785231e+00 -2.632595000794460294e+00 1.983886406841870231e+00 3.304593967181784553e+00 1.983886406841870231e+00 -9.416876823459681134e+00
2.142413390882187851e+00 3.929662248309268691e+00 3.170299660077909643e+00 3.929662248309268691e+00 -2.443168016466646719e+00 1.691415588422468197e+00 3.170299660077909643e+00 1.691415588422468197e+00 -8.946126545507965488e+00
2.053615650961425398e+00 3.857902715635724622e+00 3.020566000950764440e+00 3.857902715635724622e+00 -2.237743224203022852e+00 1.380335394073868294e+00 3.020566000950764440e+00 1.380335394073868294e+00 -8.455595210912981941e+00
2.008606421847863199e+00 3.776512730222891356e+00 2.856471531317967827e+00 3.776512730222891356e+00 -1.972586813838178355e+00 1.051302804320973561e+00 2.856471531317967827e+00 1.051302804320973561e+00 -7.912674046880832535e+00
2.003044078446119869e+00 3.685377288910441251e+00 2.682100532332944987e+00 3.685377288910441251e+00 -1.651832335638848015e+00 7.024727600488340773e-01 2.682100532332944987e+00 7.024727600488340773e-01 -7.314729546033220231e+00
