-5.427164038856078676e+00 -1.639416049348562998e+00 -4.372799740864718565e+00 -1.639416049348562998e+00 -2.876553656156976668e+00 5.065965300014108053e+00 -4.372799740864718565e+00 5.065965300014108053e+00 1.106656214078966549e+01
1.384828655038738532e+00 2.541628439822701591e+00 5.016522384804711798e+00 2.541628439822701591e+00 -1.334059762929539206e+00 -1.283211274961271409e+00 5.016522384804711798e+00 -1.283211274961271409e+00 3.907294391790695709e+00
1.048948864771026379e+01 -2.374421555994450372e+00 -6.695580549419248850e-01 -2.374421555994450372e+00 -3.768923518612349088e+00 -1.769009926468057659e+00 -6.695580549419248850e-01 -1.769009926468057659e+00 3.449671041831336993e+00
-1.382707620997226765e-02 -7.348073383147781801e-01 4.498038113300796503e+00 -7.348073383147781801e-01 3.192536913285807465e+00 -5.381551215083673512e+00 4.498038113300796503e+00 -5.381551215083673512e+00 -9.233360604232210278e+00
2.911557707209696755e+00 -2.000068087079859946e+00 3.731468189990144513e+00 -2.000068087079859946e+00 4.883157581653308377e+00 -5.128283355242886365e+00 3.731468189990144513e+00 -5.128283355242886365e+00 -3.492770323726163806e+00
-5.774052583302495378e+00 -3.318011115337771599e+00 1.676035399966943285e+00 -3.318011115337771599e+00 -6.472164408536942304e+00 -9.633089577501773304e-01 1.676035399966943285e+00 -9.633089577501773304e-01 -1.152489280974272212e+01
-1.543581458169350817e+01 -1.421122411728268364e+00 1.447198823351890429e+00 -1.421122411728268364e+00 -8.304874862773143462e+00 -6.315847477126378173e+00 1.447198823351890429e+00 -6.315847477126378173e+00 -4.251112162156885255e+00
-4.348337473725269575e+00 -5.516955092742958922e-01 5.290500335147356736e+00 -5.516955092742958922e-01 1.299924611542213615e+00 -4.255481869849921495e+00 5.290500335147356736e+00 -4.255481869849921495e+00 1.096946045844221729e+01
2.176567156650060841e+00 2.448332997678418721e+00 5.864067913049295200e+00 2.448332997678418721e+00 2.473950791648305281e-01 -2.406128335799214923e+00 5.864067913049295200e+00 -2.406128335799214923e+00 7.357670448309552746e+00
-4.119653878837217675e+00 2.904837656111489697e+00 2.190543709239966663e+00 2.904837656111489697e+00 -5.297699921042216431e+00 -1.412682990798207694e+00 2.190543709239966663e+00 -1.412682990798207694e+00 -1.044677354388478419e+00
6.276894190841201038e+00 -1.098990006938568520e+00 -4.089351787708993768e+00 -1.098990006938568520e+00 -2.453091931618529120e+00 2.980677540879788534e+00 -4.089351787708993768e+00 2.980677540879788534e+00 3.410571496817114134e+00
-6.316785529287448853e+00 2.977350021391444113e+00 -1.160218521623694654e+00 2.977350021391444113e+00 -7.054358051258716955e+00 -3.806533819830737464e+00 -1.160218521623694654e+00 -3.806533819830737464e+00 -2.992865524759905416e+00
-7.773164798090697047e+00 -3.575750857672011396e+00 -7.368324307924689620e-01 -3.575750857672011396e+00 -7.379841948899776405e+00 -6.775917869298055951e-01 -7.368324307924689620e-01 -6.775917869298055951e-01 -3.856142919325475482e+00
-8.931020028495424867e+00 6.511055736677826555e-01 2.438892823538100441e+00 6.511055736677826555e-01 -9.172400113076950134e+00 -3.998984562992949687e+00 2.438892823538100441e+00 -3.998984562992949687e+00 -1.609795118516453272e+01
-6.481804723709564620e+00 -1.865564756554134673e+00 -3.044650842748667596e+00 -1.865564756554134673e+00 2.900783653490154990e+00 5.782502979461749959e+00 -3.044650842748667596e+00 5.782502979461749959e+00 1.401698202632622170e+01
7.686252690020445311e-01 6.813038463478903850e+00 2.203608545346918746e+00 6.813038463478903850e+00 3.155729142116158403e+00 9.629468336233847348e-01 2.203608545346918746e+00 9.629468336233847348e-01 -1.076438962938831168e+01
1.499373643582934790e+00 1.397516267969537207e+00 3.779221006042168707e+00 1.397516267969537207e+00 1.019926750377695868e+01 -2.049654593506838651e+00 3.779221006042168707e+00 -2.049654593506838651e+00 -9.294929581230800819e-01
5.232189753382591846e+00 -5.093019610911442285e+00 3.012738588582370092e+00 -5.093019610911442285e+00 2.758060875997319084e+00 -4.387752930767605086e+00 3.012738588582370092e+00 -4.387752930767605086e+00 -8.385073417640622750e+00
-6.201420162691874127e-01 -1.445284827113059833e+00 -6.901283590438898052e-01 -1.445284827113059833e+00 1.409193185240572577e+00 -2.741500154995526017e+00 -6.901283590438898052e-01 -2.741500154995526017e+00 3.117533140029613570e+00
-1.196706824835588812e+01 -2.652107845788542750e+00 -2.630097124376025164e-01 -2.652107845788542750e+00 -1.294934993149128921e+01 -1.569575953320364814e+00 -2.630097124376025164e-01 -1.569575953320364814e+00 -1.265116204737667793e+01
-6.144612716640047267e+00 -1.073295606613944519e+00 -3.822894516862991754e+00 -1.073295606613944519e+00 -7.922588076737919316e+00 3.784340496764179829e+00 -3.822894516862991754e+00 3.784340496764179829e+00 -9.143149221588223186e-02
-1.986615932137229645e+00 2.733838574616127559e+00 -5.267605466181714213e+00 2.733838574616127559e+00 -2.043533295417526929e+00 1.012723604811399891e+00 -5.267605466181714213e+00 1.012723604811399891e+00 7.032050670706171402e-01
-5.150052242499516986e+00 -2.085633945452734839e+00 -2.916995771491821543e+00 -2.085633945452734839e+00 -6.188532263604390238e+00 -5.474450811055121768e+00 -2.916995771491821543e+00 -5.474450811055121768e+00 -8.235999681604946332e+00
1.183332471549591869e+00 4.487560732950777620e+00 7.897918531828421740e-01 4.487560732950777620e+00 -4.496134458946265511e+00 1.667398446081011176e+00 7.897918531828421740e-01 1.667398446081011176e+00 5.529650961485465643e+00
-1.120523626567753617e+01 -4.055349163772385523e+00 -1.829105778442224051e-01 -4.055349163772385523e+00 2.143267916307697085e+00 8.690769015116115881e+00 -1.829105778442224051e-01 8.690769015116115881e+00 4.570356642312736639e+00
7.878749582421369801e+00 -2.485510347429868538e+00 5.074952250014185040e+00 -2.485510347429868538e+00 1.267099330282410108e+01 -3.922123187470733630e+00 5.074952250014185040e+00 -3.922123187470733630e+00 1.231083970395796090e+00
-1.042910694091728985e+01 7.541353369922902672e-02 3.462772700531973946e+00 7.541353369922902672e-02 -1.272196448718192485e+01 2.760646924458751705e+00 3.462772700531973946e+00 2.760646924458751705e+00 -2.510026635659364236e-01
6.880994903422918085e+00 -2.240183328169510713e+00 2.889498117742280048e+00 -2.240183328169510713e+00 1.077670247605480291e+01 -1.393063411062612111e+00 2.889498117742280048e+00 -1.393063411062612111e+00 8.899023212341157674e+00
-1.279611704423877860e+01 -3.682468190481568704e-01 6.492219851094057637e-01 -3.682468190481568704e-01 -1.448461483961370888e+01 -2.640189281342225414e+00 6.492219851094057637e-01 -2.640189281342225414e+00 -1.712545854928194800e+01
-1.671696568881562683e+01 -1.103132908490759734e+00 4.189833762694764596e-01 -1.103132908490759734e+00 -1.810536889375879976e+00 -3.492002457339456356e+00 4.189833762694764596e-01 -3.492002457339456356e+00 -8.029640894470736256e+00
