7.410217966145036250e+00 -4.367114151179363191e+00 -5.938454228326333073e+00 -4.367114151179363191e+00 2.123028190009632166e+00 -2.679557242563475050e+00 -5.938454228326333073e+00 -2.679557242563475050e+00 1.526819428799046419e+00
-5.886064179116783812e+00 -2.719524484224094873e+00 2.844924736152453226e-01 -2.719524484224094873e+00 -7.868902060931342923e+00 -1.003993354116470282e+00 2.844924736152453226e-01 -1.003993354116470282e+00 1.372272436736479362e+00
1.221662873186109444e+00 -2.394652649817757162e+00 2.907786298740222097e+00 -2.394652649817757162e+00 -6.408261754691509715e+00 -1.165254696274985680e+00 2.907786298740222097e+00 -1.165254696274985680e+00 4.533708462523820537e-01
-4.486074166893202708e+00 1.820521963374422403e-01 8.201850079631407553e-01 1.820521963374422403e-01 -6.576189243019674890e+00 -2.267251683578841437e+00 8.201850079631407553e-01 -2.267251683578841437e+00 8.825465825017081656e+00
-9.128502953384913354e+00 -1.289415506492588515e+00 2.301292476191909020e-01 -1.289415506492588515e+00 -6.801937024881940630e+00 3.923002322571758960e+00 2.301292476191909020e-01 3.923002322571758960e+00 -5.256171916610329120e+00
5.510895548450266190e+00 -1.304180571512210562e+00 -2.186146033008151690e+00 -1.304180571512210562e+00 2.081722156072897789e+00 1.128492581514018323e+00 -2.186146033008151690e+00 1.128492581514018323e+00 1.971766108568507869e+00
5.511917591349253520e+00 -1.166232471303806140e+00 -1.813762163801841742e+00 -1.166232471303806140e+00 6.034722504837121804e+00 1.945494449365000322e-01 -1.813762163801841742e+00 1.945494449365000322e-01 4.779484021503710878e+00
5.140084292172430125e+00 -4.937701117567216080e+00 -6.800399541638482148e+00 -4.937701117567216080e+00 3.462294476946802479e+00 -4.096973483362262414e+00 -6.800399541638482148e+00 -4.096973483362262414e+00 2.332347153015194685e+00
2.136186457016126283e+01 -3.665576623593388428e-01 1.593111362930051511e+00 -3.665576623593388428e-01 5.409261221669251496e-01 -3.756663567826289407e-01 1.593111362930051511e+00 -3.756663567826289407e-01 2.852225458729275243e+00
-1.024666991245078151e-01 -2.832933610458818308e+00 1.604259634323406125e+00 -2.832933610458818308e+00 -2.561283074229424805e+00 8.935622028169393216e-01 1.604259634323406125e+00 8.935622028169393216e-01 6.035667600662414145e+00
2.052232335451769174e+01 -9.432042522333002887e-01 5.472586242843630266e+00 -9.432042522333002887e-01 8.090822911067141021e+00 -5.415760538895330711e+00 5.472586242843630266e+00 -5.415760538895330711e+00 -2.847154460775233265e+00
-1.490928091337654804e+00 1.232147274562539752e-01 -3.143543676342322346e+00 1.232147274562539752e-01 -8.751529242527240626e+00 2.187125610803996867e-01 -3.143543676342322346e+00 2.187125610803996867e-01 -7.530179937691213965e+00
-4.734482704110424933e+00 5.244537834286147060e-01 9.427980414521772157e-02 5.244537834286147060e-01 -6.493670487500647903e-01 7.897385464874452587e+00 9.427980414521772157e-02 7.897385464874452587e+00 -1.575243829959445563e+00
9.780363927147531555e+00 -2.058184804959009462e+00 -4.340802090111307798e+00 -2.058184804959009462e+00 -3.748840960080200846e-01 6.438299698980001762e-02 -4.340802090111307798e+00 6.438299698980001762e-02 2.283938372016201424e+00
1.006252349680742242e+01 -1.361578790745433087e+00 1.194929651377262037e+00 -1.361578790745433087e+00 2.355735874371899463e+00 2.155726250042827807e+00 1.194929651377262037e+00 2.155726250042827807e+00 1.571234946283435852e+00
9.195008139927433044e-01 -3.699610189123817783e+00 -6.225548952963148253e+00 -3.699610189123817783e+00 2.900333051470050716e+00 2.118985372438636272e+00 -6.225548952963148253e+00 2.118985372438636272e+00 1.383920055790985870e+00
4.416167193767343235e+00 2.138989713373403045e+00 -1.612354073681768890e-02 2.138989713373403045e+00 5.737414858598611112e+00 4.872761544817822560e-02 -1.612354073681768890e-02 4.872761544817822560e-02 4.376203566155186131e+00
9.528578966851517507e+00 -1.338813991462597164e+00 -2.288889138141174673e+00 -1.338813991462597164e+00 6.425691304510814383e+00 -1.895540581884076481e+00 -2.288889138141174673e+00 -1.895540581884076481e+00 9.574701834160370240e+00
2.631522298413120353e+00 -3.521185750676369963e+00 -1.600962323528447584e+00 -3.521185750676369963e+00 -9.535925743612350125e-01 6.162883887479327250e+00 -1.600962323528447584e+00 6.162883887479327250e+00 2.469730351922488243e+00
9.783493188268234109e-01 4.263627880258622938e+00 -6.791908494102549376e+00 4.263627880258622938e+00 2.709985907331845745e+00 3.833924302873192413e+00 -6.791908494102549376e+00 3.833924302873192413e+00 7.631661634521321069e+00
3.548452037907833034e+00 2.778894843275503845e+00 1.179356117405289783e+00 2.778894843275503845e+00 7.888069207550767459e+00 6.893024475129343465e-01 1.179356117405289783e+00 6.893024475129343465e-01 7.858842197693698850e+00
1.369388816273857046e+01 -2.450249979546927470e+00 2.963912722060992877e+00 -2.450249979546927470e+00 4.613572938394776557e+00 1.254977808246660720e+00 2.963912722060992877e+00 1.254977808246660720e+00 3.059263209110802073e+00
1.260822712110005517e+00 -6.427021085708467751e+00 -9.238730021369756074e+00 -6.427021085708467751e+00 -1.834778077724269263e+00 -1.384663213136541060e+00 -9.238730021369756074e+00 -1.384663213136541060e+00 1.519109853914275554e+01
