1.842664456135274165e+01 1.081053905818374794e+00 -2.014615185726646107e+00 1.081053905818374794e+00 1.247982609607901949e+01 -2.414769329525251695e+00 -2.014615185726646107e+00 -2.414769329525251695e+00 6.838532936777527382e+00
1.842751665374541048e+01 1.081237862807453487e+00 2.014792329493906742e+00 1.081237862807453487e+00 1.248025532905353430e+01 2.415123617059773409e+00 2.014792329493906742e+00 2.415123617059773409e+00 6.840570090101025791e+00
1.593138382927288887e+01 1.432793295380229148e+00 -2.371880098182674868e+00 1.432793295380229148e+00 1.066831986596056403e+01 -2.463190896983820988e+00 -2.371880098182674868e+00 -2.463190896983820988e+00 2.193727974092809951e+00
1.340237039630802940e+01 1.666514056615456818e+00 2.490879830451054211e+00 1.666514056615456818e+00 9.817566484024919049e+00 1.509251270618735763e+00 2.490879830451054211e+00 1.509251270618735763e+00 -9.202686841418902253e-01
1.593064800131657499e+01 1.432711536718416445e+00 2.372098121280842076e+00 1.432711536718416445e+00 1.066783612721150654e+01 2.462925181332929814e+00 2.372098121280842076e+00 2.462925181332929814e+00 2.193564456769184545e+00
2.418276094794834918e+01 6.816219635324478610e-01 9.832637330685726207e-01 6.816219635324478610e-01 1.725278776115513679e+01 1.072414740553500057e+00 9.832637330685726207e-01 1.072414740553500057e+00 1.966557444313142966e+01
2.143205890347836018e+01 6.956776401424138445e-01 -1.543385511925536413e+00 6.956776401424138445e-01 1.518472966349025910e+01 -1.637891711759195124e+00 -1.543385511925536413e+00 -1.637891711759195124e+00 1.407726089668456559e+01
2.791227769163992889e+01 1.388909333652264433e+00 -3.767439136329038818e-01 1.388909333652264433e+00 1.931654671585303262e+01 -4.459049283046270795e-01 -3.767439136329038818e-01 -4.459049283046270795e-01 2.443794335790940409e+01
2.791192340410540851e+01 1.388950212983170784e+00 3.769346838438001335e-01 1.388950212983170784e+00 1.931620605476214436e+01 4.457414109810016734e-01 3.769346838438001335e-01 4.457414109810016734e-01 2.443978292780019501e+01
2.143291055620557728e+01 6.958479706878569759e-01 1.544080460550944167e+00 6.958479706878569759e-01 1.518554725010838702e+01 1.638055229082820752e+00 1.544080460550944167e+00 1.638055229082820752e+00 1.408201652551333716e+01
2.418100994994119191e+01 6.818740527397035844e-01 -9.835226354976461804e-01 6.818740527397035844e-01 1.725130929202069296e+01 -1.072053639797160729e+00 -9.835226354976461804e-01 -1.072053639797160729e+00 1.965943573027366043e+01
