-5.361831302950519351e+00 -1.167785032207717233e+00 5.102260735899183386e-01 -1.167785032207717233e+00 -2.807415337581907977e+00 -1.080237463782724117e+00 5.102260735899183386e-01 -1.080237463782724117e+00 8.045147324005151646e+00
-8.520215456736500714e-01 -5.661731148998473406e-01 1.740576962456318766e+00 -5.661731148998473406e-01 -7.832876521100784473e-01 1.213532205727316127e+00 1.740576962456318766e+00 1.213532205727316127e+00 -7.655155976781613525e-01
-5.949233058403128993e+00 -8.246448798010126424e-01 3.922400307212509096e-01 -8.246448798010126424e-01 -4.583022764753303058e+00 3.685349510441041421e+00 3.922400307212509096e-01 3.685349510441041421e+00 -1.218700380790257887e+00
3.341316061416234717e+00 -3.002657344207731338e+00 -1.974296243320706967e+00 -3.002657344207731338e+00 2.078796277281422800e+00 -1.570570652311079840e+00 -1.974296243320706967e+00 -1.570570652311079840e+00 2.348130232000522177e+00
4.384316832555060217e-01 3.691183014184350242e+00 -2.076033435339238231e+00 3.691183014184350242e+00 -1.341510568459082231e-01 1.840128648783900811e+00 -2.076033435339238231e+00 1.840128648783900811e+00 2.968333882121167555e+00
-3.088109308647763118e+00 2.362685996714493086e+00 -1.574294689758203303e+00 2.362685996714493086e+00 -3.270262523907693009e+00 -3.618109212308662920e-02 -1.574294689758203303e+00 -3.618109212308662920e-02 -7.375102239454583986e-01
3.472923830903584808e+00 2.835591364290013683e+00 2.455813214222078766e+00 2.835591364290013683e+00 -8.855823207553186194e+00 1.287264152420368957e+00 2.455813214222078766e+00 1.287264152420368957e+00 -1.493969231841174305e-01
1.741458316412419327e+00 -1.101745705666669073e+00 1.050601458984085253e-02 -1.101745705666669073e+00 3.610125807508210993e+00 2.508331718879615480e+00 1.050601458984085253e-02 2.508331718879615480e+00 -2.572034800108081054e+00
-2.590739564604862988e+00 9.135544555827842528e-01 1.401594386217051458e+00 9.135544555827842528e-01 -1.266875696363526815e+00 -4.910236045545713357e-01 1.401594386217051458e+00 -4.910236045545713357e-01 5.180642150551562075e+00
-2.372564156939265256e+00 -4.828391242761002289e+00 -2.474086250178105573e+00 -4.828391242761002289e+00 -3.609092509509690405e+00 3.131379542875604383e+00 -2.474086250178105573e+00 3.131379542875604383e+00 2.267888319021087895e+00
-4.395244508638071146e+00 7.507692514552132268e-01 2.887942961800142316e-01 7.507692514552132268e-01 -4.258909280320101409e+00 -2.632383275889807361e+00 2.887942961800142316e-01 -2.632383275889807361e+00 6.114740223084538684e+00
-3.715395660736447780e+00 -7.352536231569396508e-01 -7.157304777335916635e-01 -7.352536231569396508e-01 -2.654545758524250676e+00 -3.240044372698880348e+00 -7.157304777335916635e-01 -3.240044372698880348e+00 -3.054969681597107467e+00
-9.910763349628920471e-01 -2.867828737546380236e+00 -1.543269800311517947e+00 -2.867828737546380236e+00 -3.462118249847675674e-03 -7.634654527262847712e-02 -1.543269800311517947e+00 -7.634654527262847712e-02 -3.656641070557152595e+00
7.141102799711791072e+00 -1.434777977141452832e+00 1.043561775823848015e+00 -1.434777977141452832e+00 2.689757739234268197e+00 8.481194268098544153e-01 1.043561775823848015e+00 8.481194268098544153e-01 1.735790017375675731e+00
-1.769802159823599563e+00 -1.601201103223582611e-01 -8.075546944597112864e-01 -1.601201103223582611e-01 -2.561082606020776531e+00 6.988525062559119982e-01 -8.075546944597112864e-01 6.988525062559119982e-01 5.632467207214727267e+00
-7.689808371765267658e-01 -4.005459277245508876e-01 2.663784272745453929e+00 -4.005459277245508876e-01 -6.416241580748160978e+00 1.517206792473897670e+00 2.663784272745453929e+00 1.517206792473897670e+00 1.385522195396558853e+00
-2.780550531273589421e+00 -2.789603106557808410e+00 1.516696139306214608e+00 -2.789603106557808410e+00 -1.511138522011823859e+00 -1.210624354109487877e+00 1.516696139306214608e+00 -1.210624354109487877e+00 -4.078862150466187053e+00
-8.173394769837789564e-01 -1.409306599399845261e+00 -1.959077018206872411e+00 -1.409306599399845261e+00 4.314796557913886055e+00 -2.210171548385480023e+00 -1.959077018206872411e+00 -2.210171548385480023e+00 5.780879412424576813e+00
2.569133142674234094e+00 -3.002254282383006512e+00 -1.827541372194810609e+00 -3.002254282383006512e+00 3.667431525447387042e+00 -8.862748254813087589e-01 -1.827541372194810609e+00 -8.862748254813087589e-01 -4.577902566044761201e+00
-2.748066474043904694e+00 -3.382648836329902320e+00 7.191521097972056742e-01 -3.382648836329902320e+00 2.194813001573976852e+00 -1.838401846768283221e+00 7.191521097972056742e-01 -1.838401846768283221e+00 -3.529749775619638541e+00
-5.998284676684652039e-01 1.772406669642741850e+00 1.083707437611522995e+00 1.772406669642741850e+00 -7.694131048538942474e-01 1.225247393751920599e+00 1.083707437611522995e+00 1.225247393751920599e+00 -1.671304145553879961e+00
4.016908022444806714e-01 -3.818534861686803672e-01 -2.223520362547935392e+00 -3.818534861686803672e-01 1.791936239502852413e+00 1.519291929784404971e+00 -2.223520362547935392e+00 1.519291929784404971e+00 -1.319021899918105589e+00
-4.233219183125862983e+00 4.100237471070186324e+00 -4.675776394855369666e+00 4.100237471070186324e+00 7.288087139384787916e-01 -4.424992567580201985e+00 -4.675776394855369666e+00 -4.424992567580201985e+00 2.995646419171095864e+00
-3.909976973569365022e+00 -1.117282785582595084e+00 -4.129254095130267643e+00 -1.117282785582595084e+00 -1.207448315610175404e+00 -2.909690149725448371e+00 -4.129254095130267643e+00 -2.909690149725448371e+00 1.397337353659602099e+00
-1.200308724156715412e+00 -5.102177010665881474e-01 -7.509546575268284674e-02 -5.102177010665881474e-01 -1.203604746440017914e+00 2.533644325588529922e-01 -7.509546575268284674e-02 2.533644325588529922e-01 -4.016097650387107976e+00
5.211392162470975364e+00 -1.553871080816759731e+00 2.406707005846795866e+00 -1.553871080816759731e+00 4.673458568788409373e+00 9.350087838836952381e-01 2.406707005846795866e+00 9.350087838836952381e-01 -3.940595775895887054e-01
6.774332210372150387e-01 2.865344926521658578e-02 4.378074673804971395e-01 2.865344926521658578e-02 7.415496324035281139e-01 -3.578961810963930734e+00 4.378074673804971395e-01 -3.578961810963930734e+00 4.201086779354893608e+00
-1.261063588916754297e+00 -2.250366861727747470e+00 2.541138244157830517e+00 -2.250366861727747470e+00 2.470341170347533755e+00 -2.841599973684074687e-01 2.541138244157830517e+00 -2.841599973684074687e-01 -1.156287425426366422e+00
-3.743859414802435115e-01 -2.668974892078587846e+00 -3.692375608138022347e+00 -2.668974892078587846e+00 3.725940317420868841e-01 -1.448012394242093881e-01 -3.692375608138022347e+00 -1.448012394242093881e-01 3.545741394377489364e+00
1.265269169620210077e+00 -4.551879382680301123e-01 6.919657895334454523e-01 -4.551879382680301123e-01 -1.057136900004888913e+00 4.505978450659379186e-01 6.919657895334454523e-01 4.505978450659379186e-01 -5.167428620571507203e+00
-2.710768859735992464e+00 -1.694033746103734472e+00 -1.009435235919406981e+00 -1.694033746103734472e+00 1.568553391062169178e+00 -4.687759024567705879e+00 -1.009435235919406981e+00 -4.687759024567705879e+00 4.663783782422814994e+00
-7.379487554500183677e+00 -1.055772191654922088e+00 2.496349141555088469e+00 -1.055772191654922088e+00 -2.493412265044458564e+00 -1.118510445953331267e+00 2.496349141555088469e+00 -1.118510445953331267e+00 2.601797384605288865e+00
2.180037682417877765e+00 -1.027034722271670697e+00 -3.769699973534871296e-01 -1.027034722271670697e+00 1.214658421090313745e+00 -7.499934148997945693e-02 -3.769699973534871296e-01 -7.499934148997945693e-02 8.079923803964145224e-01
3.456832950344003841e+00 -2.588702162201967916e+00 1.941644760062697150e+00 -2.588702162201967916e+00 4.471817777962523444e+00 3.794783420169930976e-01 1.941644760062697150e+00 3.794783420169930976e-01 -3.194679374550589479e+00
-4.430091531210099021e+00 -4.814075425999446156e-01 1.811658008050071267e+00 -4.814075425999446156e-01 -3.983310817395137704e+00 2.784739841690722528e+00 1.811658008050071267e+00 2.784739841690722528e+00 1.027066672883979015e+00
-9.104950615974556627e-02 -2.521686903194453766e+00 5.625735123696679052e-01 -2.521686903194453766e+00 5.122664016268430043e-01 -9.475103270269588651e-02 5.625735123696679052e-01 -9.475103270269588651e-02 -1.745726969366562464e+00
-8.088554698904159013e-01 -2.600151812660618234e+00 -3.434823735575699200e+00 -2.600151812660618234e+00 -7.219671655216898243e-01 -1.967874851123776747e-01 -3.434823735575699200e+00 -1.967874851123776747e-01 -2.502188283037613648e+00
4.075904386260317480e+00 -5.627430927631240642e-01 -2.176146673651237151e+00 -5.627430927631240642e-01 7.943959163887628350e-01 -5.142877030040072794e-01 -2.176146673651237151e+00 -5.142877030040072794e-01 6.891463305584878185e+00
-5.162472978016704239e+00 -5.359862432798321308e-01 -2.234595876639269285e+00 -5.359862432798321308e-01 -7.839071990518945432e-01 1.313299667288819750e+00 -2.234595876639269285e+00 1.313299667288819750e+00 7.988643072919455967e+00
4.655051937459098177e+00 -8.179871731809754687e-01 1.252661052062448599e+00 -8.179871731809754687e-01 1.518419997952069833e+00 9.225377054347692063e-01 1.252661052062448599e+00 9.225377054347692063e-01 -9.615566359606597668e-01
2.011258201385251798e+00 1.328351611640486707e-01 -5.175027001375362978e-01 1.328351611640486707e-01 5.328449213382406846e+00 7.766025380523198240e-01 -5.175027001375362978e-01 7.766025380523198240e-01 2.280031641618570859e+00
1.107084573455195953e+00 8.320917252946027909e-02 1.506654790715293402e+00 8.320917252946027909e-02 2.537478615999980480e+00 7.555193725265529903e-01 1.506654790715293402e+00 7.555193725265529903e-01 -1.882184892358236716e+00
4.394868499882735868e+00 -2.082244495027190112e+00 -1.118307406254389846e+00 -2.082244495027190112e+00 -1.374913531082287088e+00 -8.013789678935330230e-01 -1.118307406254389846e+00 -8.013789678935330230e-01 3.444519134958698992e-01
1.729284258287223375e-01 -3.471602722638228222e+00 5.840503653564649289e-01 -3.471602722638228222e+00 2.254573977211824953e+00 -6.184573411745682980e-01 5.840503653564649289e-01 -6.184573411745682980e-01 -2.495744774172153235e+00
2.795752200885652350e+00 2.634269620003672555e-02 6.547112222612629928e-01 2.634269620003672555e-02 -8.062536838317182486e-01 5.913602119565197074e-02 6.547112222612629928e-01 5.913602119565197074e-02 7.472998258697800544e+00
9.325300890273250376e-01 -5.945764305881590106e-01 4.508910088615892819e-01 -5.945764305881590106e-01 -4.102934301067590606e-01 1.651496444436803213e+00 4.508910088615892819e-01 1.651496444436803213e+00 4.455403602330725299e+00
5.530465319044671979e+00 9.611218511751111748e-01 -4.353489868883584357e+00 9.611218511751111748e-01 1.398632440424454337e+00 5.033005281479120185e+00 -4.353489868883584357e+00 5.033005281479120185e+00 8.132428858732099641e+00
2.032723481109003139e+00 -4.047521729764760323e+00 -2.462448320169573768e-01 -4.047521729764760323e+00 3.475031304365857832e+00 -2.723921292870534749e-01 -2.462448320169573768e-01 -2.723921292870534749e-01 -5.224698008916767833e+00
5.039936939109310732e-01 -1.093698438009062190e+00 -2.095799762816930478e+00 -1.093698438009062190e+00 1.272834930363128336e+00 1.835682027817296058e+00 -2.095799762816930478e+00 1.835682027817296058e+00 1.083581202625892859e+00
-8.977323979600678738e-01 -1.174343880299521414e+00 -2.120718654003237003e+00 -1.174343880299521414e+00 2.047826747585544283e+00 -6.634978799687103468e-01 -2.120718654003237003e+00 -6.634978799687103468e-01 1.768665003950775194e+00
