-1.479219303619842441e+00 -2.592784277068800769e+00 -2.597199361969559361e-01 -2.592784277068800769e+00 -4.258388877702156350e+00 1.562955851236736082e+00 -2.597199361969559361e-01 1.562955851236736082e+00 -2.352967764753618685e+00
-1.389090356738864163e+00 -8.962161331731731406e-02 1.325008360126538332e-01 -8.962161331731731406e-02 -2.872453658630342410e+00 2.515318343490190678e+00 1.325008360126538332e-01 2.515318343490190678e+00 1.768663106500199200e+00
1.387061553229855360e+00 1.080209248952131329e+00 -1.073817768052208299e+00 1.080209248952131329e+00 -4.755147510190782079e+00 9.265973928663049364e-01 -1.073817768052208299e+00 9.265973928663049364e-01 5.232618886971943439e+00
2.656180856014459746e+00 1.592282672354407236e+00 -6.482792460392151623e-01 1.592282672354407236e+00 -2.874477314254738847e+00 -6.751252901326694478e-02 -6.482792460392151623e-01 -6.751252901326694478e-02 9.676048299435146660e+00
-3.639085275843918055e+00 -1.298649583159948273e+00 1.993117194768573297e+00 -1.298649583159948273e+00 -4.008673949333079634e+00 3.599861279487638122e+00 1.993117194768573297e+00 3.599861279487638122e+00 2.920765286040817976e+00
1.468785819636291845e-01 -2.323341867116163473e-01 -1.456333642081227175e+00 -2.323341867116163473e-01 -1.517651410796102107e+00 2.532184498585093202e+00 -1.456333642081227175e+00 2.532184498585093202e+00 -1.837135810607345432e+00
-3.340593585597038950e-02 2.194985734028980229e-01 4.490251585601821027e+00 2.194985734028980229e-01 -1.833046555605334582e+00 3.617911922307653905e-01 4.490251585601821027e+00 3.617911922307653905e-01 2.397193289105868708e+00
3.799203955060058702e-01 -5.310095359436362017e-01 3.347935025223235161e+00 -5.310095359436362017e-01 -4.789313163337379109e+00 2.121952069006697972e+00 3.347935025223235161e+00 2.121952069006697972e+00 3.208227731658264581e+00
1.376044095432360059e+00 1.770120343221951220e+00 3.296804185358972461e-01 1.770120343221951220e+00 -8.200261461105588623e+00 -1.375984488061869015e+00 3.296804185358972461e-01 -1.375984488061869015e+00 -8.373762621305868015e-01
4.332274708269375552e+00 -1.214426695160486291e+00 4.194904106087871676e-01 -1.214426695160486291e+00 2.698336640556737720e+00 2.763021704122112787e+00 4.194904106087871676e-01 2.763021704122112787e+00 4.812163465025513176e+00
-2.333647758779734405e-01 -2.026636482756913882e-01 6.038395862434902117e-01 -2.026636482756913882e-01 -3.203161951383739048e+00 -1.788408569271610071e+00 6.038395862434902117e-01 -1.788408569271610071e+00 2.827943318969786013e+00
7.812126567848139302e+00 -3.171174358538090821e-01 3.612980216482623574e-01 -3.171174358538090821e-01 1.712537945754859736e+00 2.168761181242301106e+00 3.612980216482623574e-01 2.168761181242301106e+00 7.463457941882149171e+00
-1.032690102383126973e+00 6.831672520982898789e-01 1.369358786646857951e+00 6.831672520982898789e-01 -2.958242627372915656e+00 1.029476560877850444e+00 1.369358786646857951e+00 1.029476560877850444e+00 -1.795122136658440670e+00
-3.467461541660371016e-01 2.113247822293905731e+00 -3.838540554335583277e+00 2.113247822293905731e+00 -4.210546310541790405e+00 -2.369114702216760238e-01 -3.838540554335583277e+00 -2.369114702216760238e-01 -3.736626023088879922e+00
3.418099015072870284e+00 -5.255438985592214562e-01 4.006129418122492680e+00 -5.255438985592214562e-01 -6.729019346035398641e-01 1.455318788530173824e-01 4.006129418122492680e+00 1.455318788530173824e-01 7.185414576022521871e+00
1.254395923649785083e-01 -9.675913773584258193e-01 -4.088470895805625283e+00 -9.675913773584258193e-01 -4.674501819427884008e+00 1.168451278737149046e+00 -4.088470895805625283e+00 1.168451278737149046e+00 1.965087769924877215e+00
1.985017309489907955e+00 -6.163191989535284909e-01 -3.275695417135089937e-01 -6.163191989535284909e-01 -6.225438287435244078e+00 5.292620358238839806e+00 -3.275695417135089937e-01 5.292620358238839806e+00 3.765556811166471674e-01
4.894257175288164063e+00 -8.578702996883827980e-01 -9.249141659098379931e-01 -8.578702996883827980e-01 -4.269996526058149833e+00 1.919760531308456752e-01 -9.249141659098379931e-01 1.919760531308456752e-01 1.302150112451826658e+01
3.703512482298011665e+00 3.120351458334882810e+00 -1.736426593867875567e+00 3.120351458334882810e+00 -1.346721627832342616e+00 3.792288807117644156e-01 -1.736426593867875567e+00 3.792288807117644156e-01 9.868302409003658626e-01
4.624464286855882733e+00 -5.766300537121255010e-01 -1.287286623981739098e+00 -5.766300537121255010e-01 2.302910979876897635e+00 5.473683158527896664e-01 -1.287286623981739098e+00 5.473683158527896664e-01 1.681339666030784663e+00
2.362212060771677336e-01 -1.395692942240060352e+00 -4.635721173855442245e+00 -1.395692942240060352e+00 -2.498721959853044794e+00 1.177102281130293360e+00 -4.635721173855442245e+00 1.177102281130293360e+00 1.611883695170333697e+00
1.046404394128601423e+00 -5.622073514216265888e-01 2.055489780927854504e+00 -5.622073514216265888e-01 -2.785055567280063649e+00 -9.945597895850105674e-01 2.055489780927854504e+00 -9.945597895850105674e-01 6.686595646491820588e+00
-4.467692590076351999e-01 -2.429479472821977737e+00 -1.751220478284279958e+00 -2.429479472821977737e+00 -1.669101916252522688e+00 3.012335438865389570e+00 -1.751220478284279958e+00 3.012335438865389570e+00 -3.104165751000434459e-01
2.118945894164143251e+00 -2.548370309869127937e+00 1.550591297125237800e-01 -2.548370309869127937e+00 6.596577325142746195e-01 3.832431088432965982e+00 1.550591297125237800e-01 3.832431088432965982e+00 -2.629258894320889856e-02
-2.820591297910735040e+00 -3.004095727225712054e+00 -2.880153104528786923e+00 -3.004095727225712054e+00 -6.236891044106116944e+00 1.566486195576171747e+00 -2.880153104528786923e+00 1.566486195576171747e+00 3.968706950049468940e+00
-2.293403807779309300e+00 -1.507832161849882446e+00 -1.153972209497198476e+00 -1.507832161849882446e+00 -1.026612423996735934e+01 -2.053810917350117560e+00 -1.153972209497198476e+00 -2.053810917350117560e+00 7.537921996915491363e+00
-3.911420056288071212e+00 -7.121299834280842012e-01 -1.230509988525200660e+00 -7.121299834280842012e-01 -1.131964247107429600e+00 -1.696059852689418834e+00 -1.230509988525200660e+00 -1.696059852689418834e+00 -3.608286405357637339e+00
-2.944884542203372035e+00 5.734499656280782620e-01 4.825057727683700892e-01 5.734499656280782620e-01 -4.352872473747126492e+00 -1.674443540564187665e-03 4.825057727683700892e-01 -1.674443540564187665e-03 -3.281076029986789155e+00
-4.124903204635423926e+00 1.798778058180595663e+00 -3.032950239296801076e+00 1.798778058180595663e+00 -8.877494372270422929e+00 -7.918752495798326851e-01 -3.032950239296801076e+00 -7.918752495798326851e-01 1.000763003685161967e-01
-2.274062081673214220e+00 -1.719263154016101414e+00 1.709519209665395723e+00 -1.719263154016101414e+00 -3.569149274185307252e+00 4.878831424406905981e+00 1.709519209665395723e+00 4.878831424406905981e+00 1.458794603269353951e+00
2.080684823328882160e+00 -8.510148510408240830e-01 4.306940144410826399e+00 -8.510148510408240830e-01 -5.909243443835817011e+00 -2.051968515258911108e+00 4.306940144410826399e+00 -2.051968515258911108e+00 3.509662450192743144e+00
-1.365983369451732710e+00 -2.607912712945603673e+00 -2.318798582676042663e+00 -2.607912712945603673e+00 -8.468509942426145187e+00 1.865029832127848231e+00 -2.318798582676042663e+00 1.865029832127848231e+00 -1.299263179892065967e+00
4.357974661664321125e-02 1.177041157908882196e+00 2.355976907946675247e+00 1.177041157908882196e+00 -7.966231562652305698e+00 5.949720985568102138e-01 2.355976907946675247e+00 5.949720985568102138e-01 7.208745561482266417e+00
-3.041922040494485113e+00 -7.923444420298029200e-01 3.380839195451724510e+00 -7.923444420298029200e-01 -4.477730795191712687e+00 3.727229261898315826e+00 3.380839195451724510e+00 3.727229261898315826e+00 -2.364966443225479331e+00
1.767513045312414821e+00 -2.450391167645201040e+00 -1.021154091782214612e+00 -2.450391167645201040e+00 -1.199862592427772379e+00 -4.058612256330096368e-01 -1.021154091782214612e+00 -4.058612256330096368e-01 -3.066295105672725452e+00
4.883494953473039857e+00 2.384112053072960702e+00 2.307224208884643080e+00 2.384112053072960702e+00 -7.403431909410677747e+00 9.094062881014373101e-01 2.307224208884643080e+00 9.094062881014373101e-01 1.049985306242200700e+01
-5.517414012721182814e+00 5.518702255459265738e-01 1.531266894868197337e+00 5.518702255459265738e-01 -4.405992718134342567e+00 -6.263816993873265737e-01 1.531266894868197337e+00 -6.263816993873265737e-01 -2.245877017503055684e-01
-3.796133759565420984e+00 -1.730033760132101972e-01 6.989161037981942437e-01 -1.730033760132101972e-01 -2.793741685458695390e+00 4.594904909373418000e+00 6.989161037981942437e-01 4.594904909373418000e+00 -1.751256850936896647e+00
-5.306997687151262966e+00 -1.146082230792646151e+00 9.940477289740144995e-01 -1.146082230792646151e+00 -7.689289070887962652e+00 -1.443607060223662364e+00 9.940477289740144995e-01 -1.443607060223662364e+00 1.292709502687034773e+00
-4.044280291242892567e+00 2.784942829411078957e-01 -1.135297031577507498e+00 2.784942829411078957e-01 -8.668818837935830857e+00 -1.562960536199933914e+00 -1.135297031577507498e+00 -1.562960536199933914e+00 8.212530935729877024e-01
-6.241216760308929135e-02 -5.164383646742306544e-01 9.231332184705786092e-01 -5.164383646742306544e-01 -4.132793006160571103e+00 4.003790930374582224e-01 9.231332184705786092e-01 4.003790930374582224e-01 4.015631957841475419e+00
-2.365052822935300281e+00 1.707698794841490564e+00 7.818987091367042286e-01 1.707698794841490564e+00 -3.067681833782938572e+00 5.932975016801581569e-01 7.818987091367042286e-01 5.932975016801581569e-01 3.613079716027886690e+00
-4.597680376532720103e+00 1.373503037503072122e+00 -2.791691853466445217e+00 1.373503037503072122e+00 -6.517974313326135416e+00 -1.369540876046972500e+00 -2.791691853466445217e+00 -1.369540876046972500e+00 3.850775087012171749e+00
-1.702160611075325125e-01 -3.473966139260086461e+00 -3.265780180960012657e+00 -3.473966139260086461e+00 8.744791919845851247e-01 5.678538210347416904e-01 -3.265780180960012657e+00 5.678538210347416904e-01 2.533571664340195650e-01
2.808012038370374608e+00 -2.465586737478104862e+00 -1.629987465883957487e+00 -2.465586737478104862e+00 1.446811393640715426e+00 3.912150404591443920e+00 -1.629987465883957487e+00 3.912150404591443920e+00 1.589689437780522185e+00
5.231700882004994391e+00 -1.240333839230654434e+00 -9.025130297235178789e-01 -1.240333839230654434e+00 -4.107508434675992248e+00 1.741023978573290332e-01 -9.025130297235178789e-01 1.741023978573290332e-01 6.652340697707565198e+00
-3.342956756520579553e+00 8.878359117031612430e-03 2.382188711497231992e+00 8.878359117031612430e-03 -3.885072758192638531e+00 -5.020091135495520218e-01 2.382188711497231992e+00 -5.020091135495520218e-01 -3.910288532261775529e+00
4.983417401780405598e+00 8.882675333399460138e-01 1.333740308185660250e+00 8.882675333399460138e-01 2.206869151011944474e+00 3.824354291829303421e+00 1.333740308185660250e+00 3.824354291829303421e+00 2.819987953589147889e+00
-1.584791329696266571e+00 -8.497303273164585891e-01 -8.087301901705912233e-01 -8.497303273164585891e-01 -4.506664980558958256e+00 -6.008506225836558468e-01 -8.087301901705912233e-01 -6.008506225836558468e-01 -1.016591350584523878e+00
3.378207361203333203e+00 5.407028511500776291e-02 -4.549299129549233545e-01 5.407028511500776291e-02 -2.276853254057998210e+00 1.603156082378992889e-02 -4.549299129549233545e-01 1.603156082378992889e-02 -4.388704808501462828e+00
