-4.140653181303496910e-01 4.171689932428396475e+00 2.821968648891018727e+00 4.171689932428396475e+00 8.781544550006781691e+00 1.626560854601080131e+00 2.821968648891018727e+00 1.626560854601080131e+00 5.586623451452256361e+00
-1.540522921136564971e+00 6.251484947140736992e+00 4.760262724888650432e+00 6.251484947140736992e+00 -8.863211394677344757e+00 1.723870618873126981e+00 4.760262724888650432e+00 1.723870618873126981e+00 3.319394513049800377e+00
1.012745491900663541e+00 1.584811288997107104e+00 -2.021272005045141373e+00 1.584811288997107104e+00 -4.275224586934254667e+00 -1.520222795944247363e+00 -2.021272005045141373e+00 -1.520222795944247363e+00 -9.313157366259865455e-01
-4.387844720036774504e+00 2.429884712216273002e+00 3.560388901122059746e+00 2.429884712216273002e+00 1.192571250256047932e+00 8.903166733760319307e-01 3.560388901122059746e+00 8.903166733760319307e-01 1.474607202603640088e+00
-2.009545239420385876e+00 4.286603873938439335e+00 2.026914896364193641e+00 4.286603873938439335e+00 -2.481648379520474901e+00 1.954512376336754897e+00 2.026914896364193641e+00 1.954512376336754897e+00 6.774075224167695808e+00
-4.335307816526968949e+00 5.081125781618363924e+00 3.720756418031467394e+00 5.081125781618363924e+00 1.813545691255906256e+00 2.723242269320105713e+00 3.720756418031467394e+00 2.723242269320105713e+00 4.617204902242336928e+00
1.045554641190096001e+00 4.844698594810107117e+00 2.404615653424111876e+00 4.844698594810107117e+00 6.874298146297586953e+00 2.392806901138792242e+00 2.404615653424111876e+00 2.392806901138792242e+00 9.052668281649248527e+00
-1.095134276315666710e+01 5.211841709062735362e+00 3.714619278235623323e+00 5.211841709062735362e+00 -7.173436183443197223e+00 2.169942670989719602e+00 3.714619278235623323e+00 2.169942670989719602e+00 -9.634702931668536197e-01
3.304967151254930346e+00 -4.312889339979388836e+00 2.034759585665854686e+00 -4.312889339979388836e+00 -7.307660997512956946e+00 9.778092468482767474e-01 2.034759585665854686e+00 9.778092468482767474e-01 1.487049459235173288e+00
4.290489409732868298e-01 3.884233545972094248e+00 -2.385153664663609785e+00 3.884233545972094248e+00 -1.384526698669674261e+01 3.359037541537229998e+00 -2.385153664663609785e+00 3.359037541537229998e+00 -1.113862689854445254e+00
-5.421062719101984229e+00 6.491766200821421862e+00 7.268113759181036304e-01 6.491766200821421862e+00 -1.114223817608552558e+01 -3.284388261014167809e-01 7.268113759181036304e-01 -3.284388261014167809e-01 5.281771445579949820e+00
-2.238336292164570196e+00 6.505355868654962848e+00 5.159673537078915295e+00 6.505355868654962848e+00 -1.699420026027597785e+00 2.218921405984657813e+00 5.159673537078915295e+00 2.218921405984657813e+00 6.039039597264223680e+00
-1.603249862196437281e+00 6.447055612264749769e+00 5.442008215451686226e+00 6.447055612264749769e+00 -3.515767793580495404e+00 1.701741239597663657e+00 5.442008215451686226e+00 1.701741239597663657e+00 2.456235298300818215e+00
3.929330639044187556e+00 -3.530795330990204040e+00 2.152084638184752485e+00 -3.530795330990204040e+00 -1.783004472605703938e+00 2.043233167776211001e+00 2.152084638184752485e+00 2.043233167776211001e+00 7.154010260096532292e+00
-5.727906351350470215e-01 4.172886605558655759e+00 -9.592762759565541808e-01 4.172886605558655759e+00 -1.010429169415923845e+01 3.646099094237441385e+00 -9.592762759565541808e-01 3.646099094237441385e+00 8.694001033647560384e-01
5.191022526547503624e+00 1.128938821163734396e-01 3.303095759554397937e+00 1.128938821163734396e-01 -6.116322272031859519e+00 1.538267002252592164e+00 3.303095759554397937e+00 1.538267002252592164e+00 6.156414996324818922e+00
-5.364539170867141493e+00 1.043412468614005384e+01 1.326257265075852398e+00 1.043412468614005384e+01 -1.113498201729669468e+01 -4.774936779117949226e-01 1.326257265075852398e+00 -4.774936779117949226e-01 5.970439506645188743e+00
-3.618435054231978754e+00 7.852277148007520413e-01 -6.168066222570846691e+00 7.852277148007520413e-01 -1.114094038644960172e+01 3.365814263308231968e+00 -6.168066222570846691e+00 3.365814263308231968e+00 4.072904409124791236e+00
8.276244668314282293e+00 4.960457618913953759e+00 1.791755171904425348e+00 4.960457618913953759e+00 5.957995994556053887e+00 2.703644763694029951e+00 1.791755171904425348e+00 2.703644763694029951e+00 5.332115130853812168e+00
2.021661074877115216e-01 2.319970111573185001e+00 -1.884419814721557396e+00 2.319970111573185001e+00 -5.399435626456547510e+00 -2.167665305383888352e+00 -1.884419814721557396e+00 -2.167665305383888352e+00 -1.574504223795303304e+00
2.284237445803904087e+00 -5.892731549267163915e-01 2.157593500719051927e-01 -5.892731549267163915e-01 -3.415120037738541559e+00 -2.294908222452839208e+00 2.157593500719051927e-01 -2.294908222452839208e+00 6.855298776196203647e-01
2.324307499726279591e+00 5.294771065897034390e+00 2.557729036089074093e+00 5.294771065897034390e+00 6.810626960204729130e+00 3.759400333362190594e+00 2.557729036089074093e+00 3.759400333362190594e+00 5.702790226477572944e+00
9.964224176044655934e-01 1.060225840290293542e+00 -8.932650540879105705e-01 1.060225840290293542e+00 -4.878127889040899667e+00 -1.894395721308419211e-01 -8.932650540879105705e-01 -1.894395721308419211e-01 7.807725896492837547e-01
-4.924800065673123228e+00 9.985239555004122636e+00 2.566821663337029324e+00 9.985239555004122636e+00 -1.371322833063092439e+01 9.259277008859579938e-01 2.566821663337029324e+00 9.259277008859579938e-01 6.939841344086223884e+00
2.469460415291336641e+00 -5.150899804725328490e-01 2.794152154439268010e+00 -5.150899804725328490e-01 3.862163996017139667e+00 2.435869834749941010e+00 2.794152154439268010e+00 2.435869834749941010e+00 8.104320090183385616e+00
-4.261828401866263327e+00 6.239368339592912704e+00 3.341912336699532915e+00 6.239368339592912704e+00 -5.176636998914462495e+00 1.567929717051765870e+00 3.341912336699532915e+00 1.567929717051765870e+00 7.158039035398672034e+00
4.690146218813879386e+00 1.685736294854619510e+00 6.524383897579070890e+00 1.685736294854619510e+00 1.314108863578129283e+00 1.000782432548164458e+00 6.524383897579070890e+00 1.000782432548164458e+00 1.575471761905890844e+01
-2.729674451804648072e+00 2.796085222098961154e+00 1.114315635649587133e+00 2.796085222098961154e+00 -1.180355851029633252e+00 -1.423704556870485083e-01 1.114315635649587133e+00 -1.423704556870485083e-01 5.962542117023924781e+00
