-1.238182126851927078e+00 -3.354458015294063955e+00 -6.236474101963922045e+00 -3.354458015294063955e+00 -7.203636459282326321e+00 -8.581460285112363362e-01 -6.236474101963922045e+00 -8.581460285112363362e-01 -2.305998808025957469e+00
-3.588335262531451075e+00 5.763750303231626404e+00 2.137856884119624865e-02 5.763750303231626404e+00 5.651733175928138841e+00 6.472432679776284337e-01 2.137856884119624865e-02 6.472432679776284337e-01 -5.719387158455991660e+00
-3.551139543746936855e+00 2.455571252714925823e+00 1.225585769622576038e+00 2.455571252714925823e+00 -2.070362465465812374e+00 -1.064730659685307002e+00 1.225585769622576038e+00 -1.064730659685307002e+00 -9.974626080677085227e+00
-2.052316664524558742e+00 7.336710680398771389e-01 -5.033740825350487391e+00 7.336710680398771389e-01 -5.773230962695778068e+00 4.197925772158845326e-01 -5.033740825350487391e+00 4.197925772158845326e-01 2.588958963406492453e-01
-2.791435195995318530e+00 1.114014739359743933e+00 1.834796398907387216e+00 1.114014739359743933e+00 1.252515556223479098e-01 -1.089201635268100127e-01 1.834796398907387216e+00 -1.089201635268100127e-01 -3.036632360453122015e+00
-6.222812823887180045e+00 -3.840973449724888855e+00 -1.579229962955338129e+00 -3.840973449724888855e+00 9.805647067627086821e-01 -1.759474581865062781e+00 -1.579229962955338129e+00 -1.759474581865062781e+00 1.612403554197740174e+00
7.078622712296660069e+00 8.684588909933979028e-01 3.366248427279027178e-01 8.684588909933979028e-01 -2.162400831668044976e+00 -2.396095616163512521e+00 3.366248427279027178e-01 -2.396095616163512521e+00 -1.723578989354523694e+00
1.112138912251560141e+00 -1.819595281015434107e+00 -4.467194451220141693e-01 -1.819595281015434107e+00 1.436333843385105169e+01 9.411243449156985186e-01 -4.467194451220141693e-01 9.411243449156985186e-01 5.611488854314004016e-01
-7.375549086517517061e+00 6.982976692691629239e-01 1.061952670575377455e+00 6.982976692691629239e-01 -5.431089813694718771e+00 -5.721268529274477821e+00 1.061952670575377455e+00 -5.721268529274477821e+00 -6.077328264693171889e+00
-1.381808051760907929e+00 3.992698040549120364e+00 -1.378463045955557797e+00 3.992698040549120364e+00 -3.825629940140289342e+00 2.508156771276182084e+00 -1.378463045955557797e+00 2.508156771276182084e+00 9.977882676368799997e-01
6.993603677449117484e+00 4.249438614470999909e+00 -4.130293966845120401e+00 4.249438614470999909e+00 5.262223159935087047e+00 1.283863387102813336e+00 -4.130293966845120401e+00 1.283863387102813336e+00 -3.132473137827548548e+00
1.016742284666111384e+00 2.354417829482259972e+00 -4.533111222883218439e+00 2.354417829482259972e+00 -9.630802966350712424e+00 -2.247503255419851076e+00 -4.533111222883218439e+00 -2.247503255419851076e+00 4.354824233544712930e-02
9.974930308177755167e-01 3.227327934111542618e+00 1.422751339903121359e-01 3.227327934111542618e+00 -4.458048940906850000e+00 1.934645303712442033e+00 1.422751339903121359e-01 1.934645303712442033e+00 -6.497628013330897900e+00
4.586560554141895230e-01 -4.574044277264387448e-01 -4.045297071336158012e+00 -4.574044277264387448e-01 6.860375109906254876e-01 6.650145319795099930e-01 -4.045297071336158012e+00 6.650145319795099930e-01 2.397885788765230508e-01
7.241984798869557594e+00 -7.985040137852021935e-01 4.755573632480053492e-01 -7.985040137852021935e-01 5.493707614842191500e-01 -2.590079404575294397e+00 4.755573632480053492e-01 -2.590079404575294397e+00 -1.430550786063425228e+00
2.206894507060503940e+00 -3.161484934566334282e-01 -1.846496369767198109e+00 -3.161484934566334282e-01 3.330523694811702295e+00 -1.996166497618433899e+00 -1.846496369767198109e+00 -1.996166497618433899e+00 -8.995841139522921637e+00
3.018118622424960762e+00 -2.724293547162633722e+00 1.954488494408910038e+00 -2.724293547162633722e+00 7.423989128933601300e-01 -1.591296789305296278e+00 1.954488494408910038e+00 -1.591296789305296278e+00 3.587021550249584134e+00
3.303008543830288968e+00 -8.239047907715227881e-01 -1.714477720603740929e+00 -8.239047907715227881e-01 1.442573810218793051e+00 -3.569517387710157585e+00 -1.714477720603740929e+00 -3.569517387710157585e+00 -1.093914102629307905e+01
-1.975392899905232813e+00 1.033513985062306961e+00 -7.988379172696454811e-01 1.033513985062306961e+00 6.428871875152792903e-01 3.566173350137987530e+00 -7.988379172696454811e-01 3.566173350137987530e+00 9.718188628155182585e+00
4.974265506026280370e+00 4.248791864303162136e+00 -7.533928322396540311e-01 4.248791864303162136e+00 5.859231037803195541e+00 -3.946431284126148409e+00 -7.533928322396540311e-01 -3.946431284126148409e+00 2.464493915466746898e+00
-6.475626561726966379e+00 -1.152456148358217414e+00 1.244690411193161372e+00 -1.152456148358217414e+00 -1.139228695043793982e+00 1.801796933689761682e+00 1.244690411193161372e+00 1.801796933689761682e+00 -6.406595551770001506e+00
2.280083690617392550e-02 -3.331465297629705447e+00 6.749935039631753397e-02 -3.331465297629705447e+00 -4.637807479108484177e-02 -1.358535341151424269e+00 6.749935039631753397e-02 -1.358535341151424269e+00 -1.314217105691682264e+00
-5.142809346628542944e-01 -4.748729451175804250e+00 -3.427321583824947115e+00 -4.748729451175804250e+00 -8.769990932833376940e-01 3.824812835713391923e+00 -3.427321583824947115e+00 3.824812835713391923e+00 -6.971857374780746852e+00
-1.191409035640693403e+01 2.837258197389961101e+00 1.952749120904356595e+00 2.837258197389961101e+00 -7.551670858672166808e+00 5.227381011493311691e-01 1.952749120904356595e+00 5.227381011493311691e-01 -5.560132924636835838e-01
-5.946431311141376241e+00 -5.382119212112717044e-01 1.986069092981200157e+00 -5.382119212112717044e-01 -2.050616840429585697e+00 1.787993453574747704e+00 1.986069092981200157e+00 1.787993453574747704e+00 2.460103920156877511e+00
-7.001677712661550146e+00 -2.260242266236956343e+00 -1.360761488953228682e+00 -2.260242266236956343e+00 -5.365403864764734188e+00 3.100384110447796382e-01 -1.360761488953228682e+00 3.100384110447796382e-01 -8.935460930015908687e+00
5.232433206436375883e+00 -2.959948806458704951e+00 2.871993922477654060e+00 -2.959948806458704951e+00 -2.842643223648745332e-01 2.430536978435712536e-01 2.871993922477654060e+00 2.430536978435712536e-01 -8.763841988565195251e+00
-2.862082684179774184e+00 2.041332700688533119e+00 -5.860315518309398009e+00 2.041332700688533119e+00 -4.563109179575570273e+00 -1.722460928183310314e+00 -5.860315518309398009e+00 -1.722460928183310314e+00 5.874694653744302331e-01
9.631441736945012266e+00 3.455694294794977139e+00 8.755966250507331017e-01 3.455694294794977139e+00 1.405117730416335853e+01 -9.432121609016590469e-01 8.755966250507331017e-01 -9.432121609016590469e-01 -6.143538030924543314e+00
-2.578577846805740759e+00 1.750429315573664546e+00 1.684022419860320863e+00 1.750429315573664546e+00 -2.186874444052789190e+00 1.146172813380885280e+00 1.684022419860320863e+00 1.146172813380885280e+00 -6.365413532211396941e+00
