-1.206334736016606846e-01 5.981798585099975529e-01 1.955723337245946380e+00 5.981798585099975529e-01 6.517420387356682651e-03 1.026317771256436640e+00 1.955723337245946380e+00 1.026317771256436640e+00 3.822558851838037675e-01
3.948915297623561749e+00 2.540499814075023455e+00 9.279249481067959326e-01 2.540499814075023455e+00 3.617085619468107804e+00 -3.473597900212290757e+00 9.279249481067959326e-01 -3.473597900212290757e+00 9.613310409304503423e+00
3.615963021559782220e+00 1.916472505463560905e-01 1.212169811280928489e+00 1.916472505463560905e-01 -1.395778154316779984e+00 -9.675616899480382269e-03 1.212169811280928489e+00 -9.675616899480382269e-03 -1.954390875075135980e+00
9.430009019242849178e+00 4.292338608195957824e-04 8.652809575252169488e-04 4.292338608195957824e-04 9.551965941602702515e+00 4.278712136423906513e-03 8.652809575252169488e-04 4.278712136423906513e-03 -1.558820678071393129e+00
3.176729059159188573e+00 2.349544545917243266e+00 5.327887952275981442e-01 2.349544545917243266e+00 -3.744268489312788883e+00 1.877612005382682137e+00 5.327887952275981442e-01 1.877612005382682137e+00 -4.928511512062153876e+00
5.631258019716649521e+00 -3.736314941483727115e+00 1.689860870256972403e+00 -3.736314941483727115e+00 6.277463190986012354e-01 1.247819936693980614e+00 1.689860870256972403e+00 1.247819936693980614e+00 3.891543714069350735e+00
-1.067193198675118859e+00 -1.609864378396468787e+00 -2.992319396616119342e-01 -1.609864378396468787e+00 8.530488834965852973e+00 -8.208004927016498975e-01 -2.992319396616119342e-01 -8.208004927016498975e-01 -2.536223095587331944e+00
1.348874687537287287e-01 1.109752535587376077e+00 1.418539417790777746e+00 1.109752535587376077e+00 -2.908097460581756888e+00 2.095851886358615523e+00 1.418539417790777746e+00 2.095851886358615523e+00 -1.080012488061319997e+00
5.994783082131116103e+00 -3.126432969027119757e-01 -2.082023338725697836e-01 -3.126432969027119757e-01 3.290330525843794263e+00 -1.584515521487615874e+00 -2.082023338725697836e-01 -1.584515521487615874e+00 -1.911685101402727627e+00
3.926454551073841337e+00 -2.678282657906337683e+00 -1.454720334490655853e+00 -2.678282657906337683e+00 1.013406116096473131e+00 2.111003673564744165e+00 -1.454720334490655853e+00 2.111003673564744165e+00 -2.344433809607447405e-01
6.142213690147202421e+00 -8.684125359640516573e-01 -5.733950408796444353e-01 -8.684125359640516573e-01 -7.848484110666130720e-01 2.718035512311762769e-01 -5.733950408796444353e-01 2.718035512311762769e-01 7.475231525538755584e+00
8.699128458632229055e+00 -7.431947017834973357e-01 -2.269804071139657875e+00 -7.431947017834973357e-01 7.219853487594271257e+00 1.328978924174492593e-01 -2.269804071139657875e+00 1.328978924174492593e-01 -6.903788235054188149e+00
-1.432996978878176453e+00 4.219028489301275275e-01 -7.179681030000591990e-01 4.219028489301275275e-01 -2.315956275925985519e-01 -3.284980783989185582e+00 -7.179681030000591990e-01 -3.284980783989185582e+00 3.175045954820338689e+00
-4.069059394704001242e+00 1.079794112056741584e+00 -3.142282874203496390e-01 1.079794112056741584e+00 8.471269062788688853e-01 4.804951229137829349e-01 -3.142282874203496390e-01 4.804951229137829349e-01 -6.425821649301122207e+00
2.590461791731094809e+00 -2.225610075873069693e+00 -7.166244076981269640e-01 -2.225610075873069693e+00 -1.380609780459918889e+00 -6.069712851116419727e-02 -7.166244076981269640e-01 -6.069712851116419727e-02 1.676160353770297595e+00
5.597971327631256599e+00 2.513395110008099564e+00 2.917635084838761106e+00 2.513395110008099564e+00 9.917114107183483185e+00 4.414986878416229388e-01 2.917635084838761106e+00 4.414986878416229388e-01 1.285270421944357544e+01
2.322712416776433919e+00 -2.815401956433085107e-01 1.122818416349432802e+00 -2.815401956433085107e-01 2.362433963519481317e+00 1.229913400770402676e+00 1.122818416349432802e+00 1.229913400770402676e+00 6.710914316355919063e+00
3.408909786899962935e+00 3.937999479481819054e-01 -2.218205218675544377e-01 3.937999479481819054e-01 -4.235189848575816818e+00 -9.680309816429202296e-01 -2.218205218675544377e-01 -9.680309816429202296e-01 -2.732374177510727531e+00
1.739140902665322841e+00 -2.225111071316496769e+00 1.412128440345105318e+00 -2.225111071316496769e+00 5.081672907010228446e-01 2.120470933977057104e+00 1.412128440345105318e+00 2.120470933977057104e+00 2.316426517754310410e+00
3.070794446357449914e+00 1.656090160810842038e+00 1.120049836874355886e+00 1.656090160810842038e+00 3.620325426914369871e+00 -1.372251372537395042e+00 1.120049836874355886e+00 -1.372251372537395042e+00 -3.183831111020092308e+00
8.231846565426760520e+00 3.109595227496452896e+00 3.012123580489145525e-01 3.109595227496452896e+00 7.665793840503311252e+00 -3.474878605926756236e+00 3.012123580489145525e-01 -3.474878605926756236e+00 7.700812382904308473e-01
4.118230871029549434e+00 4.872756306145148986e-01 3.674989335368152865e-01 4.872756306145148986e-01 4.039443034122594867e+00 -7.331022084216031187e-01 3.674989335368152865e-01 -7.331022084216031187e-01 5.187214862859976350e+00
-7.421076372257620513e+00 -6.561004489172288512e-01 9.116712803319303449e-01 -6.561004489172288512e-01 -3.286036414727220745e+00 -3.179586889921929505e+00 9.116712803319303449e-01 -3.179586889921929505e+00 7.437036665228947963e-02
-2.206522068909857026e+00 -3.992831673669027026e+00 -7.708110660580576035e-01 -3.992831673669027026e+00 -7.735699385192376099e+00 5.076325328571353879e-01 -7.708110660580576035e-01 5.076325328571353879e-01 1.241749427816563500e+00
8.241072413120678064e+00 -1.356617825064388771e+00 -3.651487490562271176e+00 -1.356617825064388771e+00 3.669891505738831938e+00 -1.687610692498691112e+00 -3.651487490562271176e+00 -1.687610692498691112e+00 -4.390956849853807853e+00
1.079782467924361278e+01 4.812805888166343138e+00 -5.312251325726087270e-01 4.812805888166343138e+00 6.396187298045726832e-01 -4.142761541691026395e+00 -5.312251325726087270e-01 -4.142761541691026395e+00 -6.975224113958075067e-01
-9.446904045065589450e-01 5.521267389807651416e-01 -1.325957774528272015e+00 5.521267389807651416e-01 -1.562692870862250505e+00 1.397191703672074459e+00 -1.325957774528272015e+00 1.397191703672074459e+00 -3.125030074651819145e+00
9.543483462924601923e+00 -2.557007428025306200e-02 -2.355335645798956046e-02 -2.557007428025306200e-02 9.570906737365854511e+00 -2.362148881684981647e-02 -2.355335645798956046e-02 -2.362148881684981647e-02 -1.483977281863404940e+00
-6.438149696564050839e-02 -3.086604384160008152e+00 -1.378342988656078294e-01 -3.086604384160008152e+00 -1.382375539740365422e+00 1.035413606044913726e+00 -1.378342988656078294e-01 1.035413606044913726e+00 -1.646256085069720987e+00
8.793742116640508755e+00 -2.530953256419721242e+00 -1.808300643963919985e+00 -2.530953256419721242e+00 2.769038901886836435e+00 -2.461744823048880537e+00 -1.808300643963919985e+00 -2.461744823048880537e+00 3.478569897589026461e+00
5.821808929670082566e-01 -5.047635696142231954e-01 -1.455506843960518160e-01 -5.047635696142231954e-01 -1.083099809954230830e+00 5.811760405758604753e-01 -1.455506843960518160e-01 5.811760405758604753e-01 -5.868782138186714015e+00
6.453673416884743164e-01 3.429331495418880937e+00 -3.443480752820526458e+00 3.429331495418880937e+00 -2.936900627980341127e+00 -9.311775529589366718e-01 -3.443480752820526458e+00 -9.311775529589366718e-01 -5.033879629898425634e-01
3.520077581154911428e+00 3.424367303644982208e+00 -1.157876995019681887e+00 3.424367303644982208e+00 2.672354617337978855e+00 6.987077822219869283e-01 -1.157876995019681887e+00 6.987077822219869283e-01 2.904407116028117297e+00
2.792274154902869121e+00 -3.805576927616089594e-02 1.536862307514567538e+00 -3.805576927616089594e-02 -2.923950330638823480e+00 -3.121215888732705723e-01 1.536862307514567538e+00 -3.121215888732705723e-01 -5.632996143163344627e+00
6.552443308348820938e-01 1.490927005626836221e+00 1.454643789396369069e+00 1.490927005626836221e+00 2.976033419513121281e+00 -1.039334638564686886e+00 1.454643789396369069e+00 -1.039334638564686886e+00 2.084955821752041860e+00
2.481572176522432116e+00 1.077672020298251043e+00 -2.666864999896797261e+00 1.077672020298251043e+00 -2.743886260200639526e+00 1.343183737526978838e+00 -2.666864999896797261e+00 1.343183737526978838e+00 6.587665776749885849e-01
-7.595968301910221987e-01 3.237567812075207718e-01 -2.667316701110150401e+00 3.237567812075207718e-01 -1.333673411461790526e+00 1.806329846911078618e-01 -2.667316701110150401e+00 1.806329846911078618e-01 -9.114258307889343547e-01
9.384987156507994754e+00 3.645762522612153861e-02 1.044809723121984252e-01 3.645762522612153861e-02 9.600190025203991340e+00 6.935874131973785058e-03 1.044809723121984252e-01 6.935874131973785058e-03 -1.659125136785458254e+00
-1.498335818544745734e+00 -2.781043462953882273e+00 6.616561008636974162e-01 -2.781043462953882273e+00 8.832297777167362751e-01 -9.925916926883678881e-01 6.616561008636974162e-01 -9.925916926883678881e-01 -4.199591249552970140e+00
9.432543542992451790e+00 -6.072637145214376114e-02 -1.026413986229715997e-01 -6.072637145214376114e-02 9.665849179437616456e+00 -6.888862804360211534e-02 -1.026413986229715997e-01 -6.888862804360211534e-02 -1.294467125693610443e+00
2.941676714104394019e+00 1.633124554633003545e+00 2.312516539280745631e-01 1.633124554633003545e+00 -5.738549908174752634e-01 -6.011987015918203170e-01 2.312516539280745631e-01 -6.011987015918203170e-01 1.330336008128387704e+00
9.331421495972064051e+00 -1.509813072343212971e-02 1.301191789513117536e-01 -1.509813072343212971e-02 9.611656701200169906e+00 -3.717301499415419375e-02 1.301191789513117536e-01 -3.717301499415419375e-02 -1.785769565434897066e+00
2.810715116020180204e+00 2.004719669527995407e+00 -7.390369275536470273e-01 2.004719669527995407e+00 -4.213696324451929875e+00 1.097367070037040149e+00 -7.390369275536470273e-01 1.097367070037040149e+00 3.280616819034159803e+00
-4.195716824254475341e+00 -3.368188582349756821e+00 1.103512476825925459e+00 -3.368188582349756821e+00 3.941698542281597550e+00 -2.645358652410287448e+00 1.103512476825925459e+00 -2.645358652410287448e+00 -2.259355160399701967e-01
5.834683990069268411e+00 1.444651996534757510e+00 7.317527284961831135e-01 1.444651996534757510e+00 -2.721083433239451788e-01 8.783998622294958425e-01 7.317527284961831135e-01 8.783998622294958425e-01 -1.654879258578077161e+00
2.106495865311863724e+00 -9.901590530552185632e-01 -9.723424810032429422e-01 -9.901590530552185632e-01 1.528643514459451236e+00 -9.597836344666055286e-02 -9.723424810032429422e-01 -9.597836344666055286e-02 -1.549222879686153354e+00
-8.036495434432593399e-01 -2.783017625545545215e+00 -4.567162041668253458e-01 -2.783017625545545215e+00 4.675043428366297826e-01 9.761969033769118953e-02 -4.567162041668253458e-01 9.761969033769118953e-02 4.656712235710323000e+00
7.320274764576542026e+00 2.072343790415265730e+00 -6.770711470360454287e-01 2.072343790415265730e+00 3.412574903099335755e-01 -1.254796101135199904e-01 -6.770711470360454287e-01 -1.254796101135199904e-01 2.980506427078115639e+00
6.781131589135523718e+00 -1.342903418047960984e-01 -1.671070986979089845e+00 -1.342903418047960984e-01 6.636591696573129973e+00 -3.159780329376810748e+00 -1.671070986979089845e+00 -3.159780329376810748e+00 5.458894055233428411e+00
3.719388997545487907e+00 1.626456661583286278e+00 -4.086594431411877393e-01 1.626456661583286278e+00 1.763334113376531009e+00 3.038231525409934797e+00 -4.086594431411877393e-01 3.038231525409934797e+00 2.628079067601738483e+00
-2.919655609900582149e+00 -3.125271468766555483e+00 -1.926098919121075337e-01 -3.125271468766555483e+00 -4.271204340647625664e+00 -3.896670886374680731e-01 -1.926098919121075337e-01 -3.896670886374680731e-01 -3.150547517705187817e-01
5.872109983938991640e+00 -2.122207990876304962e+00 1.113845397511104229e+00 -2.122207990876304962e+00 -3.091932537135289483e+00 8.760763981879877704e-01 1.113845397511104229e+00 8.760763981879877704e-01 -1.456239617206580350e+00
2.469662993131314543e+00 1.162721713653767086e+00 -3.005459786031571934e+00 1.162721713653767086e+00 -1.025998766515180849e+00 7.341611677303322425e-01 -3.005459786031571934e+00 7.341611677303322425e-01 -9.523704377670590970e-01
6.262742765857389315e+00 1.048928545958518477e+00 -2.982037160749483995e+00 1.048928545958518477e+00 3.691882773011295971e+00 1.291024374026894961e+00 -2.982037160749483995e+00 1.291024374026894961e+00 -7.174683831161297043e-01
6.473874770278660762e+00 -1.419777029186961137e+00 -8.743824385842758895e-01 -1.419777029186961137e+00 5.949824468489453011e+00 1.481072866739515659e+00 -8.743824385842758895e-01 1.481072866739515659e+00 -3.558213162773862237e+00
9.210494454450913082e+00 5.012834136059322043e-01 -6.312027741151090554e-01 5.012834136059322043e-01 -1.562623467948405676e+00 2.552432898351467472e+00 -6.312027741151090554e-01 2.552432898351467472e+00 9.503606988604705208e+00
4.517382805300234949e+00 6.433979457975687044e-01 8.334086900367950745e-01 6.433979457975687044e-01 2.161276009225559402e+00 -9.589397029753322643e-01 8.334086900367950745e-01 -9.589397029753322643e-01 3.300679662367626666e+00
7.446866629862732845e-01 2.789527499239227382e+00 7.556851121626859680e-01 2.789527499239227382e+00 1.746477351095048647e+00 -1.375363707322330153e+00 7.556851121626859680e-01 -1.375363707322330153e+00 6.331058685291813148e+00
9.146447893323379930e+00 6.615217743705502640e-01 8.195941668363663224e-01 6.615217743705502640e-01 3.445248857456773894e+00 1.863296878846373961e+00 8.195941668363663224e-01 1.863296878846373961e+00 -1.070328127146282782e+00
-7.701789204524586152e-01 -2.890818221129989318e+00 5.450376691527738515e-01 -2.890818221129989318e+00 7.211199889908989635e-02 3.722345475803757742e-01 5.450376691527738515e-01 3.722345475803757742e-01 3.956269209495679284e+00
4.235705274953676991e+00 3.285789817581277639e+00 7.919983166254509488e-01 3.285789817581277639e+00 2.628708883271773544e+00 7.281149433657563286e-01 7.919983166254509488e-01 7.281149433657563286e-01 1.841288717613630777e+00
5.597725238815797200e-01 -7.892126245077886182e-01 3.806647448799082567e-01 -7.892126245077886182e-01 9.372345788149325507e-01 -3.435454166130788245e+00 3.806647448799082567e-01 -3.435454166130788245e+00 -2.621477614382217602e+00
5.092841297642467069e+00 -8.096336547376394022e-02 -7.126837525817589780e-01 -8.096336547376394022e-02 3.205903663418336436e+00 -1.872610422565718524e+00 -7.126837525817589780e-01 -1.872610422565718524e+00 8.804780614875561184e+00
3.654670560777320443e+00 1.045438772781142722e+00 1.264707084340570997e+00 1.045438772781142722e+00 2.174317064789518028e+00 3.528786901954032440e-01 1.264707084340570997e+00 3.528786901954032440e-01 2.042510090484824570e+00
4.874841418353519806e+00 -3.401762454158665960e+00 -1.036502591438377419e+00 -3.401762454158665960e+00 3.976157130177657262e+00 4.441662110308560729e-01 -1.036502591438377419e+00 4.441662110308560729e-01 1.342154253961790111e+00
3.954660060750108119e+00 -3.313481143934854600e+00 -3.055624396333207482e-01 -3.313481143934854600e+00 -5.334670012213227341e-01 -8.989494823488521913e-01 -3.055624396333207482e-01 -8.989494823488521913e-01 -1.979335722140550535e+00
-1.165222961288043396e-01 1.276893120364968048e+00 -7.268974682940707588e-01 1.276893120364968048e+00 1.168962657162175400e+00 1.531373901842020047e+00 -7.268974682940707588e-01 1.531373901842020047e+00 -1.475743953300873157e+00
-9.023229252560660996e+00 -2.974053453742091957e+00 -1.126482274763641600e+00 -2.974053453742091957e+00 1.643784834667129990e+00 1.524332470577301368e+00 -1.126482274763641600e+00 1.524332470577301368e+00 6.228587556112503698e-01
9.456205911224618177e+00 3.805873565933749064e-02 1.461439097552433113e-02 3.805873565933749064e-02 9.514820179552092583e+00 1.427372918122306496e-02 1.461439097552433113e-02 1.427372918122306496e-02 -1.544621894484916380e+00
3.185432546703788503e+00 -4.178311460007686051e+00 1.067413357103626781e-01 -4.178311460007686051e+00 9.087795421941635254e+00 8.290808509143515748e-02 1.067413357103626781e-01 8.290808509143515748e-02 2.913628066106572323e+00
3.513994343208232118e-01 -1.920233988422349380e+00 -1.185489716660628412e+00 -1.920233988422349380e+00 7.510586353872140686e-01 -1.143620583548464298e+00 -1.185489716660628412e+00 -1.143620583548464298e+00 -3.866209107457982519e+00
9.384987156507994754e+00 3.645762522612153861e-02 1.044809723121984252e-01 3.645762522612153861e-02 9.600190025203991340e+00 6.935874131973785058e-03 1.044809723121984252e-01 6.935874131973785058e-03 -1.659125136785458254e+00
3.779491946979086414e+00 2.652460589719721984e+00 -7.800357717231771737e-01 2.652460589719721984e+00 2.430174310703248075e+00 -1.769077893289461967e+00 -7.800357717231771737e-01 -1.769077893289461967e+00 -9.194260663080584539e-01
-3.601420635763533440e+00 -9.246099756181006546e-01 1.698630056561063251e+00 -9.246099756181006546e-01 -5.984153768997297007e+00 -3.415614653581046323e+00 1.698630056561063251e+00 -3.415614653581046323e+00 5.563576681762824272e+00
6.255739684802208878e+00 4.507288773644821944e+00 1.433616546219256271e+00 4.507288773644821944e+00 -1.471825674074636492e+00 2.523480619355094046e+00 1.433616546219256271e+00 2.523480619355094046e+00 2.372825743103596174e+00
1.001612109005258411e+01 -9.000733615462029880e-01 -1.704743753666967843e+00 -9.000733615462029880e-01 3.742574700586786207e+00 1.458166032689726388e-01 -1.704743753666967843e+00 1.458166032689726388e-01 1.599829887289563768e+00
9.430009019242849178e+00 4.292338608195957824e-04 8.652809575252169488e-04 4.292338608195957824e-04 9.551965941602702515e+00 4.278712136423906513e-03 8.652809575252169488e-04 4.278712136423906513e-03 -1.558820678071393129e+00
2.338867629146409565e-03 2.271514162610863974e-01 4.033436438301695737e-01 2.271514162610863974e-01 5.295758824855240299e+00 -2.300527963580021873e-01 4.033436438301695737e-01 -2.300527963580021873e-01 3.580983975739290281e-01
-2.096904774902421664e+00 -2.010552649607866726e+00 -1.782604444602273741e+00 -2.010552649607866726e+00 -2.600902126271324999e+00 -7.892913094217330894e-01 -1.782604444602273741e+00 -7.892913094217330894e-01 1.804351468073257747e+00
1.643785894688421179e+00 -2.110575777730370639e+00 -7.454958741252443177e-01 -2.110575777730370639e+00 -1.652877307787509631e+00 2.094667726069243674e+00 -7.454958741252443177e-01 2.094667726069243674e+00 1.548206938886762973e+00
-3.211426848013893220e+00 1.296431177507316179e-01 9.334087424279834122e-02 1.296431177507316179e-01 -5.416026514935776248e+00 -1.330779937059665574e+00 9.334087424279834122e-02 -1.330779937059665574e+00 -7.802385460852002685e-01
4.247911687089136912e+00 -2.200646882162672624e-01 7.806045408459907908e-02 -2.200646882162672624e-01 -4.119111183350668837e-01 1.128911403629813792e+00 7.806045408459907908e-02 1.128911403629813792e+00 -6.194284901833960744e-01
-2.613884957484404303e+00 6.459961149589619200e-01 1.760185928681241130e+00 6.459961149589619200e-01 1.253980632700363973e+00 -9.243560620362920588e-01 1.760185928681241130e+00 -9.243560620362920588e-01 4.228488633844201594e+00
6.712373893124426338e+00 2.692710336350810696e+00 2.769888563942334292e-01 2.692710336350810696e+00 -2.675257333739410548e+00 1.891200680873677209e+00 2.769888563942334292e-01 1.891200680873677209e+00 2.643477595620657983e+00
7.044245328710838638e-01 1.196890605745223990e+00 8.129673572100600820e-01 1.196890605745223990e+00 -3.984089563375137200e+00 -1.047194293475221250e-01 8.129673572100600820e-01 -1.047194293475221250e-01 -1.193707109497109675e+00
-3.803526982265038048e-01 6.828775020348643032e-01 1.111511612476982380e+00 6.828775020348643032e-01 -1.320384688238692428e-01 1.629816660371616432e+00 1.111511612476982380e+00 1.629816660371616432e+00 2.950575741583653766e+00
9.330338191466186260e+00 -2.527710513715397331e-03 3.127956595274229007e-02 -2.527710513715397331e-03 9.394661951466151351e+00 4.209898453975050719e-02 3.127956595274229007e-02 4.209898453975050719e-02 -1.210425861039488016e+00
9.319484706699746823e+00 1.552736458425172696e-02 -5.164432801607199940e-03 1.552736458425172696e-02 9.488214493417164164e+00 -1.241644107869256108e-01 -5.164432801607199940e-03 -1.241644107869256108e-01 -1.688442490803025109e+00
-1.876987729044172326e+00 -2.451851829405084615e+00 1.069281487964250654e-01 -2.451851829405084615e+00 4.901377182367207652e+00 6.730399101275471585e-01 1.069281487964250654e-01 6.730399101275471585e-01 -6.324125996396932070e-01
2.503095061255567355e+00 3.917889550399561216e+00 1.382172064313172077e+00 3.917889550399561216e+00 2.925448718944708926e+00 -1.515980187103749488e+00 1.382172064313172077e+00 -1.515980187103749488e+00 -3.530877477176967538e+00
-2.487726448922801037e+00 1.029206222469253307e-01 8.997886076200722894e-01 1.029206222469253307e-01 1.364641014499886396e+00 8.096881238262013669e-01 8.997886076200722894e-01 8.096881238262013669e-01 4.176565511188680691e-01
1.998469328860194683e+00 -5.856884510059786608e-01 1.046508307237472568e+00 -5.856884510059786608e-01 2.792099290055408911e+00 7.374856009607955176e-02 1.046508307237472568e+00 7.374856009607955176e-02 3.823244902307499249e+00
4.724024419372025996e+00 1.089418050380432712e+00 -1.426016993600785765e-01 1.089418050380432712e+00 4.750218467247955267e+00 -3.617004092887874389e+00 -1.426016993600785765e-01 -3.617004092887874389e+00 4.385122447075547214e+00
-2.458712387478806605e+00 -1.407297673499034785e+00 -1.135349965280877615e+00 -1.407297673499034785e+00 6.140241881662455992e-01 -4.820207737296488548e-01 -1.135349965280877615e+00 -4.820207737296488548e-01 2.816161595389581329e+00
-4.294573158218011333e-01 -1.002719872707021231e+00 5.106470712961104219e-01 -1.002719872707021231e+00 -4.659403030880765462e-01 3.351554110133764808e-01 5.106470712961104219e-01 3.351554110133764808e-01 -3.226927491229404588e+00
-1.314045824571614007e+00 3.336966655895488021e-01 -1.297506293398327515e-01 3.336966655895488021e-01 -2.903708987143851949e+00 -1.093427409508665571e+00 -1.297506293398327515e-01 -1.093427409508665571e+00 1.092009260952241334e+01
6.896972474631732020e+00 1.961748488352635711e+00 -1.318599373602079350e+00 1.961748488352635711e+00 3.055389360155459144e+00 -7.310480762779784092e-01 -1.318599373602079350e+00 -7.310480762779784092e-01 -1.917070986547503297e+00
-3.040166083468458957e+00 2.044349660341230890e-01 3.363248839297352077e+00 2.044349660341230890e-01 5.455599854522487746e+00 -2.487905795606861314e+00 3.363248839297352077e+00 -2.487905795606861314e+00 3.228916515514783647e+00
-1.342906503454266209e+00 -1.599631696084318211e+00 -1.886506624772013252e+00 -1.599631696084318211e+00 -2.199508790053419371e+00 5.097092326395840090e-01 -1.886506624772013252e+00 5.097092326395840090e-01 3.665645210922607866e-01
9.456205911224618177e+00 3.805873565933749064e-02 1.461439097552433113e-02 3.805873565933749064e-02 9.514820179552092583e+00 1.427372918122306496e-02 1.461439097552433113e-02 1.427372918122306496e-02 -1.544621894484916380e+00
