1.042716357507413250e+01 -1.294072022581748693e-01 -1.358882119174721070e-01 -1.294072022581748693e-01 1.008583039968447714e+01 2.725472481449702222e-01 -1.358882119174721070e-01 2.725472481449702222e-01 -6.979976406087224916e+00
1.051649805563608808e+01 -5.875506878921600562e-02 -1.026413423350364118e-02 -5.875506878921600562e-02 1.007246268336060524e+01 3.599039558062022692e-01 -1.026413423350364118e-02 3.599039558062022692e-01 -7.044309808698996811e+00
1.081202803912999144e+01 1.029456150889940247e-02 1.158467798567970192e-01 1.029456150889940247e-02 1.025652741465470186e+01 4.500599728038444658e-01 1.158467798567970192e-01 4.500599728038444658e-01 -7.044431517800579634e+00
1.098395228754117703e+01 8.150452836011388980e-02 2.417041333187996688e-01 8.150452836011388980e-02 1.031409581970348199e+01 5.378528047457490358e-01 2.417041333187996688e-01 5.378528047457490358e-01 -7.025424613103361082e+00
1.122516958445364388e+01 1.532419013181882672e-01 3.686771535453135518e-01 1.532419013181882672e-01 1.043486167574926071e+01 6.274509883611355532e-01 3.686771535453135518e-01 6.274509883611355532e-01 -6.972197166011041780e+00
1.149676344463621369e+01 2.238737499368832762e-01 4.959848738011808922e-01 2.238737499368832762e-01 1.058442187674456214e+01 7.178301387116799992e-01 4.959848738011808922e-01 7.178301387116799992e-01 -6.891017195255149552e+00
1.174154073276998567e+01 2.963920896301154850e-01 6.229578940276948584e-01 2.963920896301154850e-01 1.070251013255551342e+01 8.076311708297050362e-01 6.229578940276948584e-01 8.076311708297050362e-01 -6.802027557147678039e+00
1.198590218147334774e+01 3.689307141736116180e-01 7.493325111714254083e-01 3.689307141736116180e-01 1.081947257917682137e+01 8.966512362125719227e-01 7.493325111714254083e-01 8.966512362125719227e-01 -6.693676029463370369e+00
1.222497942668298165e+01 4.408405083589285733e-01 8.748855918794704589e-01 4.408405083589285733e-01 1.093108996775360708e+01 9.849511894110727361e-01 8.748855918794704589e-01 9.849511894110727361e-01 -6.553933695995768360e+00
1.250076210844503422e+01 5.143730905653528529e-01 1.000185111959217554e+00 5.143730905653528529e-01 1.107909837770372441e+01 1.071892057641895990e+00 1.000185111959217554e+00 1.071892057641895990e+00 -6.372445140685181642e+00
1.277667664173380224e+01 5.886460698064074348e-01 1.124368965274453069e+00 5.886460698064074348e-01 1.122861800899849882e+01 1.154542680041916958e+00 1.124368965274453069e+00 1.154542680041916958e+00 -6.183907599907909614e+00
1.304263131354302274e+01 6.626756308442958154e-01 1.247072024520428535e+00 6.626756308442958154e-01 1.137065253054591274e+01 1.234302711279340548e+00 1.247072024520428535e+00 1.234302711279340548e+00 -5.974060823928472708e+00
1.332171028347294950e+01 7.403666073548076376e-01 1.370383629274319226e+00 7.403666073548076376e-01 1.153301247205769897e+01 1.305502535705423073e+00 1.370383629274319226e+00 1.305502535705423073e+00 -5.735784830304261561e+00
1.352780436215357796e+01 8.146902987215217662e-01 1.490013533705322413e+00 8.146902987215217662e-01 1.162490284375289917e+01 1.374755014506176876e+00 1.490013533705322413e+00 1.374755014506176876e+00 -5.527378278693557689e+00
1.378516839987606168e+01 8.900282326014279377e-01 1.609085604754070253e+00 8.900282326014279377e-01 1.177399649319213282e+01 1.439494114123226032e+00 1.609085604754070253e+00 1.439494114123226032e+00 -5.271515319890596629e+00
1.397078492221534063e+01 9.624755753187367313e-01 1.723887714822279538e+00 9.624755753187367313e-01 1.185726580352520010e+01 1.498675164767982793e+00 1.723887714822279538e+00 1.498675164767982793e+00 -5.063565177410828788e+00
1.422346315952687945e+01 1.037772939498115221e+00 1.839004240069578300e+00 1.037772939498115221e+00 1.201747555090901720e+01 1.551334636052914329e+00 1.839004240069578300e+00 1.551334636052914329e+00 -4.772142876095354147e+00
1.443803630561779272e+01 1.111863355086795124e+00 1.950753480173079257e+00 1.111863355086795124e+00 1.215014861405967217e+01 1.595646891454275407e+00 1.950753480173079257e+00 1.595646891454275407e+00 -4.489402490692803838e+00
1.462583344936043339e+01 1.186471034357202914e+00 2.060656798902571030e+00 1.186471034357202914e+00 1.226853100019944698e+01 1.631916203726023529e+00 2.060656798902571030e+00 1.631916203726023529e+00 -4.215293309077518202e+00
1.479264591550513153e+01 1.260561449945883039e+00 2.167659384044333226e+00 1.260561449945883039e+00 1.237804890677392855e+01 1.659706448587485950e+00 2.167659384044333226e+00 1.659706448587485950e+00 -3.938790515131098680e+00
1.265103742662588004e+01 -3.354643518563479976e+00 -2.138885404737487672e+00 -3.354643518563479976e+00 1.395878032206630870e+01 -8.583751082752382189e-01 -2.138885404737487672e+00 -8.583751082752382189e-01 -2.475395400676123625e+00
1.259952275915910569e+01 -3.347675880684363392e+00 -2.155203034505891235e+00 -3.347675880684363392e+00 1.404908051025932814e+01 -9.597597218210147663e-01 -2.155203034505891235e+00 -9.597597218210147663e-01 -2.411091778418350984e+00
1.255847450052362113e+01 -3.338904033282899864e+00 -2.169836070852877885e+00 -3.338904033282899864e+00 1.414504252722965560e+01 -1.057117259968846756e+00 -2.169836070852877885e+00 -1.057117259968846756e+00 -2.330141582114619414e+00
1.252486237616256126e+01 -3.328288104325447527e+00 -2.182026945139229568e+00 -3.328288104325447527e+00 1.424343673825220336e+01 -1.150168618483233152e+00 -2.182026945139229568e+00 -1.150168618483233152e+00 -2.233202700320039646e+00
1.251282102200236857e+01 -3.316545790417579020e+00 -2.192792394222843555e+00 -3.316545790417579020e+00 1.435770001866467460e+01 -1.239501909860408091e+00 -2.192792394222843555e+00 -1.239501909860408091e+00 -2.106738577612806473e+00
1.251440593533967949e+01 -3.303806675668635950e+00 -2.201793505817754237e+00 -3.303806675668635950e+00 1.447957885750296114e+01 -1.324778221814406409e+00 -2.201793505817754237e+00 -1.324778221814406409e+00 -1.959142277074775729e+00
1.252930810791375649e+01 -3.289931207960866466e+00 -2.208721271663228070e+00 -3.289931207960866466e+00 1.460902341472501043e+01 -1.406147074471389535e+00 -2.208721271663228070e+00 -1.406147074471389535e+00 -1.792208040219882559e+00
1.254975249316421326e+01 -3.275168587504540429e+00 -2.213685339851783507e+00 -3.275168587504540429e+00 1.473793966750128703e+01 -1.483448979696784908e+00 -2.213685339851783507e+00 -1.483448979696784908e+00 -1.611368431631987841e+00
1.258122149571696191e+01 -3.258362525324009606e+00 -2.215040988995646387e+00 -3.258362525324009606e+00 1.487348464587071817e+01 -1.556863361641986243e+00 -2.215040988995646387e+00 -1.556863361641986243e+00 -1.413702824846740702e+00
1.262112343338520937e+01 -3.239831997688418674e+00 -2.212957675237798849e+00 -3.239831997688418674e+00 1.501258820324278531e+01 -1.626420124332226047e+00 -2.212957675237798849e+00 -1.626420124332226047e+00 -1.200965589344434203e+00
1.266618879941022691e+01 -3.219387612437962343e+00 -2.206797446039952870e+00 -3.219387612437962343e+00 1.515240945722042909e+01 -1.692179075817968670e+00 -2.206797446039952870e+00 -1.692179075817968670e+00 -9.773432886575843526e-01
1.271929834822272376e+01 -3.196810073387605033e+00 -2.195742924712426714e+00 -3.196810073387605033e+00 1.529605842642780189e+01 -1.754060472031927942e+00 -2.195742924712426714e+00 -1.754060472031927942e+00 -7.402641766162170178e-01
1.277484009108744267e+01 -3.171840212318667085e+00 -2.179285742826272188e+00 -3.171840212318667085e+00 1.543815238632309672e+01 -1.812602585428284563e+00 -2.179285742826272188e+00 -1.812602585428284563e+00 -4.950910417453175949e-01
1.283605363073788119e+01 -3.144009532835842613e+00 -2.156419131532003153e+00 -3.144009532835842613e+00 1.558197081167345210e+01 -1.867715703931342119e+00 -2.156419131532003153e+00 -1.867715703931342119e+00 -2.393418499506084485e-01
1.290151354197130296e+01 -3.113028962695219892e+00 -2.126515106299741831e+00 -3.113028962695219892e+00 1.572642718956209507e+01 -1.919489539616797247e+00 -2.126515106299741831e+00 -1.919489539616797247e+00 2.551810153152962030e-02
1.297178800126711629e+01 -3.078200741308046329e+00 -2.088666578364109849e+00 -3.078200741308046329e+00 1.587210963248526063e+01 -1.968043708585578644e+00 -2.088666578364109849e+00 -1.968043708585578644e+00 2.995884927852041635e-01
1.302335250877594319e+01 -3.040033237103269670e+00 -2.043232396027894193e+00 -3.040033237103269670e+00 1.599523447237489115e+01 -2.012929650459203135e+00 -2.043232396027894193e+00 -2.012929650459203135e+00 5.614181697104732027e-01
1.308516412893102832e+01 -2.996542816407151477e+00 -1.987660749137942107e+00 -2.996542816407151477e+00 1.612537679018569037e+01 -2.054924869893708372e+00 -1.987660749137942107e+00 -2.054924869893708372e+00 8.377413308649780399e-01
1.315647526110156207e+01 -2.946662902319739263e+00 -1.920914964819534942e+00 -2.946662902319739263e+00 1.626219767363169666e+01 -2.093790134687237181e+00 -1.920914964819534942e+00 -2.093790134687237181e+00 1.124889749153561436e+00
1.321714056028940831e+01 -2.891200903522305854e+00 -1.842765778879225547e+00 -2.891200903522305854e+00 1.638530257750450758e+01 -2.129495540814557497e+00 -1.842765778879225547e+00 -2.129495540814557497e+00 1.407712051791877972e+00
3.752753538391568444e+00 -1.113837282131486583e+00 5.147083407450369075e-01 -1.113837282131486583e+00 1.343061586553959019e+00 1.290511855343090541e+00 5.147083407450369075e-01 1.290511855343090541e+00 1.365362927744333266e-01
3.763418498590116457e+00 -1.071043095908437159e+00 5.751844522585082276e-01 -1.071043095908437159e+00 1.394681234026581951e+00 1.252481764712609635e+00 5.751844522585082276e-01 1.252481764712609635e+00 2.671510524153706267e-01
3.785967862110689808e+00 -1.025076290711595117e+00 6.388435170095307924e-01 -1.025076290711595117e+00 1.458319630250087817e+00 1.214513679664678492e+00 6.388435170095307924e-01 1.214513679664678492e+00 3.920509641979774140e-01
3.871349549281622782e+00 -9.790164771409282096e-01 7.042490723357031079e-01 -9.790164771409282096e-01 1.587167230788358863e+00 1.175326151493269800e+00 7.042490723357031079e-01 1.175326151493269800e+00 5.352011857777118076e-01
3.971850264330923697e+00 -9.286472755830574854e-01 7.725482215141946662e-01 -9.286472755830574854e-01 1.731826254876802640e+00 1.136758679147358064e+00 7.725482215141946662e-01 1.136758679147358064e+00 6.833841938077299671e-01
4.063339501383001817e+00 -8.770999679567424989e-01 8.421804907175046706e-01 -8.770999679567424989e-01 1.870109038226385634e+00 1.096920092359177534e+00 8.421804907175046706e-01 1.096920092359177534e+00 8.124384796211665538e-01
4.180674732094545654e+00 -8.232377852485721625e-01 9.119987766684637398e-01 -8.232377852485721625e-01 2.035229904556229652e+00 1.056554458119324691e+00 9.119987766684637398e-01 1.056554458119324691e+00 9.378757731192041147e-01
4.335554343039930814e+00 -7.680528167793416738e-01 9.824371184449197658e-01 -7.680528167793416738e-01 2.243909692627235941e+00 1.013191887389569557e+00 9.824371184449197658e-01 1.013191887389569557e+00 1.093158420351162619e+00
4.510544431258935560e+00 -7.104599648544310808e-01 1.051387326240183162e+00 -7.104599648544310808e-01 2.474022743732920748e+00 9.690335783504270273e-01 1.051387326240183162e+00 9.690335783504270273e-01 1.233632067617501660e+00
4.676626384118299562e+00 -6.517200096523512176e-01 1.119221433549552058e+00 -6.517200096523512176e-01 2.696199080272243975e+00 9.235731520777406001e-01 1.119221433549552058e+00 9.235731520777406001e-01 1.342575876157319881e+00
4.898854391976414924e+00 -5.934760991106690087e-01 1.184575317556932905e+00 -5.934760991106690087e-01 2.983853311984047796e+00 8.738240063453668327e-01 1.184575317556932905e+00 8.738240063453668327e-01 1.438467509570426461e+00
5.099111755084419606e+00 -5.341574251381252525e-01 1.247872683076415523e+00 -5.341574251381252525e-01 3.253370910800065463e+00 8.215222974646972931e-01 1.247872683076415523e+00 8.215222974646972931e-01 1.485354064241755978e+00
5.294098643675701155e+00 -4.728442382602329741e-01 1.307790744346939649e+00 -4.728442382602329741e-01 3.518372436353712995e+00 7.683318419008152711e-01 1.307790744346939649e+00 7.683318419008152711e-01 1.611235731081399836e+00
5.511893252381512731e+00 -4.120684330977713583e-01 1.363502760267842451e+00 -4.120684330977713583e-01 3.811968869726529707e+00 7.115863996040839856e-01 1.363502760267842451e+00 7.115863996040839856e-01 1.683968279412194624e+00
5.728055047413515233e+00 -3.524603997399957112e-01 1.414688368662617712e+00 -3.524603997399957112e-01 4.111083799946269046e+00 6.505729063751819474e-01 1.414688368662617712e+00 6.505729063751819474e-01 1.746335561193431696e+00
5.935577397943593958e+00 -2.935137592627502512e-01 1.460489825639327277e+00 -2.935137592627502512e-01 4.407925192139185988e+00 5.851466825214929335e-01 1.460489825639327277e+00 5.851466825214929335e-01 1.806139945562614590e+00
6.106340772285460794e+00 -2.364066177344790465e-01 1.500111392888583861e+00 -2.364066177344790465e-01 4.673412428089473103e+00 5.142019618208810705e-01 1.500111392888583861e+00 5.142019618208810705e-01 1.954746658406722570e+00
6.308344625968616448e+00 -1.820277218383945517e-01 1.530597470975518348e+00 -1.820277218383945517e-01 4.978407554387676015e+00 4.386171566928000476e-01 1.530597470975518348e+00 4.386171566928000476e-01 2.021144303053689750e+00
6.511423243082632872e+00 -1.306664309597286855e-01 1.552764466737035276e+00 -1.306664309597286855e-01 5.292279813254243237e+00 3.573278379701469998e-01 1.552764466737035276e+00 3.573278379701469998e-01 2.083211891185936526e+00
6.713716456151019862e+00 -8.284979255015381683e-02 1.565868313182537941e+00 -8.284979255015381683e-02 5.613458396597916789e+00 2.699309693663486942e-01 1.565868313182537941e+00 2.699309693663486942e-01 2.138241845698793053e+00
1.939699423316180926e+01 -3.726020977221514485e+00 -1.709992121050206926e+00 -3.726020977221514485e+00 2.229890275547776213e+01 -1.679592644589066042e-02 -1.709992121050206926e+00 -1.679592644589066042e-02 7.448293548483928106e+00
1.951500670721940978e+01 -3.732645397982992996e+00 -1.722905427512886778e+00 -3.732645397982992996e+00 2.226311554462016318e+01 8.641465809546712562e-02 -1.722905427512886778e+00 8.641465809546712562e-02 7.197946046652885066e+00
1.962478419222619763e+01 -3.734140925680229817e+00 -1.732712637988997439e+00 -3.734140925680229817e+00 2.222928402382818547e+01 1.852537001372095149e-01 -1.732712637988997439e+00 1.852537001372095149e-01 6.944339061379145583e+00
1.973089955171795395e+01 -3.730440453301169246e+00 -1.739087804134269888e+00 -3.730440453301169246e+00 2.220285344779432535e+01 2.790021959787419292e-01 -1.739087804134269888e+00 2.790021959787419292e-01 6.699858629744953831e+00
1.983277758273421298e+01 -3.721601501141859281e+00 -1.741561176864315552e+00 -3.721601501141859281e+00 2.218362249548242104e+01 3.674779980159136872e-01 -1.741561176864315552e+00 3.674779980159136872e-01 6.462088899316311696e+00
1.992696706751210911e+01 -3.707652829350323476e+00 -1.739461686058578982e+00 -3.707652829350323476e+00 2.216865763179404425e+01 4.504222649165106618e-01 -1.739461686058578982e+00 4.504222649165106618e-01 6.229428888519896290e+00
2.001576881789355156e+01 -3.688441050470434579e+00 -1.732156608460537539e+00 -3.688441050470434579e+00 2.216086363167959661e+01 5.277391295204537647e-01 -1.732156608460537539e+00 5.277391295204537647e-01 6.005569483018759591e+00
2.007625140918757012e+01 -3.661195603575902346e+00 -1.717805294596668864e+00 -3.661195603575902346e+00 2.213715568299199177e+01 5.994381785437505883e-01 -1.717805294596668864e+00 5.994381785437505883e-01 5.777491922474133013e+00
2.012952479004362871e+01 -3.629597787613770166e+00 -1.697529390239900016e+00 -3.629597787613770166e+00 2.211759878233581844e+01 6.658357736146631733e-01 -1.697529390239900016e+00 6.658357736146631733e-01 5.555022590794145287e+00
2.016917544745242097e+01 -3.592046621010714258e+00 -1.669699153668883662e+00 -3.592046621010714258e+00 2.209586569714584314e+01 7.269894350292387397e-01 -1.669699153668883662e+00 7.269894350292387397e-01 5.337039842205868467e+00
2.019537594230208910e+01 -3.549031026283139489e+00 -1.634122850563461293e+00 -3.549031026283139489e+00 2.207078684806910118e+01 7.837140336481515090e-01 -1.634122850563461293e+00 7.837140336481515090e-01 5.120188326106526411e+00
2.020568166201061544e+01 -3.500081254346656401e+00 -1.590234864679164861e+00 -3.500081254346656401e+00 2.203952456716724839e+01 8.364409716917580173e-01 -1.590234864679164861e+00 8.364409716917580173e-01 4.905052832172603239e+00
2.019191513782323000e+01 -3.444823423276956564e+00 -1.537066937699193447e+00 -3.444823423276956564e+00 2.199300982109678060e+01 8.854674373563041767e-01 -1.537066937699193447e+00 8.854674373563041767e-01 4.684596710854280310e+00
2.016234970565477624e+01 -3.383506787690246487e+00 -1.474456095451412763e+00 -3.383506787690246487e+00 2.193817380553142726e+01 9.313878070342814786e-01 -1.474456095451412763e+00 9.313878070342814786e-01 4.464476124596234996e+00
2.010994871595543998e+01 -3.316112174154509429e+00 -1.401606640507164325e+00 -3.316112174154509429e+00 2.186682946500042490e+01 9.748827375622528546e-01 -1.401606640507164325e+00 9.748827375622528546e-01 4.238287147105172181e+00
2.003474092887324076e+01 -3.242812143557888493e+00 -1.318173451090163040e+00 -3.242812143557888493e+00 2.177773052642274010e+01 1.016747926368876564e+00 -1.318173451090163040e+00 1.016747926368876564e+00 4.004323342931677132e+00
1.993939145145838410e+01 -3.164220245724890912e+00 -1.223658017967996336e+00 -3.164220245724890912e+00 2.167249714480370670e+01 1.057184694490318710e+00 -1.223658017967996336e+00 1.057184694490318710e+00 3.759775804285430567e+00
1.981871387035058163e+01 -3.079905078435160259e+00 -1.117715219364378898e+00 -3.079905078435160259e+00 2.154493630160220974e+01 1.097075019799309104e+00 -1.117715219364378898e+00 1.097075019799309104e+00 3.505104693534811133e+00
1.967660997896505748e+01 -2.990250110329013111e+00 -9.997027453067796054e-01 -2.990250110329013111e+00 2.139761723670837767e+01 1.136994105256323051e+00 -9.997027453067796054e-01 1.136994105256323051e+00 3.242649169385753538e+00
1.951392340831051442e+01 -2.895610049898742933e+00 -8.696110090791905334e-01 -2.895610049898742933e+00 2.122993598701370033e+01 1.177670541277963556e+00 -8.696110090791905334e-01 1.177670541277963556e+00 2.970932877573037256e+00
1.024202631174828326e+01 2.032528168960066051e+00 -1.208013805189486478e-01 2.032528168960066051e+00 1.490079019917608072e+01 3.819600009864118073e-01 -1.208013805189486478e-01 3.819600009864118073e-01 1.078065168939390084e+00
1.018484851452329032e+01 2.068898690661980844e+00 -4.440540757216306783e-02 2.068898690661980844e+00 1.498976985617429136e+01 2.563813891898495401e-01 -4.440540757216306783e-02 2.563813891898495401e-01 1.305018416184189567e+00
1.011307086287398960e+01 2.104305820609366329e+00 3.213954348099299502e-02 2.104305820609366329e+00 1.506771520142733145e+01 1.267704366475261579e-01 3.213954348099299502e-02 1.267704366475261579e-01 1.575016404296301520e+00
1.007471396642046990e+01 2.138987923772415645e+00 1.095684312986139608e-01 2.138987923772415645e+00 1.518390819252255319e+01 -6.694082912913869136e-03 1.095684312986139608e-01 -6.694082912913869136e-03 1.848192592010983848e+00
1.005256588794005701e+01 2.172627180190871865e+00 1.873250709502499722e-01 2.172627180190871865e+00 1.532138518908123714e+01 -1.438731232588580100e-01 1.873250709502499722e-01 -1.438731232588580100e-01 2.138531057579546424e+00
1.002961332768524372e+01 2.205392431718621093e+00 2.654491899309331937e-01 2.205392431718621093e+00 1.546162324654465614e+01 -2.841906357123404336e-01 2.654491899309331937e-01 -2.841906357123404336e-01 2.430011688630282940e+00
1.001779439791318538e+01 2.236797016541519412e+00 3.434143989314879519e-01 2.236797016541519412e+00 1.561746427768194323e+01 -4.275870290308129151e-01 3.434143989314879519e-01 -4.275870290308129151e-01 2.723021828239755582e+00
1.003065617442983815e+01 2.267506370201355814e+00 4.209426054866891587e-01 2.267506370201355814e+00 1.580344854567485768e+01 -5.739927800979692796e-01 4.209426054866891587e-01 -5.739927800979692796e-01 3.033581588779672877e+00
1.009216426861333282e+01 2.296517373448568211e+00 5.006856198899317656e-01 2.296517373448568211e+00 1.604070114600673591e+01 -7.192960931779839306e-01 5.006856198899317656e-01 -7.192960931779839306e-01 3.402024309581402228e+00
1.008903572837955132e+01 2.323889617525705997e+00 5.789090576081952211e-01 2.323889617525705997e+00 1.621492607547014231e+01 -8.680656301995519630e-01 5.789090576081952211e-01 -8.680656301995519630e-01 3.678676653111395911e+00
1.013361990967935888e+01 2.351093019748956792e+00 6.553348261762549365e-01 2.351093019748956792e+00 1.644164095774474887e+01 -1.018096515188390061e+00 6.553348261762549365e-01 -1.018096515188390061e+00 3.988451795624428087e+00
1.018162065555192974e+01 2.376598071559584024e+00 7.314030472890253876e-01 2.376598071559584024e+00 1.667008398605325326e+01 -1.166697210356071546e+00 7.314030472890253876e-01 -1.166697210356071546e+00 4.283418514364234042e+00
1.024201637987452607e+01 2.401100004120650055e+00 8.058424411054786463e-01 2.401100004120650055e+00 1.691337516563001486e+01 -1.315456815503881716e+00 8.058424411054786463e-01 -1.315456815503881716e+00 4.571929515161318847e+00
1.030688144738823553e+01 2.424102223744253326e+00 8.785735526355502589e-01 2.424102223744253326e+00 1.716148330397942345e+01 -1.463153710159581955e+00 8.785735526355502589e-01 -1.463153710159581955e+00 4.843357693094586303e+00
1.038168832053373514e+01 2.445366365460201141e+00 9.489210144636940347e-01 2.445366365460201141e+00 1.741913597301030592e+01 -1.608993344422530614e+00 9.489210144636940347e-01 -1.608993344422530614e+00 5.100831588397819694e+00
1.045961380203925906e+01 2.464455426823139117e+00 1.016576938503411132e+00 2.464455426823139117e+00 1.767808971750348235e+01 -1.751982530916923686e+00 1.016576938503411132e+00 -1.751982530916923686e+00 5.336505020802171373e+00
1.054048905005091719e+01 2.481250225347972460e+00 1.080935480455461173e+00 2.481250225347972460e+00 1.793744073694698216e+01 -1.891575016586069635e+00 1.080935480455461173e+00 -1.891575016586069635e+00 5.549583440406999912e+00
1.062438358768501701e+01 2.495651442297119438e+00 1.141629160990797587e+00 2.495651442297119438e+00 1.819608659335366596e+01 -2.026956387781809976e+00 1.141629160990797587e+00 -2.026956387781809976e+00 5.736928375104765720e+00
1.071076109375862551e+01 2.507311462089048870e+00 1.198042203936422023e+00 2.507311462089048870e+00 1.845269641563995222e+01 -2.157262571487195579e+00 1.198042203936422023e+00 -2.157262571487195579e+00 5.898053163081326211e+00
1.079607588934012341e+01 2.515604576677006321e+00 1.250075290554753860e+00 2.515604576677006321e+00 1.870198644696656132e+01 -2.281430857210116958e+00 1.250075290554753860e+00 -2.281430857210116958e+00 6.027495273769763351e+00
