-1.935009705455465934e+01 3.769633643033480475e+00 -3.482136343340709317e-01 3.769633643033480475e+00 -1.535564362892477241e+01 3.686320202698317061e+00 -3.482136343340709317e-01 3.686320202698317061e+00 3.519693322027991123e+00
3.321554475173472909e+00 -2.500943669953907822e-01 -1.206355619041073537e-02 -2.500943669953907822e-01 1.412604308567647182e+00 1.218345392013194362e+00 -1.206355619041073537e-02 1.218345392013194362e+00 -1.239582661677658404e+00
4.643688284500047558e+00 1.073466771010877785e-01 6.225718096002107238e+00 1.073466771010877785e-01 -3.957804747102970033e+00 8.424741330186252597e+00 6.225718096002107238e+00 8.424741330186252597e+00 3.364670798359634230e+00
-6.521323888801137336e+00 -5.877840864654976905e+00 -6.629365353132548933e+00 -5.877840864654976905e+00 -9.353606291491466607e+00 3.406237891655585326e+00 -6.629365353132548933e+00 3.406237891655585326e+00 -1.626856238807391719e+01
3.335085444840054647e-01 -2.883618815563793625e+00 9.699570236228236553e-01 -2.883618815563793625e+00 4.145871884123855544e+00 6.476295745897846068e+00 9.699570236228236553e-01 6.476295745897846068e+00 5.910292043464858480e+00
-9.471882561050890104e+00 -2.721960930343113372e+00 -3.516213302041357291e+00 -2.721960930343113372e+00 -9.728791053125522836e+00 -5.750389774347897109e-01 -3.516213302041357291e+00 -5.750389774347897109e-01 -2.261894604485029436e+00
9.189238780286277830e+00 -1.575662608729255565e+00 1.206784155604911923e+00 -1.575662608729255565e+00 3.245439117575622312e+00 -2.031071718771948031e+00 1.206784155604911923e+00 -2.031071718771948031e+00 1.218317512624250976e-01
-8.494817340329319677e+00 -2.821621137855614414e+00 3.272543087321299282e+00 -2.821621137855614414e+00 -4.042692243333695146e+00 1.332296393957408398e+00 3.272543087321299282e+00 1.332296393957408398e+00 -3.393221587502748715e+00
-5.319407715202738807e+00 -4.767731138441988037e+00 -7.012418020391325335e+00 -4.767731138441988037e+00 -1.137777371491922374e+01 1.432948411326702809e+00 -7.012418020391325335e+00 1.432948411326702809e+00 -1.315652515149425561e+01
-2.919839409992993406e+00 -2.710136216821797284e+00 1.957427714429577748e+00 -2.710136216821797284e+00 -9.732017027719473745e+00 -1.514667771274683439e+00 1.957427714429577748e+00 -1.514667771274683439e+00 -2.288303818563398317e-01
