-8.488872914827092497e-01 -2.273505431613335848e+00 -6.189001507030368110e+00 -2.273505431613335848e+00 -1.900061137659209587e+00 -1.930725993104835059e+00 -6.189001507030368110e+00 -1.930725993104835059e+00 2.517287407718654002e+00
-3.541917302094226283e+00 -1.054130242531792883e+00 -2.585377567866896098e-01 -1.054130242531792883e+00 -2.241897809264590702e+00 3.898837883336768062e+00 -2.585377567866896098e-01 3.898837883336768062e+00 -6.226127387367763610e+00
-6.574046725864085339e+00 1.213151096426591691e+00 5.554183101354916996e-01 1.213151096426591691e+00 5.178058104016929342e-01 -3.292661218681921298e+00 5.554183101354916996e-01 -3.292661218681921298e+00 6.755035414596743060e+00
1.731281517496161104e+00 3.428561972230631305e+00 3.892622002086821187e+00 3.428561972230631305e+00 -5.030151038176121858e+00 1.037186452195461905e+00 3.892622002086821187e+00 1.037186452195461905e+00 1.901857898878070996e+00
-2.581156213975512870e+00 3.320430023980504575e-01 5.991829110098468858e-01 3.320430023980504575e-01 -1.674949137574454516e+00 -7.338980424032303107e-01 5.991829110098468858e-01 -7.338980424032303107e-01 3.349766980960534823e+00
-1.084376104006257613e+00 -9.506857991688214549e-01 1.074300489657773694e+00 -9.506857991688214549e-01 4.385987364952447898e+00 9.121174889067600322e-01 1.074300489657773694e+00 9.121174889067600322e-01 2.622286561071394573e+00
1.961318201217619184e-01 1.503217747253122960e+00 2.117753394359878971e+00 1.503217747253122960e+00 -3.866986066407250622e+00 1.426221762104572743e+00 2.117753394359878971e+00 1.426221762104572743e+00 -1.352434900379601901e+00
5.087862007251944263e+00 2.251596242630025113e+00 2.110499870326274785e-01 2.251596242630025113e+00 -6.037217247437031808e+00 4.636208784379469150e-01 2.110499870326274785e-01 4.636208784379469150e-01 4.068011939888839801e-01
-4.315585849983525346e-01 3.921348509292100992e+00 2.091861710029084609e+00 3.921348509292100992e+00 7.577465585721899766e-01 7.940012685194270947e-01 2.091861710029084609e+00 7.940012685194270947e-01 -2.151005888157369483e+00
-4.880014056629381258e+00 2.267896735280055864e+00 -2.972094966883744860e-01 2.267896735280055864e+00 -6.346757155435361675e+00 -2.530760032657415781e+00 -2.972094966883744860e-01 -2.530760032657415781e+00 -1.035045907507899487e+00
1.746285605287255238e-01 1.252090114170101520e+00 1.269184681292442995e+00 1.252090114170101520e+00 -3.414584787712520608e+00 2.697492888176991954e+00 1.269184681292442995e+00 2.697492888176991954e+00 -6.183195048948918249e+00
-1.301575407838712284e+00 3.610166143161146035e+00 -4.627734706779540019e+00 3.610166143161146035e+00 -6.522635700254081570e+00 1.305037850316253634e+00 -4.627734706779540019e+00 1.305037850316253634e+00 6.068002576109262636e-01
3.539851806854020788e-01 -1.300583839189757951e+00 -3.245426818257667101e+00 -1.300583839189757951e+00 -2.925342953114443034e+00 -1.209261192310477906e+00 -3.245426818257667101e+00 -1.209261192310477906e+00 -3.549271737134370941e+00
-3.029319733917005486e+00 2.622349547660779212e+00 7.548058537760131692e-01 2.622349547660779212e+00 -6.556625326926529773e+00 6.246548552535509113e-01 7.548058537760131692e-01 6.246548552535509113e-01 -2.241040528380141783e+00
-9.847658850531640695e+00 2.700522401349325641e+00 2.363619692932023675e+00 2.700522401349325641e+00 -6.949725169299978411e+00 5.044656297424345848e-01 2.363619692932023675e+00 5.044656297424345848e-01 -4.567179616202244219e+00
4.485800888000682995e+00 4.111413759560632597e-01 -1.652936081951153158e+00 4.111413759560632597e-01 3.966612294995552901e+00 -1.205642025005287943e+00 -1.652936081951153158e+00 -1.205642025005287943e+00 -6.308158645028640876e-01
1.404293183906190734e+00 -2.734895503375265768e+00 -1.319522693324450269e-01 -2.734895503375265768e+00 9.925528933525500086e-02 9.025245233446096416e-01 -1.319522693324450269e-01 9.025245233446096416e-01 -2.677403008423879349e+00
-7.935795276583296420e+00 2.322273492631106717e-01 -5.073038197665949767e+00 2.322273492631106717e-01 -7.205693085372681495e+00 6.228863389864663924e-02 -5.073038197665949767e+00 6.228863389864663924e-02 -2.807640981599833996e+00
-6.004384186331368056e+00 -2.466666015473156504e-01 -1.412468957902209388e+00 -2.466666015473156504e-01 -7.855365013051012646e+00 1.144933789981474437e+00 -1.412468957902209388e+00 1.144933789981474437e+00 -1.786250782519457792e+00
-1.570793258490025268e+00 2.358575341427934902e+00 -1.347486421241629762e+00 2.358575341427934902e+00 -4.687248516846313606e+00 7.980406537486789409e-01 -1.347486421241629762e+00 7.980406537486789409e-01 1.017599454208860443e+00
-3.181058993635452747e+00 -1.018227230591070981e-01 -2.555093497613143860e+00 -1.018227230591070981e-01 1.320832017886280685e+00 -8.475322593976579721e-01 -2.555093497613143860e+00 -8.475322593976579721e-01 -9.230089913706031046e-01
-2.483818622472508508e+00 1.417925401800432139e+00 -1.236753165295723322e+00 1.417925401800432139e+00 -6.953217485184032043e+00 1.682192613098181244e+00 -1.236753165295723322e+00 1.682192613098181244e+00 -7.780093877821415482e+00
1.871862564633211656e+00 2.611575193789753779e+00 -3.657488975273487597e+00 2.611575193789753779e+00 -4.439248717991794990e+00 1.076002408422079393e+00 -3.657488975273487597e+00 1.076002408422079393e+00 2.642498809168713603e+00
2.867002984076915784e+00 -4.758192947387573035e+00 -1.894003995420866782e-01 -4.758192947387573035e+00 5.108627427972198376e+00 -1.905748569849747165e+00 -1.894003995420866782e-01 -1.905748569849747165e+00 4.177962855025961209e-01
-9.594055058763156785e-01 -1.387463302208608473e+00 -1.407572520796827875e-02 -1.387463302208608473e+00 -4.732667840646281654e+00 1.273300000444290703e+00 -1.407572520796827875e-02 1.273300000444290703e+00 -2.046445961583106765e+00
-2.366768884565137121e+00 -1.372386821528107870e+00 -6.084757708393165876e-01 -1.372386821528107870e+00 3.327504544491892702e+00 5.225105446368519813e-01 -6.084757708393165876e-01 5.225105446368519813e-01 -2.698568415386676023e+00
-2.948060545049031589e+00 -1.723864296340265501e+00 -1.337685845181638022e+00 -1.723864296340265501e+00 -2.300015738519415542e+00 -2.437467345670239816e+00 -1.337685845181638022e+00 -2.437467345670239816e+00 -4.529663234543020778e+00
2.950721850488832732e-01 1.704355749972350953e+00 -1.660839846092603544e-01 1.704355749972350953e+00 -2.890652962251698543e+00 -1.505997008201415133e+00 -1.660839846092603544e-01 -1.505997008201415133e+00 -3.286974630768286332e+00
-4.998150476700865319e+00 -5.085477236574202919e-01 1.842008308430533647e+00 -5.085477236574202919e-01 -2.499974067590855498e+00 4.439533792570594939e-02 1.842008308430533647e+00 4.439533792570594939e-02 2.639819761309673218e+00
1.888128706355775233e+00 1.946625960629974617e-01 1.374306451209251989e+00 1.946625960629974617e-01 4.086242559952386166e+00 -1.568274759889559444e+00 1.374306451209251989e+00 -1.568274759889559444e+00 2.688387014252709317e+00
-5.494773922487621309e-01 -2.598067900704571720e+00 8.808089694909798650e-01 -2.598067900704571720e+00 1.768871519146375970e+00 1.891614060196609715e-01 8.808089694909798650e-01 1.891614060196609715e-01 -6.640989146819279432e-01
4.165615312774366252e+00 -1.414060553437041401e+00 -1.234274791245649761e+00 -1.414060553437041401e+00 4.742400461642164999e-01 -1.196499125945693853e+00 -1.234274791245649761e+00 -1.196499125945693853e+00 2.608685801960866080e+00
-3.600453820887026701e+00 1.258508759424201484e+00 -9.529767900806980219e-01 1.258508759424201484e+00 -4.834046477532951691e+00 -1.458460667480409312e-01 -9.529767900806980219e-01 -1.458460667480409312e-01 -6.004494883125014448e-01
-4.823313365761412008e+00 -9.119682332901106747e-01 -2.124721722654675293e+00 -9.119682332901106747e-01 1.252419297682671573e+00 -3.731305676359566892e+00 -2.124721722654675293e+00 -3.731305676359566892e+00 2.665854580192282164e+00
-5.347452850966916138e+00 1.969516644081542034e-01 -3.297879457532501668e+00 1.969516644081542034e-01 -5.732980485277320959e+00 -1.528843437144268014e-01 -3.297879457532501668e+00 -1.528843437144268014e-01 -4.221573382828898602e+00
-6.651330471549496970e-01 -1.404416407119557231e-01 -2.424899131996123280e+00 -1.404416407119557231e-01 -9.953971898706249766e-01 1.927434007819027517e+00 -2.424899131996123280e+00 1.927434007819027517e+00 -1.020821796254653258e+01
-2.274764980695928251e+00 -4.098047846654949034e+00 -5.052138933620334282e-02 -4.098047846654949034e+00 2.304876460934353943e+00 1.010139133301159342e+00 -5.052138933620334282e-02 1.010139133301159342e+00 9.965090594780140476e-01
-7.356992462578763048e-01 -1.493101586167917993e+00 4.064459561118232145e-01 -1.493101586167917993e+00 -3.162261275748878386e+00 1.840260118090574215e+00 4.064459561118232145e-01 1.840260118090574215e+00 -1.210266232927315144e+01
-1.155242278221766838e+00 -1.649037942336111007e+00 -2.111051471119381517e+00 -1.649037942336111007e+00 3.030581829285601270e-01 1.912251199452559058e+00 -2.111051471119381517e+00 1.912251199452559058e+00 3.106020662105880792e+00
-2.892037471996311560e+00 -2.666261278395179790e+00 2.540442343851617490e+00 -2.666261278395179790e+00 -2.448181758207439440e+00 3.819468851289145483e+00 2.540442343851617490e+00 3.819468851289145483e+00 -1.871044961136260953e+00
-3.282335008628161965e+00 -1.631555762956721445e+00 -1.165945383403053093e+00 -1.631555762956721445e+00 8.878641205631885303e-01 1.056825348895098271e+00 -1.165945383403053093e+00 1.056825348895098271e+00 5.136217378608733952e-01
2.299888726717606691e+00 -6.283368097553623244e-01 -9.035477119532726864e-02 -6.283368097553623244e-01 -3.310014359472000400e+00 -2.664183183164122171e-01 -9.035477119532726864e-02 -2.664183183164122171e-01 -3.290431565078439924e+00
-2.320695348279743442e+00 -3.717783711927029167e+00 -2.657750247734472215e-02 -3.717783711927029167e+00 6.020897020106374953e+00 -1.351645769225810201e-01 -2.657750247734472215e-02 -1.351645769225810201e-01 -6.776269119030781773e+00
-9.459770640057940660e-01 4.260016755858787363e+00 -2.438927450268813524e-01 4.260016755858787363e+00 -7.481725119750406439e-01 1.548504125008963506e+00 -2.438927450268813524e-01 1.548504125008963506e+00 -4.788122371967384439e+00
-3.469989442486112186e+00 -2.653622312918670456e+00 -2.077193145663576157e+00 -2.653622312918670456e+00 -1.629213095446796933e+00 -1.897665147874959546e+00 -2.077193145663576157e+00 -1.897665147874959546e+00 -5.375591880174632742e+00
-3.957280989938999571e+00 -5.165339029977157326e-01 -6.442451447970345968e-02 -5.165339029977157326e-01 -3.723018485160364044e+00 2.946124531642874356e+00 -6.442451447970345968e-02 2.946124531642874356e+00 -5.766140741762276534e+00
9.220293524297343835e-01 4.550278250037798955e+00 -9.866937987542903077e-01 4.550278250037798955e+00 -5.355826533583518234e+00 1.193498295329341818e+00 -9.866937987542903077e-01 1.193498295329341818e+00 2.273683478319486362e+00
3.216578083731208570e-01 -8.296697413849813962e-01 4.995752792923504604e-01 -8.296697413849813962e-01 -1.424789935226841719e-01 9.876247451773845221e-02 4.995752792923504604e-01 9.876247451773845221e-02 -1.673833608542335094e+00
-1.576817333444533231e+00 -9.556049982551653166e-01 1.980103175460705967e-01 -9.556049982551653166e-01 -4.252411784824045249e+00 4.764727731159245500e-02 1.980103175460705967e-01 4.764727731159245500e-02 -3.518871030515782650e+00
1.153188863582992552e+00 -4.735795874439007180e-01 1.487007078163528950e+00 -4.735795874439007180e-01 4.385432562871709017e+00 -1.100857117489349557e+00 1.487007078163528950e+00 -1.100857117489349557e+00 4.457423518538195850e+00
-3.479277418978858338e-01 -7.471332922411837441e-01 1.723986178632254562e+00 -7.471332922411837441e-01 -1.869692610440022884e+00 1.236931348965440547e+00 1.723986178632254562e+00 1.236931348965440547e+00 -2.445381546422722874e+00
-4.175219242399785813e+00 1.417454126922759849e+00 -5.860519306127954797e-01 1.417454126922759849e+00 -1.947943640290731526e+00 6.083510008979050587e-01 -5.860519306127954797e-01 6.083510008979050587e-01 1.491950715749107870e+00
-2.266885830143795300e+00 -8.536262655532712573e-01 2.520940740570586591e+00 -8.536262655532712573e-01 -1.713229254575848182e-01 1.260816313638812192e+00 2.520940740570586591e+00 1.260816313638812192e+00 1.476773292197221421e+00
-6.117809378932424380e+00 -1.995112179527931184e+00 -5.924396546467123326e-01 -1.995112179527931184e+00 -7.544255518780463632e+00 4.196934917728005199e-01 -5.924396546467123326e-01 4.196934917728005199e-01 -1.677092561358616063e+00
2.390100529823229181e+00 2.766544295384007590e+00 8.552262210664410835e-01 2.766544295384007590e+00 -2.987284903128686331e+00 -1.253676688034757215e-02 8.552262210664410835e-01 -1.253676688034757215e-02 2.963653652283428919e+00
2.426973351962374181e+00 -5.968084368793694638e-01 2.402706858884921637e+00 -5.968084368793694638e-01 -6.545332318385138848e+00 1.056862849493119150e+00 2.402706858884921637e+00 1.056862849493119150e+00 -2.438933529430593605e+00
-9.971435687914097512e-01 -5.521824358546535416e-01 8.765305142675523520e-01 -5.521824358546535416e-01 2.021710767976338641e+00 -4.134494175880226718e-01 8.765305142675523520e-01 -4.134494175880226718e-01 1.330242476743672908e+00
-1.290113030343909450e+00 -2.452429497096987099e+00 -6.023414970336867791e-01 -2.452429497096987099e+00 1.767346321571690651e-02 -1.327252195298627369e+00 -6.023414970336867791e-01 -1.327252195298627369e+00 -7.150036019834539180e-01
-4.058176326733110351e+00 1.869139982594621552e+00 3.732098906551360451e-01 1.869139982594621552e+00 -6.757043700363074556e+00 2.006960884655512256e+00 3.732098906551360451e-01 2.006960884655512256e+00 -2.760214760282853064e+00
6.834851118386430890e+00 -4.074607369783595168e+00 -6.156307256037172326e-01 -4.074607369783595168e+00 1.209411248879712186e+00 2.016790432256351906e+00 -6.156307256037172326e-01 2.016790432256351906e+00 -3.281173263851190347e-01
2.719222146593618827e+00 -3.508272368280697662e-01 9.327995898687846399e-01 -3.508272368280697662e-01 -7.609487772909281134e+00 1.438979665492495785e+00 9.327995898687846399e-01 1.438979665492495785e+00 -4.716469526017234237e+00
-3.689228905713865192e+00 -4.720949234313901677e+00 1.870172566564321626e+00 -4.720949234313901677e+00 2.754431945920680302e+00 -1.463427139587867076e+00 1.870172566564321626e+00 -1.463427139587867076e+00 -1.607380041527714631e+00
-2.661310644195570507e+00 -2.194737126709661368e+00 1.637417426387629771e+00 -2.194737126709661368e+00 3.427083480108414015e+00 -2.794563524766207951e+00 1.637417426387629771e+00 -2.794563524766207951e+00 2.242744691209819230e+00
-2.021521953151993234e+00 -7.271327248065354576e-01 -1.250780517162823680e+00 -7.271327248065354576e-01 -5.333112559054861146e-01 7.737486759971434758e-01 -1.250780517162823680e+00 7.737486759971434758e-01 7.264387463431568048e-02
1.239363429959494001e+00 -7.564851900353605219e-01 -1.730164567484295590e+00 -7.564851900353605219e-01 -2.732750254394319955e-01 4.857501099105323572e-01 -1.730164567484295590e+00 4.857501099105323572e-01 3.194060606405524361e+00
4.820149433857818799e+00 -4.487664500498046993e-01 3.081493549003226362e-01 -4.487664500498046993e-01 -5.790503754239374468e-01 -6.070477801882807611e-01 3.081493549003226362e-01 -6.070477801882807611e-01 2.067790321271424592e+00
-1.960742001269441648e+00 -1.239419185132043522e+00 3.618872890223127303e+00 -1.239419185132043522e+00 2.925426175861323586e+00 1.018809287143946474e+00 3.618872890223127303e+00 1.018809287143946474e+00 -4.518932347952356876e-01
3.997782226021810992e+00 2.695082092623753756e+00 -3.702926598173752915e+00 2.695082092623753756e+00 -3.100170713266343192e+00 7.957297268377609978e-01 -3.702926598173752915e+00 7.957297268377609978e-01 2.810155406730358241e+00
2.901040906539020109e-02 -5.222634204292550208e+00 2.357037529482164384e+00 -5.222634204292550208e+00 2.370813205268967216e+00 -7.767463298289226659e-01 2.357037529482164384e+00 -7.767463298289226659e-01 3.767907319317999271e+00
5.549165112305782799e+00 -2.451527481830478861e-01 1.479817174654637579e+00 -2.451527481830478861e-01 6.298059695274655923e+00 -2.127313612184037250e+00 1.479817174654637579e+00 -2.127313612184037250e+00 -1.420270735181803579e+00
-1.405196214224964546e+00 6.569020086544432591e-01 2.246415142860906933e+00 6.569020086544432591e-01 -8.242308762704738667e-01 1.536257850516789647e+00 2.246415142860906933e+00 1.536257850516789647e+00 7.148161718381204066e-01
-2.951691735080763657e+00 2.347947147909890564e+00 1.284521570900897525e-01 2.347947147909890564e+00 -8.494628219361608501e+00 4.566439775053353634e-01 1.284521570900897525e-01 4.566439775053353634e-01 6.063552209249170044e-01
1.062328569582944304e+00 4.527720551730279652e+00 9.561900157684069534e-02 4.527720551730279652e+00 -5.499240311100110468e+00 -1.813398282198096512e-01 9.561900157684069534e-02 -1.813398282198096512e-01 1.048862957892994885e+00
-2.365964345978190053e+00 5.378539060042139219e+00 -1.121152591138003585e+00 5.378539060042139219e+00 -7.772249038834008417e+00 -3.287230221222697590e+00 -1.121152591138003585e+00 -3.287230221222697590e+00 -7.355065295394479286e+00
-4.849047323707099899e+00 -5.802105609946289988e+00 3.532378039169806083e+00 -5.802105609946289988e+00 -7.000514913363188541e+00 -4.123209298406975143e-01 3.532378039169806083e+00 -4.123209298406975143e-01 -3.275940606424526003e+00
1.094618855772119703e+00 8.571289667248641608e-01 1.243407526122013163e-01 8.571289667248641608e-01 -2.521228907203350023e+00 8.615209829821278698e-01 1.243407526122013163e-01 8.615209829821278698e-01 3.235792442560789239e-01
1.490116030075388842e+00 5.419574448980747583e+00 3.064591338211044014e-01 5.419574448980747583e+00 2.577931577182827061e-01 -2.991345170084189320e+00 3.064591338211044014e-01 -2.991345170084189320e+00 -1.965537234378116560e+00
1.071531455335365646e+00 2.112030287325201261e+00 1.299032369480525695e+00 2.112030287325201261e+00 -3.963239129748290956e+00 8.473625942659007704e-01 1.299032369480525695e+00 8.473625942659007704e-01 3.622049178863743446e+00
-6.633868466224601690e-01 -1.987344145841132503e+00 1.603140460505995790e+00 -1.987344145841132503e+00 3.404062371581597191e+00 -4.954908661676953874e-01 1.603140460505995790e+00 -4.954908661676953874e-01 1.913685717932152031e+00
3.430992370249157819e+00 4.391360341766624487e+00 5.158222920838694492e+00 4.391360341766624487e+00 -6.426930748648000957e-01 3.068485180291833814e+00 5.158222920838694492e+00 3.068485180291833814e+00 2.201701519999882173e+00
1.382605159001802919e+00 2.478032479421414802e+00 -8.713383555905616085e-01 2.478032479421414802e+00 -5.373449337739067744e+00 1.549691759642131572e+00 -8.713383555905616085e-01 1.549691759642131572e+00 3.936448255773639104e-01
-3.645701999893871559e+00 2.527689906817502496e+00 1.328006486759686577e+00 2.527689906817502496e+00 -4.017670132960489582e+00 2.368106335747778068e+00 1.328006486759686577e+00 2.368106335747778068e+00 -2.857460704748087110e+00
5.083691405439284772e+00 -2.035331395219972084e+00 3.626822617281831862e-01 -2.035331395219972084e+00 7.203214719736987348e+00 2.855431552274792839e+00 3.626822617281831862e-01 2.855431552274792839e+00 -1.020423560353672210e+00
-6.979092267349356504e+00 -4.031275137528440133e+00 -4.579940199067999429e-01 -4.031275137528440133e+00 -1.341746750092264406e+00 3.698529034682745298e+00 -4.579940199067999429e-01 3.698529034682745298e+00 4.124332064818827526e-01
-9.055570211423690230e-01 -1.840665777111285539e+00 -2.218223379153276387e+00 -1.840665777111285539e+00 -2.280664054273453978e+00 -2.357575863122828075e+00 -2.218223379153276387e+00 -2.357575863122828075e+00 6.492462627184535373e-01
9.266743151813502388e-01 -1.400026790191811754e+00 -1.203274030163715924e+00 -1.400026790191811754e+00 2.883802230321126370e+00 -2.755931066855759948e+00 -1.203274030163715924e+00 -2.755931066855759948e+00 2.339203934650288252e-01
2.197703517835437825e+00 6.191859094972014255e-01 4.414739309377174514e+00 6.191859094972014255e-01 7.107232802386699966e+00 9.973520705270930153e-02 4.414739309377174514e+00 9.973520705270930153e-02 -3.638892663949243600e-01
3.960091298035117724e+00 1.344727240176821770e+00 2.232948052806630113e+00 1.344727240176821770e+00 2.314066815775844832e-01 1.844867948165760163e+00 2.232948052806630113e+00 1.844867948165760163e+00 2.873334152263432584e-01
-8.131782109345576659e-01 -4.193377128971420009e-01 8.433906117305166594e-01 -4.193377128971420009e-01 2.826654459977432587e+00 -2.152788560795206418e+00 8.433906117305166594e-01 -2.152788560795206418e+00 -3.048513143704332240e+00
-4.503212002033338379e+00 -2.470524333908993952e+00 7.498589514456684979e-01 -2.470524333908993952e+00 2.671369782281011407e+00 5.995709494297937203e-01 7.498589514456684979e-01 5.995709494297937203e-01 -2.877344563731963234e+00
-7.499842678481684288e+00 -2.514728760227514237e-01 -2.130956439096819199e+00 -2.514728760227514237e-01 -8.845416953390136783e+00 8.824992721334775636e-01 -2.130956439096819199e+00 8.824992721334775636e-01 -2.806087782604892666e+00
-1.049025122456090642e-01 -2.978466060676577598e+00 -2.443272299396220593e+00 -2.978466060676577598e+00 1.918655313027999076e+00 2.214088952463727278e+00 -2.443272299396220593e+00 2.214088952463727278e+00 1.697102460266954438e+00
-6.917474676361143437e+00 -2.415810728174180522e+00 -9.447288755811986682e-01 -2.415810728174180522e+00 -7.030974566869372389e+00 4.703467806201290791e-01 -9.447288755811986682e-01 4.703467806201290791e-01 -8.005728011913598507e+00
3.719737061579235338e+00 -4.583239220127179880e-01 2.312989622883711238e+00 -4.583239220127179880e-01 4.926556158113180039e+00 6.005301834677124084e+00 2.312989622883711238e+00 6.005301834677124084e+00 2.208562890302249393e+00
-3.377747234712626945e+00 -1.453021309455142740e+00 -2.909527842286649957e+00 -1.453021309455142740e+00 -3.957214655561210215e+00 2.048662580777589615e-01 -2.909527842286649957e+00 2.048662580777589615e-01 -3.729430413463116434e+00
3.702699543930381143e-01 -1.147802531759123612e+00 -4.299037429331717064e+00 -1.147802531759123612e+00 1.917724771383773952e+00 2.229492993234684362e-01 -4.299037429331717064e+00 2.229492993234684362e-01 -2.638559602217458444e+00
3.919649100039015455e-01 -2.520965477591564419e+00 -4.187964169182633034e-01 -2.520965477591564419e+00 2.470181872673565149e+00 -2.105965296301867795e+00 -4.187964169182633034e-01 -2.105965296301867795e+00 3.433422943106923864e+00
-6.739713969944765015e-01 -9.857595216698769036e-01 -1.022933210552742223e+00 -9.857595216698769036e-01 5.200942890062810742e-01 -2.673907245564441482e+00 -1.022933210552742223e+00 -2.673907245564441482e+00 -1.170199589160532128e+00
-3.321909042630597941e+00 -3.426745197486479988e+00 -1.197064836164689172e+00 -3.426745197486479988e+00 -1.679730642940613139e+00 1.656276409224731294e+00 -1.197064836164689172e+00 1.656276409224731294e+00 -5.434295762456612167e+00
4.054029607396653745e+00 -3.073924313071941583e+00 2.581588556353060948e+00 -3.073924313071941583e+00 3.427527168086522136e-01 -1.639258347418118544e-01 2.581588556353060948e+00 -1.639258347418118544e-01 -4.533010246772352647e-01
