1.042716357507413250e+01 -1.294072022581748693e-01 -1.358882119174721070e-01 -1.294072022581748693e-01 1.008583039968447714e+01 2.725472481449702222e-01 -1.358882119174721070e-01 2.725472481449702222e-01 -6.979976406087224916e+00
1.069826045642523837e+01 -9.367543851841859948e-02 -8.408070434362172052e-02 -9.367543851841859948e-02 1.026921558849473293e+01 3.115448727772048843e-01 -8.408070434362172052e-02 3.115448727772048843e-01 -6.912204721355731607e+00
1.097256234411803000e+01 -5.852179301118182880e-02 -2.908847527834826363e-02 -5.852179301118182880e-02 1.046027859312985342e+01 3.478750395997444733e-01 -2.908847527834826363e-02 3.478750395997444733e-01 -6.826389662314551465e+00
1.135280186231373278e+01 -2.499093552505234073e-02 3.013314506693608522e-02 -2.499093552505234073e-02 1.076128548619499270e+01 3.805843606501883580e-01 3.013314506693608522e-02 3.805843606501883580e-01 -6.599564466664279649e+00
1.172921768623470307e+01 7.505394597621240123e-03 9.287418693299687167e-02 7.505394597621240123e-03 1.106484827039337659e+01 4.099872511076261272e-01 9.287418693299687167e-02 4.099872511076261272e-01 -6.358671727356033365e+00
1.213004632744820377e+01 3.808480637036183031e-02 1.590839381941744901e-01 3.808480637036183031e-02 1.139851377238329988e+01 4.357692957929683031e-01 1.590839381941744901e-01 4.357692957929683031e-01 -6.098396813620687418e+00
1.250727354537972680e+01 6.620975126117764620e-02 2.268961926261955919e-01 6.620975126117764620e-02 1.171445031524262781e+01 4.578290704548956258e-01 2.268961926261955919e-01 4.578290704548956258e-01 -5.807167218382718765e+00
1.287819217487919587e+01 9.140353528886839551e-02 2.963718047798516997e-01 9.140353528886839551e-02 1.203256747950531569e+01 4.748176325508626228e-01 2.963718047798516997e-01 4.748176325508626228e-01 -5.505430070708080770e+00
1.328589738033213941e+01 1.141732797100301344e-01 3.676933383075173256e-01 1.141732797100301344e-01 1.239522003252226767e+01 4.878607912705124616e-01 3.676933383075173256e-01 4.878607912705124616e-01 -5.152524388242904152e+00
1.366501108933819886e+01 1.337684450649007095e-01 4.409115053348520719e-01 1.337684450649007095e-01 1.273472757138817713e+01 4.975670921217605347e-01 4.409115053348520719e-01 4.975670921217605347e-01 -4.807600794356549301e+00
1.407141806437425835e+01 1.509497132383741946e-01 5.169898362493884347e-01 1.509497132383741946e-01 1.311033200129859466e+01 5.031251410940529301e-01 5.169898362493884347e-01 5.031251410940529301e-01 -4.416346602467579707e+00
1.445770246794858593e+01 1.657475115058463511e-01 5.934840065943335352e-01 1.657475115058463511e-01 1.347381623317636468e+01 5.040481017810577447e-01 5.934840065943335352e-01 5.040481017810577447e-01 -4.034129311371152049e+00
1.485490012096486012e+01 1.783241186694278779e-01 6.713474043320879492e-01 1.783241186694278779e-01 1.385673335160689490e+01 5.009546621158219581e-01 6.713474043320879492e-01 5.009546621158219581e-01 -3.621657166106206027e+00
1.522080839244915929e+01 1.888113862558337686e-01 7.496976384761745438e-01 1.888113862558337686e-01 1.421681987106547140e+01 4.936014038951795357e-01 7.496976384761745438e-01 4.936014038951795357e-01 -3.200219117024640791e+00
1.558463746678141426e+01 1.978381446232431173e-01 8.279870180694696158e-01 1.978381446232431173e-01 1.458509132760550919e+01 4.815420604133259230e-01 8.279870180694696158e-01 4.815420604133259230e-01 -2.767563545747172338e+00
1.592388130259389456e+01 2.054246786219197096e-01 9.047956035935043051e-01 2.054246786219197096e-01 1.494047176180287373e+01 4.644317892157758809e-01 9.047956035935043051e-01 4.644317892157758809e-01 -2.355912936917911260e+00
1.623811391803106119e+01 2.124330943880768374e-01 9.817867527699134511e-01 2.124330943880768374e-01 1.528073998255367805e+01 4.437818116471855534e-01 9.817867527699134511e-01 4.437818116471855534e-01 -1.935975966755870914e+00
1.650381502921198162e+01 2.188532494965825803e-01 1.059315450478314435e+00 2.188532494965825803e-01 1.558158459681670749e+01 4.204238065683724712e-01 1.059315450478314435e+00 4.204238065683724712e-01 -1.513462820610322890e+00
1.673652283143876929e+01 2.258210955622119986e-01 1.135698054146808467e+00 2.258210955622119986e-01 1.586126196982941572e+01 3.932928193404848782e-01 1.135698054146808467e+00 3.932928193404848782e-01 -1.101507939027104088e+00
1.693884392797032135e+01 2.338031841410335432e-01 1.210153597040237505e+00 2.338031841410335432e-01 1.612298725035862645e+01 3.618918711320587289e-01 1.210153597040237505e+00 3.618918711320587289e-01 -6.914496909435545735e-01
1.231748123613174783e+01 3.112058118787671468e+00 2.281257380077045038e+00 3.112058118787671468e+00 1.516709354919194652e+01 3.067420655347942171e-01 2.281257380077045038e+00 3.067420655347942171e-01 -7.489680651780436627e+00
1.240300292305471785e+01 3.065413575157307058e+00 2.186844327909559738e+00 3.065413575157307058e+00 1.531184417254056562e+01 2.183402185382620486e-01 2.186844327909559738e+00 2.183402185382620486e-01 -7.659128396874822720e+00
1.251623235200941053e+01 3.017514606407795341e+00 2.085587132292008761e+00 3.017514606407795341e+00 1.547921458963764252e+01 1.291656456683352716e-01 2.085587132292008761e+00 1.291656456683352716e-01 -7.781610465508341790e+00
1.269473202876356233e+01 2.964407264563584832e+00 1.974956872184190360e+00 2.964407264563584832e+00 1.570694794346808010e+01 3.942909034503063598e-02 1.974956872184190360e+00 3.942909034503063598e-02 -7.823257379464024552e+00
1.292245534719304345e+01 2.907225549932384912e+00 1.856057441690954768e+00 2.907225549932384912e+00 1.598057318585739139e+01 -5.087948283260507881e-02 1.856057441690954768e+00 -5.087948283260507881e-02 -7.798750930336368015e+00
1.294388092822807579e+01 2.869211451121752354e+00 1.744875234530711916e+00 2.869211451121752354e+00 1.604549219462348830e+01 -1.426130829455918292e-01 1.744875234530711916e+00 -1.426130829455918292e-01 -7.933185161505120320e+00
1.309532516401246305e+01 2.818000800057692157e+00 1.619964598866523442e+00 2.818000800057692157e+00 1.623674686598912587e+01 -2.348384177052842692e-01 1.619964598866523442e+00 -2.348384177052842692e-01 -7.934449622025221416e+00
1.333622496389346601e+01 2.761551669696074018e+00 1.486092350151148489e+00 2.761551669696074018e+00 1.652058814654877139e+01 -3.299238417366320286e-01 1.486092350151148489e+00 -3.299238417366320286e-01 -7.803879020223440932e+00
1.353898020475144470e+01 2.699532891805443313e+00 1.343569585814134992e+00 2.699532891805443313e+00 1.676657589471303567e+01 -4.240759734793343450e-01 1.343569585814134992e+00 -4.240759734793343450e-01 -7.713379774427695068e+00
1.376977435587259713e+01 2.637162874881451291e+00 1.197203262912055255e+00 2.637162874881451291e+00 1.704130503120719808e+01 -5.191011851049630588e-01 1.197203262912055255e+00 -5.191011851049630588e-01 -7.564414282678741941e+00
1.395470672463773631e+01 2.565650607689114793e+00 1.040299769009140007e+00 2.565650607689114793e+00 1.727100532362445762e+01 -6.128519008095382192e-01 1.040299769009140007e+00 -6.128519008095382192e-01 -7.442714975319570492e+00
1.416667446357073068e+01 2.493837278468183705e+00 8.787900260687167009e-01 2.493837278468183705e+00 1.753165479258131043e+01 -7.084290594875916058e-01 8.787900260687167009e-01 -7.084290594875916058e-01 -7.273136770012794017e+00
1.437343382940902714e+01 2.417638479030714382e+00 7.099745112343809339e-01 2.417638479030714382e+00 1.779040757075801338e+01 -8.046083422228357263e-01 7.099745112343809339e-01 -8.046083422228357263e-01 -7.088174295044797013e+00
1.457104090957802711e+01 2.336462120720469215e+00 5.340037555204302233e-01 2.336462120720469215e+00 1.804417275466098758e+01 -9.011388639914408305e-01 5.340037555204302233e-01 -9.011388639914408305e-01 -6.891349976150145551e+00
1.475012263958746139e+01 2.250318238938401549e+00 3.511286439506940416e-01 2.250318238938401549e+00 1.828414929765430230e+01 -9.977597043686246003e-01 3.511286439506940416e-01 -9.977597043686246003e-01 -6.690220470246580398e+00
1.493049893631985547e+01 2.158815453047337574e+00 1.615699553461423521e-01 2.158815453047337574e+00 1.853000658560617353e+01 -1.093959057905774968e+00 1.615699553461423521e-01 -1.093959057905774968e+00 -6.468749206610927338e+00
1.507563090490469548e+01 2.062365214486358234e+00 -3.425082345319153954e-02 2.062365214486358234e+00 1.874589816631186068e+01 -1.189807172409564240e+00 -3.425082345319153954e-02 -1.189807172409564240e+00 -6.258607910651410755e+00
1.520268911637286458e+01 1.960104478773489145e+00 -2.369057103016386501e-01 1.960104478773489145e+00 1.894818174332504057e+01 -1.284380790992299737e+00 -2.369057103016386501e-01 -1.284380790992299737e+00 -6.040187408905523192e+00
1.531457380159982939e+01 1.852274095531607268e+00 -4.459531475572592329e-01 1.852274095531607268e+00 1.913876404282681420e+01 -1.377218285210136006e+00 -4.459531475572592329e-01 -1.377218285210136006e+00 -5.811430444177863919e+00
1.543670463119998892e+01 1.738402400915912915e+00 -6.608913651723944405e-01 1.738402400915912915e+00 1.934579436449084966e+01 -1.467225796359176604e+00 -6.608913651723944405e-01 -1.467225796359176604e+00 -5.551363028476294481e+00
1.920126238227497595e+01 -1.437578157464345585e+00 -2.974511135835828934e+00 -1.437578157464345585e+00 2.076647327121233388e+01 7.017430033243463594e-01 -2.974511135835828934e+00 7.017430033243463594e-01 3.056229750461203043e+00
1.891236913379114526e+01 -1.435923856161996914e+00 -2.963695294572520123e+00 -1.435923856161996914e+00 2.067305845615105753e+01 5.401922580148731390e-01 -2.963695294572520123e+00 5.401922580148731390e-01 3.095720147631887631e+00
1.864085088612028329e+01 -1.425823911368710561e+00 -2.945459283140197559e+00 -1.425823911368710561e+00 2.059031436820376015e+01 3.804892995401870093e-01 -2.945459283140197559e+00 3.804892995401870093e-01 3.158090209013417748e+00
1.838975503639830222e+01 -1.407820082575313769e+00 -2.920006261347920962e+00 -1.407820082575313769e+00 2.052111426752714962e+01 2.231662131144936112e-01 -2.920006261347920962e+00 2.231662131144936112e-01 3.247538570659707524e+00
1.815759174602542103e+01 -1.383053934423193798e+00 -2.888700302199381564e+00 -1.383053934423193798e+00 2.046289447081642621e+01 6.929684344282632802e-02 -2.888700302199381564e+00 6.929684344282632802e-02 3.360698584306327952e+00
1.794007531045813053e+01 -1.352425174638189453e+00 -2.852170233675004773e+00 -1.352425174638189453e+00 2.041138862208131499e+01 -8.101239243197370932e-02 -2.852170233675004773e+00 -8.101239243197370932e-02 3.486725385860103721e+00
1.774764427417148127e+01 -1.316746442456541599e+00 -2.811083580861702735e+00 -1.316746442456541599e+00 2.037637741498657817e+01 -2.265231871023005161e-01 -2.811083580861702735e+00 -2.265231871023005161e-01 3.639472539443628474e+00
1.757538410464153955e+01 -1.276694937241784844e+00 -2.765914383313949010e+00 -1.276694937241784844e+00 2.035260771732651364e+01 -3.666357354175948657e-01 -2.765914383313949010e+00 -3.666357354175948657e-01 3.808772380327260620e+00
1.742220160861003109e+01 -1.232473818802980015e+00 -2.717214074799194634e+00 -1.232473818802980015e+00 2.033874447892730331e+01 -5.012339460583937756e-01 -2.717214074799194634e+00 -5.012339460583937756e-01 3.992390150611337951e+00
1.729039926391296689e+01 -1.184644195184198168e+00 -2.665340603552449839e+00 -1.184644195184198168e+00 2.033668385800683254e+01 -6.298147566403574649e-01 -2.665340603552449839e+00 -6.298147566403574649e-01 4.190761192743845953e+00
1.717597192002887496e+01 -1.133235089215305580e+00 -2.610777683404810201e+00 -1.133235089215305580e+00 2.034273995517215639e+01 -7.520589160349619995e-01 -2.610777683404810201e+00 -7.520589160349619995e-01 4.395710742979260566e+00
1.708026430140819940e+01 -1.078623797684556740e+00 -2.553709125612093178e+00 -1.078623797684556740e+00 2.035884762574765716e+01 -8.682373039876217780e-01 -2.553709125612093178e+00 -8.682373039876217780e-01 4.607238801317582677e+00
1.700224126045240070e+01 -1.020974783294524180e+00 -2.494212324387274027e+00 -1.020974783294524180e+00 2.038400074496465209e+01 -9.784660118177994637e-01 -2.494212324387274027e+00 -9.784660118177994637e-01 4.823168655518878190e+00
1.694110950647847957e+01 -9.602493489387207148e-01 -2.432451742432924391e+00 -9.602493489387207148e-01 2.041736732503366269e+01 -1.083006244994287215e+00 -2.432451742432924391e+00 -1.083006244994287215e+00 5.038711538655297417e+00
1.689312509443374566e+01 -8.963797746807925515e-01 -2.368301614152960699e+00 -8.963797746807925515e-01 2.045534853505132489e+01 -1.181954746283303992e+00 -2.368301614152960699e+00 -1.181954746283303992e+00 5.247704936518675645e+00
1.686054213077111186e+01 -8.289694151792409427e-01 -2.301597476844809531e+00 -8.289694151792409427e-01 2.050068219530164981e+01 -1.275959692218519015e+00 -2.301597476844809531e+00 -1.275959692218519015e+00 5.450903442685522293e+00
1.683946188201194261e+01 -7.579021791146028919e-01 -2.232416724721446144e+00 -7.579021791146028919e-01 2.054920836683721319e+01 -1.365330659651833090e+00 -2.232416724721446144e+00 -1.365330659651833090e+00 5.641728549052931641e+00
1.683088079864829822e+01 -6.830329523375495704e-01 -2.160604569356920468e+00 -6.830329523375495704e-01 2.060183643166046963e+01 -1.450502991031233035e+00 -2.160604569356920468e+00 -1.450502991031233035e+00 5.819203153682088292e+00
1.683413135559326435e+01 -6.039650895065821201e-01 -2.085619251260403484e+00 -6.039650895065821201e-01 2.065744417368327390e+01 -1.532279651316338587e+00 -2.085619251260403484e+00 -1.532279651316338587e+00 5.981247287099278331e+00
1.684587592741227979e+01 -5.204567337061526411e-01 -2.007286633452702418e+00 -5.204567337061526411e-01 2.071157175138292672e+01 -1.611299142764196501e+00 -2.007286633452702418e+00 -1.611299142764196501e+00 6.121475926734036399e+00
1.444649912442890738e+01 1.090752094984232867e+00 2.659865763527028637e+00 1.090752094984232867e+00 3.779826419361314471e+00 3.150343178667248001e+00 2.659865763527028637e+00 3.150343178667248001e+00 -5.631490080345001203e+00
1.456802468696006159e+01 1.122204330201258982e+00 2.724891526089856075e+00 1.122204330201258982e+00 3.753728407065474837e+00 3.258641260953110574e+00 2.724891526089856075e+00 3.258641260953110574e+00 -5.498725748939279789e+00
1.472689722918147304e+01 1.158052127473582882e+00 2.787948974321656337e+00 1.158052127473582882e+00 3.760704194642791709e+00 3.373680564859742770e+00 2.787948974321656337e+00 3.373680564859742770e+00 -5.335631019500018724e+00
1.492086287820631796e+01 1.197071664419218973e+00 2.849374659377475805e+00 1.197071664419218973e+00 3.797959387654398888e+00 3.494257665044859351e+00 2.849374659377475805e+00 3.494257665044859351e+00 -5.124032129654733758e+00
1.514020244461766040e+01 1.237692368981285984e+00 2.906833120211692822e+00 1.237692368981285984e+00 3.860251946897458541e+00 3.618985562808876733e+00 2.906833120211692822e+00 3.618985562808876733e+00 -4.893280419531377490e+00
1.539196310563176695e+01 1.281250247260118158e+00 2.960303959784607475e+00 1.281250247260118158e+00 3.953649991682647968e+00 3.746966788405005300e+00 2.960303959784607475e+00 3.746966788405005300e+00 -4.628037315275730812e+00
1.562254144091767571e+01 1.324859118138199676e+00 3.007237548133749439e+00 1.324859118138199676e+00 4.025804519620540312e+00 3.875631314831075702e+00 3.007237548133749439e+00 3.875631314831075702e+00 -4.354360035104233972e+00
1.588639754647373792e+01 1.365948954613361410e+00 3.045237233094397311e+00 1.365948954613361410e+00 4.142444991143603872e+00 4.002511100283417278e+00 3.045237233094397311e+00 4.002511100283417278e+00 -4.060255119673430890e+00
1.615998303996658692e+01 1.405519211630890997e+00 3.075261675532440897e+00 1.405519211630890997e+00 4.272078376955413148e+00 4.127840710718577277e+00 3.075261675532440897e+00 4.127840710718577277e+00 -3.762794891212017045e+00
1.642631738584617196e+01 1.441030457748168514e+00 3.094057547615767234e+00 1.441030457748168514e+00 4.403241540744702753e+00 4.247214385561408179e+00 3.094057547615767234e+00 4.247214385561408179e+00 -3.455044356222075397e+00
1.668875589714309982e+01 1.469963658562274622e+00 3.099432167576653185e+00 1.469963658562274622e+00 4.543053049366691631e+00 4.359234927592476438e+00 3.099432167576653185e+00 4.359234927592476438e+00 -3.138074359287843951e+00
1.695445793479199281e+01 1.491574322124167740e+00 3.089692581120019099e+00 1.491574322124167740e+00 4.704699588987270253e+00 4.461566875766159512e+00 3.089692581120019099e+00 4.461566875766159512e+00 -2.821869251342353113e+00
1.720734043298958582e+01 1.503129245114080526e+00 3.063309010268382870e+00 1.503129245114080526e+00 4.872057299723779877e+00 4.551477026762690947e+00 3.063309010268382870e+00 4.551477026762690947e+00 -2.510620624043903071e+00
1.745110545444138594e+01 1.504138898579218564e+00 3.019455374913904144e+00 1.504138898579218564e+00 5.053703136769970072e+00 4.626629919536448199e+00 3.019455374913904144e+00 4.626629919536448199e+00 -2.206745526596916029e+00
1.766982291114188541e+01 1.490942013893475471e+00 2.954959935383270953e+00 1.490942013893475471e+00 5.235481554574208829e+00 4.683476469179671753e+00 2.954959935383270953e+00 4.683476469179671753e+00 -1.915577784882877221e+00
1.785950518182978186e+01 1.462906282826158755e+00 2.869292368644289049e+00 1.462906282826158755e+00 5.417106994580699997e+00 4.719701611686441645e+00 2.869292368644289049e+00 4.719701611686441645e+00 -1.646469441604126338e+00
1.802895358913551860e+01 1.419205625269428284e+00 2.762003939823564735e+00 1.419205625269428284e+00 5.612265870427980197e+00 4.733133062328731100e+00 2.762003939823564735e+00 4.733133062328731100e+00 -1.390690563769167110e+00
1.813974011026474997e+01 1.355128325052640026e+00 2.628811270584148208e+00 1.355128325052640026e+00 5.782591350440805300e+00 4.719161090134397440e+00 2.628811270584148208e+00 4.719161090134397440e+00 -1.176266683925466294e+00
1.823826801053442992e+01 1.272163366073876256e+00 2.474579054894431973e+00 1.272163366073876256e+00 5.978270350800428901e+00 4.677214577991846589e+00 2.474579054894431973e+00 4.677214577991846589e+00 -9.732957418731792432e-01
1.834384308802037467e+01 1.177357925549403106e+00 2.302142481272681618e+00 1.177357925549403106e+00 6.234548956108032947e+00 4.605784144963295468e+00 2.302142481272681618e+00 4.605784144963295468e+00 -7.723747023107178089e-01
1.260762534610393004e+01 -2.385374672168439236e+00 -2.452670778150461750e+00 -2.385374672168439236e+00 1.319610852687023161e+01 2.448377819233711061e-01 -2.452670778150461750e+00 2.448377819233711061e-01 3.243072089077528863e-01
1.261601251583943295e+01 -2.361117466807819198e+00 -2.402347759737442967e+00 -2.361117466807819198e+00 1.318938090375301009e+01 2.777405295468909907e-01 -2.402347759737442967e+00 2.777405295468909907e-01 4.665015356202100172e-01
1.263305516524273742e+01 -2.331742497923758872e+00 -2.342663705908732741e+00 -2.331742497923758872e+00 1.320304483549035268e+01 3.051081426411748065e-01 -2.342663705908732741e+00 3.051081426411748065e-01 6.320984508718966444e-01
1.266160532952010698e+01 -2.296802582295762729e+00 -2.274194986148523778e+00 -2.296802582295762729e+00 1.323940580001903200e+01 3.273977418316171839e-01 -2.274194986148523778e+00 3.273977418316171839e-01 8.225786279928959388e-01
1.270309399497712910e+01 -2.258334887928306944e+00 -2.198054589805603420e+00 -2.258334887928306944e+00 1.329934822637513925e+01 3.452552584367108990e-01 -2.198054589805603420e+00 3.452552584367108990e-01 1.033082675987163634e+00
1.275674604403160828e+01 -2.215663671288200298e+00 -2.113954332137875536e+00 -2.215663671288200298e+00 1.338062626105129915e+01 3.589291275789529001e-01 -2.113954332137875536e+00 3.589291275789529001e-01 1.266840251447162835e+00
1.282170685986215730e+01 -2.168401373584345926e+00 -2.021596090998342365e+00 -2.168401373584345926e+00 1.348166979407333166e+01 3.683895370436435779e-01 -2.021596090998342365e+00 3.683895370436435779e-01 1.517282729734069191e+00
1.289807581651777468e+01 -2.116468495577546349e+00 -1.922102793140691990e+00 -2.116468495577546349e+00 1.360257819949023528e+01 3.742526059345758771e-01 -1.922102793140691990e+00 3.742526059345758771e-01 1.786715588784656195e+00
1.298071527566522043e+01 -2.059914724292299937e+00 -1.815871934760919348e+00 -2.059914724292299937e+00 1.373747847100617570e+01 3.770947037359430043e-01 -1.815871934760919348e+00 3.770947037359430043e-01 2.068341643647402250e+00
1.307216921295886358e+01 -1.998918933016804234e+00 -1.702833954024725260e+00 -1.998918933016804234e+00 1.388614204830845900e+01 3.773828884780396908e-01 -1.702833954024725260e+00 3.773828884780396908e-01 2.361892584390010708e+00
1.317326243300539623e+01 -1.934276114143051339e+00 -1.583008725741909872e+00 -1.934276114143051339e+00 1.404767456495609323e+01 3.758922777430568907e-01 -1.583008725741909872e+00 3.758922777430568907e-01 2.665043058265907927e+00
1.328202732963463895e+01 -1.865668270714244015e+00 -1.456714246869268869e+00 -1.865668270714244015e+00 1.421858799182921729e+01 3.735569875915839000e-01 -1.456714246869268869e+00 3.735569875915839000e-01 2.973828040720040367e+00
1.339710247837530943e+01 -1.792837030202985460e+00 -1.324457325056697110e+00 -1.792837030202985460e+00 1.439603029372156762e+01 3.716887554704054741e-01 -1.324457325056697110e+00 3.716887554704054741e-01 3.283686262903360298e+00
1.352065423349558060e+01 -1.715593581916177834e+00 -1.186406896187492288e+00 -1.715593581916177834e+00 1.457981265994004438e+01 3.709136378882144647e-01 -1.186406896187492288e+00 3.709136378882144647e-01 3.595482279042157447e+00
1.364383830463455816e+01 -1.633699428136224263e+00 -1.043536825941842938e+00 -1.633699428136224263e+00 1.475985856191616463e+01 3.722452501447990336e-01 -1.043536825941842938e+00 3.722452501447990336e-01 3.902279780516312968e+00
1.377533004626983981e+01 -1.548406681880509561e+00 -8.949825600934593339e-01 -1.548406681880509561e+00 1.494318380750924469e+01 3.761307754606541542e-01 -8.949825600934593339e-01 3.761307754606541542e-01 4.203422898602433122e+00
1.390890864293409557e+01 -1.459099224045241616e+00 -7.410720330040375670e-01 -1.459099224045241616e+00 1.512213659494637774e+01 3.834745176816693468e-01 -7.410720330040375670e-01 3.834745176816693468e-01 4.495950286640352900e+00
1.404493184120372362e+01 -1.365210622551126241e+00 -5.823021149185720891e-01 -1.365210622551126241e+00 1.529401395009479181e+01 3.955484646350297950e-01 -5.823021149185720891e-01 3.955484646350297950e-01 4.776562726203311904e+00
1.418099478909295108e+01 -1.266174445318870356e+00 -4.189808653889590673e-01 -1.266174445318870356e+00 1.545514897054643022e+01 4.135848545283214439e-01 -4.189808653889590673e-01 4.135848545283214439e-01 5.042775866066335766e+00
1.432349717535730527e+01 -1.163083806887461602e+00 -2.507008508143033776e-01 -1.163083806887461602e+00 1.561027186103363817e+01 4.377526232448422094e-01 -2.507008508143033776e-01 4.377526232448422094e-01 5.300204339997860892e+00
