-4.460700903468182155e+00 3.198132273587753982e+00 -3.552308365282915492e+00 3.198132273587753982e+00 7.293070370632047661e-01 -1.579478544941719242e+00 -3.552308365282915492e+00 -1.579478544941719242e+00 4.489306526790186602e+00
-2.845864679725641722e+00 -2.387534128445288673e+00 1.609012573276465963e+00 -2.387534128445288673e+00 -1.194720600069389072e+00 1.726293963843614332e+00 1.609012573276465963e+00 1.726293963843614332e+00 7.582756316921824835e-01
-1.448941393035465819e-01 1.354062228620183772e+00 1.645605170372317350e+00 1.354062228620183772e+00 -2.546730824169748608e+00 -2.591892174390684644e+00 1.645605170372317350e+00 -2.591892174390684644e+00 1.122887481837514301e+01
-3.128512556900387764e+00 -3.476117347159428106e-01 2.528775369879086909e+00 -3.476117347159428106e-01 1.049814383334929380e+00 2.907435771406500225e-01 2.528775369879086909e+00 2.907435771406500225e-01 5.081259115623608658e-01
-5.955681697085100090e-01 7.528097735408847413e-01 5.006652849848605147e-01 7.528097735408847413e-01 1.055629879272092619e+00 -1.422106410340094218e+00 5.006652849848605147e-01 -1.422106410340094218e+00 7.506215401132094733e+00
-3.588019469747530277e+00 -7.926749344740073866e-01 1.276962451645645258e+00 -7.926749344740073866e-01 4.376468011448682915e+00 -1.101786478379963352e+00 1.276962451645645258e+00 -1.101786478379963352e+00 -1.651816335850284423e+00
-4.265854364354492168e-01 6.441076545274400100e-01 4.537623742314068620e-01 6.441076545274400100e-01 2.007045313757959359e+00 -1.388172370843677061e+00 4.537623742314068620e-01 -1.388172370843677061e+00 2.507534946482520954e+00
-1.248401178729411143e+00 9.006322293128231626e-01 -1.345817338072719860e+00 9.006322293128231626e-01 -9.033627442990524448e-02 -1.674695014594759890e+00 -1.345817338072719860e+00 -1.674695014594759890e+00 -9.683045345694972772e-01
-2.070505706823333902e+00 6.902527974703938363e-02 7.162864320628047343e-01 6.902527974703938363e-02 -4.140407775853476302e+00 -1.324556794364862178e+00 7.162864320628047343e-01 -1.324556794364862178e+00 2.274542299966173964e+00
-2.942824192293542751e-01 1.371639340108583849e-01 1.974549353655572936e+00 1.371639340108583849e-01 8.268094503709959575e-01 4.017558275211726149e-01 1.974549353655572936e+00 4.017558275211726149e-01 3.528045786631238467e+00
-3.857922026548112449e+00 -5.808494723607608989e-01 -6.065214481720276885e-01 -5.808494723607608989e-01 5.112394615297195521e-01 -2.610967459099654331e+00 -6.065214481720276885e-01 -2.610967459099654331e+00 -2.463851062781650114e-01
4.082416920125553794e+00 2.509634376454352278e+00 3.347916191207584991e+00 2.509634376454352278e+00 -2.271145022587280682e+00 2.125148513492369773e+00 3.347916191207584991e+00 2.125148513492369773e+00 5.203640951090902078e+00
6.315273425205250035e-01 3.187795181561195790e+00 -1.124526553457294575e+00 3.187795181561195790e+00 -1.784868910750865068e+00 -9.328419562648152530e-01 -1.124526553457294575e+00 -9.328419562648152530e-01 2.774918470245704594e+00
4.070872785161919083e+00 9.390545178923908054e-01 7.232093933617902426e-01 9.390545178923908054e-01 1.981773391609599644e+00 -2.011436839373732077e+00 7.232093933617902426e-01 -2.011436839373732077e+00 -1.313906967943675452e+00
