5.979576101277924716e-01 1.296363259560057435e-01 5.593886415117687906e-06 1.296363259560057157e-01 4.740548413814660300e-01 -2.318376805101610559e-05 5.593886415117687906e-06 -2.318376805101610559e-05 -7.986719515496131239e-01
3.286606311874866720e-03 -3.449135498925300775e-02 1.964445282594042691e-02 -3.449135498925300775e-02 8.867430137021671266e-01 3.998541615302265290e-02 1.964445282594042691e-02 3.998541615302264596e-02 -1.099728459438676254e+00
-6.341843728161431493e-01 -2.043383544336483670e-01 3.618481933580163651e-02 -2.043383544336483948e-01 1.254292171009532719e+00 8.026094417815096693e-02 3.618481933580165039e-02 8.026094417815095305e-02 -1.448548098580241250e+00
-1.029641742424414863e+00 -3.793968638771612056e-01 5.129587773166905534e-02 -3.793968638771612056e-01 1.859256399494729095e+00 1.211086912857741310e-01 5.129587773166904840e-02 1.211086912857741310e-01 -1.549248935683962491e+00
-1.578765686956245862e+00 -5.558550431655954194e-01 6.014420878574570223e-02 -5.558550431655953084e-01 2.277404965162567407e+00 1.614438512112834068e-01 6.014420878574570223e-02 1.614438512112834345e-01 -1.814862085124016700e+00
-1.898308299855355763e+00 -7.329172787635965802e-01 6.792364805530205774e-02 -7.329172787635966912e-01 2.908440193899520132e+00 2.023157187477953312e-01 6.792364805530207161e-02 2.023157187477953312e-01 -1.849397742448828375e+00
-2.257959028333406337e+00 -9.140856930515902645e-01 7.150628012152493440e-02 -9.140856930515902645e-01 3.481498788009370404e+00 2.437819643105123835e-01 7.150628012152490665e-02 2.437819643105123557e-01 -1.926457961153659859e+00
-2.593775216546279960e+00 -1.099740630771138372e+00 7.086331591430562737e-02 -1.099740630771138594e+00 4.069299523886999559e+00 2.860054295478478004e-01 7.086331591430561350e-02 2.860054295478478004e-01 -1.976476510673203180e+00
-3.080882483267524563e+00 -1.285904975161764607e+00 6.369523459460106618e-02 -1.285904975161764385e+00 4.469618690444417730e+00 3.272690491326287754e-01 6.369523459460108006e-02 3.272690491326287199e-01 -2.181691780855161689e+00
-3.401177939604279388e+00 -1.465900584065655599e+00 5.403047887192317239e-02 -1.465900584065655821e+00 4.985571029294042944e+00 3.705253317905958244e-01 5.403047887192317933e-02 3.705253317905958799e-01 -2.222762116817790456e+00
-1.366212576148492674e+00 -2.180775112541205873e-01 -1.060582581862792723e-01 -2.180775112541205873e-01 -4.482721532978362511e+00 -3.113940687393336404e+00 -1.060582581862792723e-01 -3.113940687393336404e+00 -7.397215042374281069e+00
-1.671854627469602006e+00 -8.606372715094982861e-02 -1.459405931460455164e-01 -8.606372715094982861e-02 -4.518268568019423448e+00 -3.057996661082467149e+00 -1.459405931460455164e-01 -3.057996661082467149e+00 -7.288162305676453734e+00
-1.969726865271167471e+00 4.175663417982287962e-02 -1.835512501887498205e-01 4.175663417982287962e-02 -4.557564611865278614e+00 -3.001352983116087003e+00 -1.835512501887498205e-01 -3.001352983116087003e+00 -7.170818150712307215e+00
-2.204353525474316733e+00 1.680052566536883729e-01 -2.239911919601019485e-01 1.680052566536883729e-01 -4.536189380384033853e+00 -2.937455510006799386e+00 -2.239911919601019485e-01 -2.937455510006799386e+00 -6.970245979977587325e+00
-2.406364093377338254e+00 2.886547917276962028e-01 -2.642295167444501658e-01 2.886547917276962028e-01 -4.497939892944371465e+00 -2.868356484937570450e+00 -2.642295167444501658e-01 -2.868356484937570450e+00 -6.733469413697267036e+00
-2.549767428746085418e+00 4.028630164880033226e-01 -3.017987957324330672e-01 4.028630164880033226e-01 -4.415359917652140531e+00 -2.797306262539909660e+00 -3.017987957324330672e-01 -2.797306262539909660e+00 -6.447208061689284619e+00
-2.714529911004837093e+00 5.147225781631693531e-01 -3.385496118506266527e-01 5.147225781631693531e-01 -4.353225575065518882e+00 -2.723830268259502141e+00 -3.385496118506266527e-01 -2.723830268259502141e+00 -6.158402379064940035e+00
-2.824712446178040626e+00 6.239131970859324028e-01 -3.746183879944709472e-01 6.239131970859324028e-01 -4.246185160382301760e+00 -2.644618744335450966e+00 -3.746183879944709472e-01 -2.644618744335450966e+00 -5.802109807312835876e+00
-2.972215416969330004e+00 7.256067643304676684e-01 -4.051117596397644238e-01 7.256067643304676684e-01 -4.198250865938258691e+00 -2.564600624202655332e+00 -4.051117596397644238e-01 -2.564600624202655332e+00 -5.495735454828427180e+00
-3.111420853658985575e+00 8.226800040461659247e-01 -4.320285950592259172e-01 8.226800040461659247e-01 -4.153561276953228187e+00 -2.484096210919701342e+00 -4.320285950592259172e-01 -2.484096210919701342e+00 -5.167284541636185224e+00
-1.343255708503663826e+00 8.302261926877833043e-01 -2.367128268364409038e+00 8.302261926877833043e-01 1.000089257135427800e+01 -2.433396534775497777e+00 -2.367128268364409038e+00 -2.433396534775497777e+00 -8.830051592611726008e+00
-1.090439756488646772e+00 1.152288183138640010e+00 -2.428724582372456808e+00 1.152288183138640010e+00 1.004156775611771302e+01 -2.445794302626914440e+00 -2.428724582372456808e+00 -2.445794302626914440e+00 -8.847713162840214807e+00
-8.687326341333206914e-01 1.472228095580461860e+00 -2.489646658046194005e+00 1.472228095580461860e+00 1.002095675942533681e+01 -2.462101805799633780e+00 -2.489646658046194005e+00 -2.462101805799633780e+00 -8.900287499476968733e+00
-5.404570165821857008e-01 1.787824237339348254e+00 -2.545990487165521454e+00 1.787824237339348254e+00 1.002655360078107272e+01 -2.476281327183359249e+00 -2.545990487165521454e+00 -2.476281327183359249e+00 -8.853672950482481596e+00
-1.217975670293106466e-01 2.089896890226440096e+00 -2.594813399690137690e+00 2.089896890226440096e+00 1.006181084946296167e+01 -2.488162858996554316e+00 -2.594813399690137690e+00 -2.488162858996554316e+00 -8.720683524259913000e+00
3.031397571867277541e-01 2.377109498663344755e+00 -2.639269056242762534e+00 2.377109498663344755e+00 1.005934646547217071e+01 -2.500096992292434095e+00 -2.639269056242762534e+00 -2.500096992292434095e+00 -8.578988778584800912e+00
6.910006391810303850e-01 2.651888829957497862e+00 -2.681268417877309407e+00 2.651888829957497862e+00 9.987090311422921474e+00 -2.512406129528144572e+00 -2.681268417877309407e+00 -2.512406129528144572e+00 -8.465958043580268821e+00
1.137251086122481381e+00 2.918666407435524413e+00 -2.718032968137789940e+00 2.918666407435524413e+00 9.905636391265296936e+00 -2.524521673017071866e+00 -2.718032968137789940e+00 -2.524521673017071866e+00 -8.300897140318740597e+00
1.611843130712132366e+00 3.164176815142499155e+00 -2.748683408730185906e+00 3.164176815142499155e+00 9.814263647616323638e+00 -2.537445977070444503e+00 -2.748683408730185906e+00 -2.537445977070444503e+00 -8.103437409150657800e+00
2.105509049875889271e+00 3.381942660419710478e+00 -2.771408402464223375e+00 3.381942660419710478e+00 9.711670677502452165e+00 -2.549045300314681128e+00 -2.771408402464223375e+00 -2.549045300314681128e+00 -7.870800331945729589e+00
-1.323222637980779837e+01 4.010848187909901164e+00 1.033354821124360834e+00 4.010848187909901164e+00 -1.259175889336887266e+01 1.791535680714748446e+00 1.033354821124360834e+00 1.791535680714748446e+00 -7.011077641039842767e+00
-1.302249925605081238e+01 4.091926736589075020e+00 1.076759306970019869e+00 4.091926736589075020e+00 -1.247002249692706499e+01 1.879023799820686680e+00 1.076759306970019869e+00 1.879023799820686680e+00 -6.997525481512483658e+00
-1.276190568991119534e+01 4.166832693324548309e+00 1.118799584467543129e+00 4.166832693324548309e+00 -1.231656546578944145e+01 1.969411359760570912e+00 1.118799584467543129e+00 1.969411359760570912e+00 -6.941250194870112189e+00
-1.244319211656307722e+01 4.220253022270661347e+00 1.158384056672976836e+00 4.220253022270661347e+00 -1.211588651921301718e+01 2.049598930732286384e+00 1.158384056672976836e+00 2.049598930732286384e+00 -6.841366218021940782e+00
-1.206278630219497749e+01 4.260526596061604110e+00 1.194742565750577246e+00 4.260526596061604110e+00 -1.186256383955097959e+01 2.122067003671772589e+00 1.194742565750577246e+00 2.122067003671772589e+00 -6.680789525470324897e+00
-1.168236457172625009e+01 4.287956588411448777e+00 1.228633192988392242e+00 4.287956588411448777e+00 -1.162088773081365645e+01 2.192479925378504113e+00 1.228633192988392242e+00 2.192479925378504113e+00 -6.528753174690676175e+00
-1.128570930094116243e+01 4.301802874571403201e+00 1.260795775734739665e+00 4.301802874571403201e+00 -1.137830981225795668e+01 2.260752728250189136e+00 1.260795775734739665e+00 2.260752728250189136e+00 -6.373012320308323098e+00
-1.083544960774937316e+01 4.302611072334436848e+00 1.290605628346616518e+00 4.302611072334436848e+00 -1.109348097704890179e+01 2.325217599572815708e+00 1.290605628346616518e+00 2.325217599572815708e+00 -6.177142532388009144e+00
-1.036540759385197141e+01 4.287173000374027154e+00 1.317747417950797528e+00 4.287173000374027154e+00 -1.079756111416795328e+01 2.384491862216705282e+00 1.317747417950797528e+00 2.384491862216705282e+00 -5.970029436029267167e+00
-9.865364153087167409e+00 4.257714374366040389e+00 1.341378190202022314e+00 4.257714374366040389e+00 -1.047497014333369414e+01 2.438994037619976574e+00 1.341378190202022314e+00 2.438994037619976574e+00 -5.737026851384025683e+00
-2.910321550105592348e+00 4.029938678020170251e+00 1.275112671632120609e+00 4.029938678020170251e+00 -1.018866410362780428e+01 -3.161182572601619611e+00 1.275112671632120609e+00 -3.161182572601619611e+00 -9.606118465010208496e+00
-3.010590974413652976e+00 4.024736137422806337e+00 1.242548233619343856e+00 4.024736137422806337e+00 -9.900817289073703620e+00 -3.187866374463152130e+00 1.242548233619343856e+00 -3.187866374463152130e+00 -9.554368655338940641e+00
-3.122420069565401857e+00 4.017247671575271184e+00 1.209305807738417116e+00 4.017247671575271184e+00 -9.603219389910039538e+00 -3.202031386555977743e+00 1.209305807738417116e+00 -3.202031386555977743e+00 -9.520433222811055529e+00
-3.140906745041845305e+00 4.005246658382661806e+00 1.179760544689259394e+00 4.005246658382661806e+00 -9.179679024091848660e+00 -3.208634917367881645e+00 1.179760544689259394e+00 -3.208634917367881645e+00 -9.398215660237879021e+00
-3.029555054606172693e+00 3.990941700710995299e+00 1.152880164453679024e+00 3.990941700710995299e+00 -8.601442084036749591e+00 -3.207430909334708868e+00 1.152880164453679024e+00 -3.207430909334708868e+00 -9.157299628852443973e+00
-2.951032535685639946e+00 3.976229254346426600e+00 1.124415499558223841e+00 3.976229254346426600e+00 -8.041156449830236141e+00 -3.195124420386803887e+00 1.124415499558223841e+00 -3.195124420386803887e+00 -8.956787594811880027e+00
-2.907517725023316402e+00 3.962891654304467881e+00 1.095506802359622833e+00 3.962891654304467881e+00 -7.485203943768110157e+00 -3.170941093523432119e+00 1.095506802359622833e+00 -3.170941093523432119e+00 -8.787058651344423765e+00
-2.763961883928601981e+00 3.948228041298460056e+00 1.065451836164879929e+00 3.948228041298460056e+00 -6.784965722516123954e+00 -3.137479492380034873e+00 1.065451836164879929e+00 -3.137479492380034873e+00 -8.518033170971783363e+00
-2.599778327265574784e+00 3.933402708239870371e+00 1.032894213646722292e+00 3.933402708239870371e+00 -6.039582171418095058e+00 -3.093677273343153011e+00 1.032894213646722292e+00 -3.093677273343153011e+00 -8.229730577102108313e+00
-2.438367374802769216e+00 3.920342203002074477e+00 9.974618208427885602e-01 3.920342203002074477e+00 -5.275466208415706681e+00 -3.040836763264017417e+00 9.974618208427885602e-01 -3.040836763264017417e+00 -7.939039406184485337e+00
