-1.150573073727471929e+01 1.784352067900908390e+00 1.811114533035947105e-01 1.784352067900908390e+00 -3.449495830449663680e-01 7.401530426796250062e-01 1.811114533035947105e-01 7.401530426796250062e-01 1.086861588552722857e+00
-5.042562428691176102e+00 4.896270270060471552e-01 4.140165306470371398e+00 4.896270270060471552e-01 -2.723457467611249072e+00 -4.185082824299443671e-02 4.140165306470371398e+00 -4.185082824299443671e-02 1.338783888784016884e+00
-1.961917540996378273e+00 -1.094221593123807734e+00 -3.255281680707156955e+00 -1.094221593123807734e+00 -5.157680123644189152e+00 -1.559215045966735547e+00 -3.255281680707156955e+00 -1.559215045966735547e+00 -2.437023888503530245e+00
2.684053156939758100e+00 -1.588489972487273194e+00 -3.280174731006925692e-01 -1.588489972487273194e+00 -1.385878997385821876e+00 -1.709182804903484731e+00 -3.280174731006925692e-01 -1.709182804903484731e+00 -4.061600846213786475e+00
6.298981881850400200e+00 -7.708809381126604521e-01 -2.715702807142338138e+00 -7.708809381126604521e-01 1.327749563193674831e+01 3.869184013911391301e-02 -2.715702807142338138e+00 3.869184013911391301e-02 1.363863375277461287e+01
5.418891904242539859e+00 -5.957314448769394089e-01 -2.733821716446055206e+00 -5.957314448769394089e-01 1.131575853589340541e+00 4.574108169967726845e+00 -2.733821716446055206e+00 4.574108169967726845e+00 -1.149815072046165376e+01
1.618803288327865797e-01 7.557556372359992558e-01 -2.299149699695868521e-01 7.557556372359992558e-01 1.934402738890915074e+00 -2.754759738372191347e+00 -2.299149699695868521e-01 -2.754759738372191347e+00 4.976804057711889051e+00
1.955474559733620055e+00 -3.251355894570376215e+00 1.543065908961015475e+00 -3.251355894570376215e+00 -2.371349741942476719e+00 -1.268658621702430933e+00 1.543065908961015475e+00 -1.268658621702430933e+00 2.829190837249477286e-01
-1.210175117437605197e+00 1.161163044877601802e+00 3.102060026624444689e+00 1.161163044877601802e+00 -7.431068471197705527e+00 -3.467763672998056990e+00 3.102060026624444689e+00 -3.467763672998056990e+00 -1.206889788027940824e+01
1.473108149507539544e+01 7.238302632042690199e+00 5.872988762449509181e+00 7.238302632042690199e+00 1.290530834690201445e+01 4.427142793171859658e+00 5.872988762449509181e+00 4.427142793171859658e+00 8.742036397488394783e+00
2.075269944152859036e+00 1.609146288105832934e+00 -2.089648336448831856e+00 1.609146288105832934e+00 5.108744877852441135e+00 -2.169707905386764502e+00 -2.089648336448831856e+00 -2.169707905386764502e+00 -2.208274326852826874e+00
-5.023236473768325716e+00 -3.672679787119456085e-01 1.671085560944135295e+00 -3.672679787119456085e-01 -1.727329228156929131e-01 1.245197774320367268e+00 1.671085560944135295e+00 1.245197774320367268e+00 6.834297565224704663e+00
-2.606501160125490379e+00 -3.305792852982298857e+00 9.452771418392168501e-01 -3.305792852982298857e+00 1.825952123276203709e+00 1.037492458750688185e+00 9.452771418392168501e-01 1.037492458750688185e+00 -4.925039885392542338e+00
5.006954128027722994e+00 4.897875348700601594e-01 3.279063818952374643e-01 4.897875348700601594e-01 8.730446422115276661e+00 7.356353865737590425e-01 3.279063818952374643e-01 7.356353865737590425e-01 -1.622831793231472863e+00
3.902877012809569113e+00 4.487287057522633127e-01 3.276992126635553060e+00 4.487287057522633127e-01 2.437392643587576568e+00 5.342048015864340194e+00 3.276992126635553060e+00 5.342048015864340194e+00 -5.922515927110027611e+00
-2.653113170405682619e-02 3.125603556095651658e+00 2.992288262615394046e-01 3.125603556095651658e+00 -1.978222234439144023e+00 -1.506682950319369052e+00 2.992288262615394046e-01 -1.506682950319369052e+00 8.576941917927268122e+00
-7.737130544265384380e+00 -1.785407520994424013e+00 -1.270679562086278747e+00 -1.785407520994424013e+00 -5.823505333775939041e-01 4.144052699626232794e+00 -1.270679562086278747e+00 4.144052699626232794e+00 -4.079546445358098739e-01
1.317481752511365567e+00 -3.760656048721177647e-01 1.053000388781382357e+00 -3.760656048721177647e-01 1.362012242651602811e+00 1.067836296795043438e+00 1.053000388781382357e+00 1.067836296795043438e+00 -5.576973390680112885e+00
-7.457514611125205528e-01 8.521048547842020593e-01 2.219561279753327288e+00 8.521048547842020593e-01 -6.594899850248915563e+00 -1.003341546451822053e+00 2.219561279753327288e+00 -1.003341546451822053e+00 2.972932228010445321e+00
4.249133970451695497e+00 3.121322802731465451e+00 -3.247546889396764502e+00 3.121322802731465451e+00 6.900434278658678977e+00 9.905513698625676433e-01 -3.247546889396764502e+00 9.905513698625676433e-01 9.459814983322601734e+00
2.126588442465197293e+00 2.107463801315078378e+00 1.052699750086993014e+00 2.107463801315078378e+00 -2.177931535722363421e+00 3.235493482711929158e-02 1.052699750086993014e+00 3.235493482711929158e-02 -2.307590119790967176e+00
1.690289881427529561e+00 5.854292819924704627e-01 -3.814448038682979325e-01 5.854292819924704627e-01 1.735621501101791475e+00 4.718346788666150649e-01 -3.814448038682979325e-01 4.718346788666150649e-01 -2.254349881643849418e+00
-3.642095420235069270e+00 -1.811634739846549325e+00 -1.341904944652932308e+00 -1.811634739846549325e+00 -7.321632506337110158e+00 1.672409980222266057e+00 -1.341904944652932308e+00 1.672409980222266057e+00 -1.062099926542348527e+01
8.133952503936665579e-01 3.596225664895826402e+00 8.648572896051250902e-01 3.596225664895826402e+00 -3.302790223677786852e+00 -3.967740059203193059e+00 8.648572896051250902e-01 -3.967740059203193059e+00 5.640901713565705577e+00
-5.380971674575307340e+00 1.436759346673455839e+00 1.306900179430735776e+00 1.436759346673455839e+00 6.981232459797887202e+00 -2.712481834673267755e+00 1.306900179430735776e+00 -2.712481834673267755e+00 -4.407394583211843297e+00
-2.004210148135245451e+00 -1.069395478336599092e+00 -3.856362547591670520e+00 -1.069395478336599092e+00 -1.100879839809351557e+00 -6.980808798365335521e-01 -3.856362547591670520e+00 -6.980808798365335521e-01 -6.595365041031316267e+00
-8.488604843842800562e+00 -1.312090017018792576e+00 2.148997333763798423e+00 -1.312090017018792576e+00 -9.058341570982235691e-01 1.081436902861647106e-02 2.148997333763798423e+00 1.081436902861647106e-02 1.149980769459873287e+01
-6.291142207381362539e+00 -2.435900735704966902e+00 4.236481949480164211e+00 -2.435900735704966902e+00 2.051612467532026418e+00 2.445470797464166235e-01 4.236481949480164211e+00 2.445470797464166235e-01 -8.235221011213088360e+00
-5.031780756739337335e+00 -4.697679795889966314e+00 -1.046785266115217716e+00 -4.697679795889966314e+00 3.499608049573366575e+00 -2.685074158162645830e+00 -1.046785266115217716e+00 -2.685074158162645830e+00 -1.321357126440040375e+01
-3.367020522348500577e+00 2.431020079618551488e+00 2.055342144368494939e+00 2.431020079618551488e+00 3.589427107343369006e+00 3.984901775655897566e-02 2.055342144368494939e+00 3.984901775655897566e-02 3.968478324130748636e+00
-1.192973406780633283e+01 -1.291387135894930704e+00 -4.711312869294477235e-01 -1.291387135894930704e+00 -9.941417911516248651e+00 -1.106461183802920578e+00 -4.711312869294477235e-01 -1.106461183802920578e+00 8.701883419398472874e-01
3.238659885879976663e+00 6.748527572544047004e+00 -7.987064104037981949e-01 6.748527572544047004e+00 1.096326534667561781e+01 -3.633795321660324151e-01 -7.987064104037981949e-01 -3.633795321660324151e-01 6.842894634816517829e+00
-4.725882200111112041e+00 2.521634877982827483e+00 2.102089441866378028e+00 2.521634877982827483e+00 -4.359543132687480060e+00 -1.195366996012454885e+00 2.102089441866378028e+00 -1.195366996012454885e+00 2.566628959333926985e-01
2.252383830979396429e+00 -1.644689674541319313e+00 3.075494445457928272e+00 -1.644689674541319313e+00 4.695116939513550136e+00 3.950041612101915067e+00 3.075494445457928272e+00 3.950041612101915067e+00 1.212702543538401789e+00
2.671383281701190437e+00 -2.355123532067711967e+00 -8.489713278171232558e-01 -2.355123532067711967e+00 3.061627162834195115e+00 6.219438255097843316e-01 -8.489713278171232558e-01 6.219438255097843316e-01 3.380614403041541927e+00
-5.519969252057712161e+00 -9.753833674545326904e-01 8.060264389586988543e-01 -9.753833674545326904e-01 -1.085730345491778515e+01 3.327979125120016146e+00 8.060264389586988543e-01 3.327979125120016146e+00 3.512890183622013662e+00
2.893058423752006725e+00 -3.676110346115181393e+00 6.675733159094201508e-01 -3.676110346115181393e+00 2.168321279398701229e+00 5.089604296428962282e-01 6.675733159094201508e-01 5.089604296428962282e-01 5.018726866293643951e+00
-6.873715313263924820e+00 8.772377014893582015e-01 -3.515789414158299042e-01 8.772377014893582015e-01 -9.253737166893676758e+00 1.630796465306363796e+00 -3.515789414158299042e-01 1.630796465306363796e+00 2.487670687425320271e+00
2.409169444261150161e+01 -2.446843629929146058e+00 -1.569744633924843535e+00 -2.446843629929146058e+00 4.271269637233173988e+00 -2.166569211174888210e+00 -1.569744633924843535e+00 -2.166569211174888210e+00 3.489083279810969440e+00
1.370415210934518235e+00 -1.568843128600793557e+00 -2.356758859633000913e+00 -1.568843128600793557e+00 6.611529466314667758e+00 3.368988019973186976e+00 -2.356758859633000913e+00 3.368988019973186976e+00 7.808443828082196614e-01
-2.631923947108108841e+00 -1.735208612997303890e+00 -1.947764056889525142e+00 -1.735208612997303890e+00 -1.151531059621266007e+00 1.815582884452371371e+00 -1.947764056889525142e+00 1.815582884452371371e+00 -8.896564898158061396e+00
1.343460482564569292e+00 3.291970708686842162e-01 -1.679022510034236193e+00 3.291970708686842162e-01 1.128491650695664511e-01 -1.781505888639345059e-01 -1.679022510034236193e+00 -1.781505888639345059e-01 -4.686843370462920433e+00
