-5.980613293626600324e+00 7.597839095403450260e-01 -2.244190584482220530e+00 7.597839095403450260e-01 -6.792970773627425629e+00 -3.427402852557148716e+00 -2.244190584482220530e+00 -3.427402852557148716e+00 1.022227394003206413e+01
-4.116139259652840998e+00 1.295754988287259435e+00 2.914547910246291451e+00 1.295754988287259435e+00 7.388752685895089156e-03 -3.538389828351801381e+00 2.914547910246291451e+00 -3.538389828351801381e+00 1.720912357336414544e+01
-9.656514860947616796e+00 1.903603261354546605e+00 4.264514699503376249e+00 1.903603261354546605e+00 -1.293050383985355012e+01 3.260312442407357292e+00 4.264514699503376249e+00 3.260312442407357292e+00 4.268110662120056631e+00
-5.038754049637653054e+00 3.105326739315482865e+00 2.469257129333422451e+00 3.105326739315482865e+00 -7.220231213383740076e+00 2.597157589345058248e+00 2.469257129333422451e+00 2.597157589345058248e+00 8.063499044509828906e+00
-1.146975469046573215e+00 1.006265964079638087e+00 4.480618307635412023e+00 1.006265964079638087e+00 4.121877806854059578e+00 4.262137070220563650e+00 4.480618307635412023e+00 4.262137070220563650e+00 3.605143326226264122e+01
-5.175302275026546717e+00 4.143648274030400924e-02 9.814976229471077118e-02 4.143648274030400924e-02 -4.420265923593557744e+00 3.406741363413054113e+00 9.814976229471077118e-02 3.406741363413054113e+00 9.605656945079758202e+00
-4.819852333264607047e+00 -8.886133159190413855e-02 6.602499745176427792e-01 -8.886133159190413855e-02 1.444243273477161082e+00 -7.842466840817390761e+00 6.602499745176427792e-01 -7.842466840817390761e+00 1.246838609385775953e+01
-3.667578330020304200e+00 -2.387596981115949202e+00 -1.093254004840007870e-01 -2.387596981115949202e+00 -2.050303006106670267e+00 1.181241232489637971e+00 -1.093254004840007870e-01 1.181241232489637971e+00 1.389601105135358949e+01
2.979197292502274941e+00 1.248306320836257033e+00 3.428377098468546880e+00 1.248306320836257033e+00 1.358838795510692865e+00 2.492625230564366579e+00 3.428377098468546880e+00 2.492625230564366579e+00 2.038030047578923742e+01
-3.864174998072536393e+00 6.379530986183619135e-01 5.724602922409592898e-01 6.379530986183619135e-01 -7.143367789102169851e+00 3.325612308876704670e+00 5.724602922409592898e-01 3.325612308876704670e+00 1.258287606706784878e+01
-5.956622363931156627e+00 7.063394263984491550e-01 1.581626778900972141e+00 7.063394263984491550e-01 -3.363571987214505121e+00 7.476199901406722637e-01 1.581626778900972141e+00 7.476199901406722637e-01 1.011837608801541499e+01
1.740205012235448434e+00 -1.593130561338556295e-01 -9.443196540793349358e-01 -1.593130561338556295e-01 -2.115614956208666353e+00 -1.207599043589819177e+00 -9.443196540793349358e-01 -1.207599043589819177e+00 1.863952970002663889e+01
-9.771441186771472331e-01 5.162882914911535170e-01 7.642329459343547571e-01 5.162882914911535170e-01 2.316603735133292208e+00 2.132027334403137964e+00 7.642329459343547571e-01 2.132027334403137964e+00 1.499995605729054127e+01
-2.433955442830050053e+00 -3.041987026524344689e-02 -4.459313908733553156e-01 -3.041987026524344689e-02 2.691117730229874994e+00 -6.142979533109253154e+00 -4.459313908733553156e-01 -6.142979533109253154e+00 1.489271627208306370e+01
6.451971163981173873e-02 8.505351095961459773e-01 -1.876057343946600175e+00 8.505351095961459773e-01 3.957950236311618131e+00 -3.468670679282293556e-01 -1.876057343946600175e+00 -3.468670679282293556e-01 1.730417346135288881e+01
-7.591059152174051139e-02 -1.406696652687297266e+00 2.207830875236286516e+00 -1.406696652687297266e+00 -4.145074136066161152e+00 2.289860035250921744e+00 2.207830875236286516e+00 2.289860035250921744e+00 1.577340062661752995e+01
-1.129479862907650123e+00 -1.745618642575266666e+00 -3.624796705400374908e+00 -1.745618642575266666e+00 -8.230854892699429604e-01 -1.538379062042946943e+00 -3.624796705400374908e+00 -1.538379062042946943e+00 1.626443295457279703e+01
-8.967297881876259424e+00 4.249605513105931265e-01 1.089240899987005795e+00 4.249605513105931265e-01 -1.040568285868191900e+01 2.931504270939089274e-01 1.089240899987005795e+00 2.931504270939089274e-01 -1.684131450565855204e+01
-5.491752261119606793e-01 -5.882587008178057353e-01 -9.918952055455739769e-01 -5.882587008178057353e-01 -3.106741088538639506e+00 -5.311384239316351286e-01 -9.918952055455739769e-01 -5.311384239316351286e-01 -3.737849805723314933e+00
-5.854445489210642783e+00 -6.707400090166081297e-01 -6.802849834287299835e+00 -6.707400090166081297e-01 -7.005509681507437136e+00 -4.375174228975559743e+00 -6.802849834287299835e+00 -4.375174228975559743e+00 1.219420424559500660e+01
-4.707446227890896395e+00 9.199941634217965181e-01 2.376161351976715519e+00 9.199941634217965181e-01 -5.043428345627616771e+00 7.442270853722075807e-02 2.376161351976715519e+00 7.442270853722075807e-02 1.358424871798758993e+01
4.147018561813591297e+00 -5.283102066269800279e-01 1.037687299869449298e+00 -5.283102066269800279e-01 3.673100339794209468e+00 1.481694256469269222e+00 1.037687299869449298e+00 1.481694256469269222e+00 2.155623516937536976e+01
-5.863762768511164847e-01 -1.799290456789934156e+00 6.765526389644714866e-01 -1.799290456789934156e+00 -2.805444338631569057e+00 1.451502037230308462e+00 6.765526389644714866e-01 1.451502037230308462e+00 1.861175942220101120e+01
-1.205036234048799892e+00 -1.049893134349256574e+00 -3.614027420658076917e+00 -1.049893134349256574e+00 -1.572495192142953968e+00 -6.860699852595877779e+00 -3.614027420658076917e+00 -6.860699852595877779e+00 1.806162721003853733e+01
-4.903384623475381399e-01 -1.121867619539680533e-01 5.042671071402351352e-02 -1.121867619539680533e-01 -4.252848829710183409e+00 4.413726980590330307e+00 5.042671071402351352e-02 4.413726980590330307e+00 1.324444170867027637e+01
-1.176429200302432809e+00 6.204796067706886964e-01 1.456871518360960127e-01 6.204796067706886964e-01 -4.998259195369273655e+00 3.090968631716457526e-01 1.456871518360960127e-01 3.090968631716457526e-01 -8.974925452931499237e+00
-2.773185953347419019e-01 2.831712379043473504e+00 4.613102034316005629e+00 2.831712379043473504e+00 -3.930065561329110224e+00 5.173132409703183221e+00 4.613102034316005629e+00 5.173132409703183221e+00 1.498406660257850476e+01
1.116109670592923431e+00 6.575384436312878278e-02 3.076295669778019715e+00 6.575384436312878278e-02 -1.894437307944566884e+00 -1.827910495191589435e+00 3.076295669778019715e+00 -1.827910495191589435e+00 1.398608489279964573e+01
-6.446410468110030934e+00 -2.348876445635097177e-01 -4.257413985165654502e-01 -2.348876445635097177e-01 -4.368988895787758509e+00 2.229987039837711293e+00 -4.257413985165654502e-01 2.229987039837711293e+00 1.222087908711566051e+01
-3.846660446949277556e+00 -5.799647097692760545e-01 1.785120376395324060e+00 -5.799647097692760545e-01 -4.980038019062282828e+00 -5.174727237648501621e+00 1.785120376395324060e+00 -5.174727237648501621e+00 1.619810753525171876e+01
-7.238280070349643047e+00 -4.993450474077626988e-01 -1.704825547611498848e+00 -4.993450474077626988e-01 -2.093765685425681422e+00 -1.697235075015150363e+00 -1.704825547611498848e+00 -1.697235075015150363e+00 1.097561808039934839e+01
-3.235103730261622346e+00 5.944834520804501699e-01 1.667864024978436888e+00 5.944834520804501699e-01 5.946063502915182930e+00 -1.539283181031476655e+00 1.667864024978436888e+00 -1.539283181031476655e+00 -6.499330954026840246e+00
-1.653885246158626865e+00 9.593782197172671111e-01 4.343610863376161646e+00 9.593782197172671111e-01 -4.838226052588250781e+00 8.516451419106951803e+00 4.343610863376161646e+00 8.516451419106951803e+00 1.167961434450287328e+01
3.918079474262661677e+00 2.918339996438774619e+00 2.436896202154300362e+00 2.918339996438774619e+00 -4.811399142752439961e-01 6.462198965097509351e+00 2.436896202154300362e+00 6.462198965097509351e+00 1.936003572228236536e+01
-1.637171147049529374e+00 6.447478332142703161e-01 3.585064510857358222e+00 6.447478332142703161e-01 3.283479679769988335e-01 -3.555005169405229370e+00 3.585064510857358222e+00 -3.555005169405229370e+00 1.791953758751973780e+01
-1.549331007472790400e+00 -7.009870238437009016e-02 -7.483523505372378093e-01 -7.009870238437009016e-02 2.587609565924783084e+00 -4.728277994084689739e-01 -7.483523505372378093e-01 -4.728277994084689739e-01 -2.313026047776681082e+00
3.812847279849024495e+00 6.187300796820724980e-01 3.082865483193069078e+00 6.187300796820724980e-01 2.526910698752312445e+00 2.287708367909414786e+00 3.082865483193069078e+00 2.287708367909414786e+00 2.681392710389917511e+01
-4.479455394982327643e-02 2.261297546003772752e+00 2.146303033355049905e+00 2.261297546003772752e+00 -2.822020811616211475e-02 2.361269463392997814e+00 2.146303033355049905e+00 2.361269463392997814e+00 1.463322443768705128e+01
-1.921202552824848642e+00 1.285132467283800262e+00 3.361997050821345034e+00 1.285132467283800262e+00 2.421994190473590436e+00 -5.003261656194680773e-01 3.361997050821345034e+00 -5.003261656194680773e-01 1.397244730334564977e+01
9.935212419297712927e+00 -2.521812383244514510e+00 -6.890611798956864931e+00 -2.521812383244514510e+00 3.821253876248285941e+00 5.181075200072720932e+00 -6.890611798956864931e+00 5.181075200072720932e+00 2.357307384605642753e+01
5.908441945896109049e-01 -7.441956108658230873e-01 -5.937538816270017783e+00 -7.441956108658230873e-01 -4.034175312446424577e+00 9.783841869926563906e-01 -5.937538816270017783e+00 9.783841869926563906e-01 1.634467139967700433e+01
1.332729641451136260e+00 2.240196666979723528e+00 2.450436066067797736e+00 2.240196666979723528e+00 3.253156264682696364e+00 -7.262122589062928180e-01 2.450436066067797736e+00 -7.262122589062928180e-01 -6.600077566810437446e+00
3.140572096736597794e-03 -4.882460646599785514e-01 -1.760295791874616045e+00 -4.882460646599785514e-01 -1.744572404775921681e+00 1.550313651962255124e+00 -1.760295791874616045e+00 1.550313651962255124e+00 2.046978194603763512e+01
-2.374774257949192613e+00 -2.028448868828395479e+00 -2.850272344527935875e+00 -2.028448868828395479e+00 -1.196430578500863762e+00 -2.212787655092117944e+00 -2.850272344527935875e+00 -2.212787655092117944e+00 1.812132486907613327e+01
-5.016997783659743249e+00 -1.221206110171782599e+00 3.575905644860201127e-01 -1.221206110171782599e+00 -7.358719070918953165e+00 -2.305214358642768246e+00 3.575905644860201127e-01 -2.305214358642768246e+00 1.167782598123011617e+01
-5.648107292802754920e+00 -1.126522188237088606e+00 -2.014962153136204304e+00 -1.126522188237088606e+00 -4.425946270763270185e+00 9.718899479892856297e-01 -2.014962153136204304e+00 9.718899479892856297e-01 1.047188965812406458e+01
8.462835891388121867e-01 -9.836281990621362770e-01 -1.175729444681103297e+00 -9.836281990621362770e-01 3.546798754848209168e+00 6.559125242121072175e-01 -1.175729444681103297e+00 6.559125242121072175e-01 2.195954036711254886e+01
-2.689895686837606270e+00 2.796426363300673401e+00 2.781105342478873421e+00 2.796426363300673401e+00 -4.110280477915084774e+00 4.778824202144952515e+00 2.781105342478873421e+00 4.778824202144952515e+00 1.020017598641945611e+01
-2.517920711673915513e+00 2.335774864780974180e+00 -5.749384532851493229e-02 2.335774864780974180e+00 -1.806381936747510242e+00 1.370099931272017901e+00 -5.749384532851493229e-02 1.370099931272017901e+00 1.374123619987964418e+01
3.082406249898786421e-01 -4.949015756528541976e-01 -6.214106404084873692e-01 -4.949015756528541976e-01 1.028602885532678091e+00 5.925762684536532987e+00 -6.214106404084873692e-01 5.925762684536532987e+00 1.466931251240170120e+01
