-1.331490827117860043e+01 4.017994426570435929e-01 -2.524889413022106233e+00 4.017994426570435929e-01 8.465936061391058587e+00 -8.197210796913801945e-01 -2.524889413022106233e+00 -8.197210796913801945e-01 1.315416086293316766e+01
-7.278250711640569470e+00 1.938882932000810966e+00 -3.753034639996603028e-01 1.938882932000810966e+00 -8.989068454847718215e+00 -7.861320153371590402e-01 -3.753034639996603028e-01 -7.861320153371590402e-01 1.473104997637280311e+00
-5.066900366257112154e+00 -9.856950065577922970e-01 -5.888483460214599674e-01 -9.856950065577922970e-01 -4.151869474286201900e+00 -4.118353172473961932e-01 -5.888483460214599674e-01 -4.118353172473961932e-01 7.738952254007246623e+00
-4.585654397232027613e+00 -7.108440225527903333e-01 -1.956502786535507132e+00 -7.108440225527903333e-01 -5.125931450142568124e+00 -8.352770002687361917e-01 -1.956502786535507132e+00 -8.352770002687361917e-01 -1.680249164323000199e+00
-4.227664078668880165e+00 3.308241175667764100e+00 -2.246507548674894661e+00 3.308241175667764100e+00 7.998931778240417678e+00 -2.141307761577765145e+00 -2.246507548674894661e+00 -2.141307761577765145e+00 2.564458460904368575e+00
-4.008963009234641217e-01 3.768461231940636758e+00 8.802925671153146725e-01 3.768461231940636758e+00 -9.541609701413303668e+00 -9.942686018637136858e-02 8.802925671153146725e-01 -9.942686018637136858e-02 -2.716703138723122191e+00
-3.249786476444514793e+00 2.357744643304009902e+00 1.341491002561491896e+00 2.357744643304009902e+00 -1.198420903897313261e+00 -5.672801341536123365e-01 1.341491002561491896e+00 -5.672801341536123365e-01 9.383435493072851408e-01
-6.783086924454567068e+00 -1.257728475116966838e+00 2.297137066904188618e+00 -1.257728475116966838e+00 -1.651892562952809129e+01 1.021299446926186461e+00 2.297137066904188618e+00 1.021299446926186461e+00 4.505246688044625691e-02
-6.088966790049743061e+00 -1.389565213232201168e+00 -4.059086049343066271e+00 -1.389565213232201168e+00 -7.651341890949058033e+00 -3.727448902832316335e+00 -4.059086049343066271e+00 -3.727448902832316335e+00 8.831766080943989294e+00
-2.879967454189058085e+00 -1.672431176688712551e+00 5.457071608414326036e+00 -1.672431176688712551e+00 -1.405828400832568370e+01 -3.227940446045789002e+00 5.457071608414326036e+00 -3.227940446045789002e+00 -1.325677045866864523e+00
-1.059209098732434740e+01 7.406785400210803560e-01 8.793043722787108329e-01 7.406785400210803560e-01 -1.500744454444239473e+01 -1.131997781724685570e+00 8.793043722787108329e-01 -1.131997781724685570e+00 -5.525633509446177705e+00
-5.679483728058083436e+00 7.015160908398349049e-01 -1.703215457414460676e+00 7.015160908398349049e-01 -9.332810808092116162e+00 -1.649214418981791219e+00 -1.703215457414460676e+00 -1.649214418981791219e+00 4.224153401550415410e+00
-1.866905607535461797e+01 -2.394273373339594890e-01 -2.536737505462596243e+00 -2.394273373339594890e-01 -1.505757923348593508e+01 2.780487359288356775e+00 -2.536737505462596243e+00 2.780487359288356775e+00 -7.362433561924802028e+00
-1.231187602265949721e+01 1.452869803494021950e+00 1.999773364774648066e+00 1.452869803494021950e+00 -7.186949832001657157e+00 -9.393329718148110130e-01 1.999773364774648066e+00 -9.393329718148110130e-01 3.278385995900615413e+00
-7.944283766396944557e+00 -1.182536282784100445e-01 -3.179760859761791014e+00 -1.182536282784100445e-01 3.481594254188501214e+00 -4.816498139739946005e+00 -3.179760859761791014e+00 -4.816498139739946005e+00 5.549060675658024522e+00
-4.559370233229267377e+00 -1.337750310247446617e+00 1.522853126420624648e+00 -1.337750310247446617e+00 -2.820148917406947842e+00 1.651317387956464100e-01 1.522853126420624648e+00 1.651317387956464100e-01 1.170140286612703306e+00
-3.274300869659708901e+00 1.635511436162484789e-01 -2.428071908771928022e+00 1.635511436162484789e-01 -3.864421758640951943e+00 1.375706899176346809e+00 -2.428071908771928022e+00 1.375706899176346809e+00 -3.395133430988131806e+00
-1.981496054860247824e+00 1.250562330311708381e+00 3.189309435661717096e+00 1.250562330311708381e+00 7.533117738641460726e+00 3.638847999837050207e+00 3.189309435661717096e+00 3.638847999837050207e+00 8.751872484816930253e+00
-1.045439178539652225e+01 9.803577917638157946e-02 -2.952153734810919694e+00 9.803577917638157946e-02 -6.000964252089464601e+00 2.313351654173553484e+00 -2.952153734810919694e+00 2.313351654173553484e+00 -1.738231399617260697e+00
-8.001296919290998844e+00 -8.203992517774034710e-01 -9.978750706798226178e-01 -8.203992517774034710e-01 1.463921884308384991e+00 -3.588060934137602409e+00 -9.978750706798226178e-01 -3.588060934137602409e+00 -1.689131964915262074e+00
-6.351426471188213796e+00 3.907002826984323551e+00 -3.836773662235094529e-01 3.907002826984323551e+00 1.239800109768019604e-01 2.146019067091193833e-01 -3.836773662235094529e-01 2.146019067091193833e-01 2.275755566981866984e+00
-3.991559060310406970e+00 7.223263292037934491e+00 2.440694917543301923e+00 7.223263292037934491e+00 -1.148851226106981294e+01 -2.062334689790274567e+00 2.440694917543301923e+00 -2.062334689790274567e+00 7.762493739481134192e+00
2.798184564349806003e+00 -3.489280035732941765e-01 -6.320786080836005461e+00 -3.489280035732941765e-01 7.309196607890079633e+00 -3.448295030256612659e+00 -6.320786080836005461e+00 -3.448295030256612659e+00 1.190820848997519477e+01
-9.692088229389973719e+00 1.379475357979364381e+00 -3.702802595256831530e+00 1.379475357979364381e+00 -3.580521258621351954e+00 -3.875861980255594030e+00 -3.702802595256831530e+00 -3.875861980255594030e+00 -3.836608714832314693e+00
-6.462709279624909264e+00 5.730702045882239970e-01 1.679226142491116736e-01 5.730702045882239970e-01 -4.887832045639291856e+00 6.833800120057531569e-01 1.679226142491116736e-01 6.833800120057531569e-01 5.031142451115260705e+00
3.041807246322179026e+00 -4.610057825374449969e+00 -7.736277322293528824e-01 -4.610057825374449969e+00 1.081647027142254025e+01 1.131877604137672133e+00 -7.736277322293528824e-01 1.131877604137672133e+00 1.203118940372403145e+01
-5.979967394565317562e+00 2.429835250124485757e+00 -9.377583886333800134e-01 2.429835250124485757e+00 -6.343226841907492641e+00 1.812524414419132146e+00 -9.377583886333800134e-01 1.812524414419132146e+00 1.520832927454860872e+00
-4.695022478372824715e+00 -3.248179275650744380e+00 7.929055745800172028e-01 -3.248179275650744380e+00 1.665989791460451341e+00 -1.625296859481952572e+00 7.929055745800172028e-01 -1.625296859481952572e+00 1.236141786869421644e+01
-1.018555466661011089e+01 1.450894191205008399e+00 -7.204787207362391976e-01 1.450894191205008399e+00 -8.506366562056008718e+00 -8.375319161820335978e+00 -7.204787207362391976e-01 -8.375319161820335978e+00 -6.494735637332526679e+00
-3.617233308000909364e+00 1.712610328580453922e+00 1.351894132399495296e+00 1.712610328580453922e+00 -2.325132837241246531e+00 9.303250272571194079e-01 1.351894132399495296e+00 9.303250272571194079e-01 3.049941226414203843e+00
-6.880202323405020692e+00 -2.520845330179349197e+00 7.396385988481358753e-01 -2.520845330179349197e+00 -6.721080795594183144e+00 1.243510398935593786e+00 7.396385988481358753e-01 1.243510398935593786e+00 4.460421398156390715e+00
-4.014736096051868763e+00 8.420385087036033056e-01 -1.342055783023251604e-02 8.420385087036033056e-01 -2.430698491787998794e+00 -9.012594749976846620e-01 -1.342055783023251604e-02 -9.012594749976846620e-01 4.579472473581354564e+00
-7.461732049737325845e+00 -2.200927595799424541e+00 -2.228807941366143908e+00 -2.200927595799424541e+00 -9.827268016425435349e+00 -9.251487073764770308e-01 -2.228807941366143908e+00 -9.251487073764770308e-01 9.916161181444655970e-01
-4.145217603990187349e+00 2.533120471419925135e-01 -2.033599881364619222e+00 2.533120471419925135e-01 9.919557816701107811e-02 2.004250398727348781e+00 -2.033599881364619222e+00 2.004250398727348781e+00 1.150523860431900758e+01
-1.143381057557449232e+00 3.503190886592799203e+00 -1.687918561328089817e+00 3.503190886592799203e+00 -2.426507590432228412e+00 -2.281179739269998397e+00 -1.687918561328089817e+00 -2.281179739269998397e+00 1.702078606557169138e+01
-9.791912720044539498e+00 1.592573997919614737e+00 6.456641809153400580e-01 1.592573997919614737e+00 -2.562146083919885520e+00 -9.342701644976843411e+00 6.456641809153400580e-01 -9.342701644976843411e+00 1.084251586538833578e+00
1.793736619192224824e+00 -2.516725453659567346e+00 -3.307380063966722794e-01 -2.516725453659567346e+00 1.276627080178325890e+01 2.821486178021039404e+00 -3.307380063966722794e-01 2.821486178021039404e+00 3.218064137988755391e+01
-5.314389298563233055e+00 4.054736297511972509e+00 6.186556421540577944e+00 4.054736297511972509e+00 -9.738977064992967669e+00 4.801250893949187137e+00 6.186556421540577944e+00 4.801250893949187137e+00 2.717504982933669933e+00
-1.497464560240240994e+00 -3.158394939466489415e+00 2.977872011769407301e+00 -3.158394939466489415e+00 -7.498407689257551745e+00 -3.346860362482897422e+00 2.977872011769407301e+00 -3.346860362482897422e+00 4.838023392705204984e+00
9.560754323165426172e+00 8.433551153147648138e-01 2.440979548418527934e+00 8.433551153147648138e-01 4.034172010922404183e+00 4.293431662788878889e+00 2.440979548418527934e+00 4.293431662788878889e+00 1.542166345357466994e+01
-9.553988436119263739e+00 -1.388863508506965827e+00 1.427364816825933191e+00 -1.388863508506965827e+00 -1.175143549826528755e+01 1.750173892741249571e+00 1.427364816825933191e+00 1.750173892741249571e+00 1.141704923658259235e-01
-3.222685532299697009e+00 1.371587587495844529e+00 -7.188638530454197761e-01 1.371587587495844529e+00 -7.403291278074061177e-01 8.969744602668339173e-01 -7.188638530454197761e-01 8.969744602668339173e-01 8.492842433065325380e+00
1.846807275388944403e+00 8.464141730447302114e-01 3.217901156402878993e+00 8.464141730447302114e-01 1.687312756781969458e+00 3.303837995187081766e+00 3.217901156402878993e+00 3.303837995187081766e+00 6.487761390104912707e+00
-5.687391369222863702e+00 2.781020961273050762e+00 -6.296037382375575531e-01 2.781020961273050762e+00 -4.347654510649853421e+00 -7.808818298141248171e+00 -6.296037382375575531e-01 -7.808818298141248171e+00 2.241959406357568074e+00
-6.814122042585492700e+00 2.953203335226838977e+00 7.370751848079384327e-01 2.953203335226838977e+00 -6.296381375108988543e+00 2.063594957999084212e+00 7.370751848079384327e-01 2.063594957999084212e+00 6.638612422260861123e+00
-6.541435197478985053e+00 -7.064298420636329068e-01 -9.413564394067359675e-01 -7.064298420636329068e-01 -5.410155104296880069e+00 1.741526492367728718e-02 -9.413564394067359675e-01 1.741526492367728718e-02 1.109059419386535161e+01
-6.976802638514051580e+00 -1.853485419957039415e+00 -1.216230110506481221e+00 -1.853485419957039415e+00 3.487728777946833780e+00 3.577272849532392662e+00 -1.216230110506481221e+00 3.577272849532392662e+00 7.869847826274286362e+00
3.835503153806147925e+00 -7.984672274840408646e-01 2.011884010640383025e+00 -7.984672274840408646e-01 -1.064239546364650302e+01 -2.048444807780074317e+00 2.011884010640383025e+00 -2.048444807780074317e+00 8.897231541945755495e+00
-6.862553215619711544e+00 5.535068649328522827e-01 -5.256350347333902384e+00 5.535068649328522827e-01 -2.610550605883100506e+00 -3.760198885670100299e+00 -5.256350347333902384e+00 -3.760198885670100299e+00 -1.393023880998290442e+00
-4.684717429520105725e+00 -2.486833344095569664e+00 -2.297921588908387491e+00 -2.486833344095569664e+00 3.419421660022436971e+00 -5.379886407410799265e+00 -2.297921588908387491e+00 -5.379886407410799265e+00 4.771908433056978538e+00
2.680342536667246645e+00 -5.567234655834286450e+00 -9.497421794620616309e-01 -5.567234655834286450e+00 1.127149484570349181e+01 -5.032006194562068657e+00 -9.497421794620616309e-01 -5.032006194562068657e+00 1.310928483215440998e+01
-7.012642258014095908e+00 2.105038560736085529e+00 -4.241086370940728045e+00 2.105038560736085529e+00 -2.166646919990289799e+00 3.787202937587644591e+00 -4.241086370940728045e+00 3.787202937587644591e+00 2.513235122853513026e+00
-1.091734386004349666e+01 1.701880160128766306e+00 3.830083788679068402e+00 1.701880160128766306e+00 -1.642972351239867024e+01 5.731748450072376988e-01 3.830083788679068402e+00 5.731748450072376988e-01 -3.771625657720618641e+00
-5.301340739724409445e+00 2.411204496587683543e+00 -1.194036144120428800e+00 2.411204496587683543e+00 -5.838797907248775232e+00 1.493749582116824515e+00 -1.194036144120428800e+00 1.493749582116824515e+00 3.062185819347266857e+00
-2.300490047159086338e+00 6.351324936783793618e+00 2.135460556680625899e-01 6.351324936783793618e+00 1.032495544999251713e+01 -6.007290708568660875e+00 2.135460556680625899e-01 -6.007290708568660875e+00 5.987304360194150910e+00
-5.532787323568659765e+00 -1.474564476309158323e+00 -7.099384593003058797e+00 -1.474564476309158323e+00 -7.669785705476249049e+00 1.194037691302519910e+00 -7.099384593003058797e+00 1.194037691302519910e+00 9.354182112147402250e+00
-7.112427356795794964e+00 1.954700719786830243e+00 1.913159901556600095e+00 1.954700719786830243e+00 -3.835624413666955057e+00 1.034579465859529979e+00 1.913159901556600095e+00 1.034579465859529979e+00 8.166766255867722535e+00
-2.096320596128431291e+01 -2.439402586011826024e+00 -1.178955788665884546e-01 -2.439402586011826024e+00 -1.640445161142874397e+01 1.625439480683541493e+00 -1.178955788665884546e-01 1.625439480683541493e+00 -7.497584843938692067e+00
-1.516950696324538495e+00 1.219097213896620069e+00 -3.140259393420601786e+00 1.219097213896620069e+00 -6.294399294354714236e+00 1.746717513297184166e+00 -3.140259393420601786e+00 1.746717513297184166e+00 9.839752971252618607e+00
-1.685779549326017701e+01 1.939005006577269263e+00 -2.471246992536741516e+00 1.939005006577269263e+00 -9.795083705231263593e+00 5.211389184631145532e-01 -2.471246992536741516e+00 5.211389184631145532e-01 -1.601619046645783362e+00
-3.907587579519988807e+00 -1.907123516180419198e+00 6.861848138115390627e-01 -1.907123516180419198e+00 1.397856993124176883e+00 8.172416843531410402e-01 6.861848138115390627e-01 8.172416843531410402e-01 2.586582968788938786e+00
-1.780305008571033909e+01 1.257038206160090432e-01 -2.002137677491837131e+00 1.257038206160090432e-01 -8.892434455953269534e+00 2.992124282313964212e+00 -2.002137677491837131e+00 2.992124282313964212e+00 9.533218949603773362e-01
-8.984167615917741045e+00 4.171452915170970055e-01 -3.465000029562534944e-01 4.171452915170970055e-01 -3.267700944109594108e+00 -3.422897934962492617e+00 -3.465000029562534944e-01 -3.422897934962492617e+00 2.902600155654329050e+00
-8.823243170082092135e+00 9.462887764838877613e-01 -1.401214869602962043e+00 9.462887764838877613e-01 -7.571676373177955277e+00 -7.358268484096329720e-01 -1.401214869602962043e+00 -7.358268484096329720e-01 3.104441341028306489e+00
-1.833760632621159514e+00 -5.234202303490012032e-01 -6.173477419842106961e+00 -5.234202303490012032e-01 -5.919667733145300481e+00 1.169017350185450166e+00 -6.173477419842106961e+00 1.169017350185450166e+00 8.366000112722849380e+00
-1.055979224524119608e+01 -1.123288868684266806e+00 -2.536130691619675304e+00 -1.123288868684266806e+00 -4.866730545975743283e+00 5.116726486750220459e+00 -2.536130691619675304e+00 5.116726486750220459e+00 -5.324254660901196701e+00
3.276156939942501900e+00 -2.563071162622476251e+00 -4.143869339204970359e+00 -2.563071162622476251e+00 1.420483464908805260e+01 4.585756560658204584e-01 -4.143869339204970359e+00 4.585756560658204584e-01 4.151150415876507793e+00
-8.022006484655763714e+00 3.203965435319046762e+00 -6.626300299695897511e-01 3.203965435319046762e+00 -9.203791721919687419e+00 -1.294901918627908710e+00 -6.626300299695897511e-01 -1.294901918627908710e+00 5.303306447242949417e+00
-1.105891434584741972e+01 2.424304412337765502e+00 -1.984620677077202355e+00 2.424304412337765502e+00 1.495724582516055223e+00 -1.086962184174522728e+00 -1.984620677077202355e+00 -1.086962184174522728e+00 7.971926751984439896e+00
-4.290420758594117423e+00 -5.195323933661957660e+00 -1.243901954879572447e+00 -5.195323933661957660e+00 -1.012631968716081410e+01 -1.818690479385891123e+00 -1.243901954879572447e+00 -1.818690479385891123e+00 2.769545658851841008e+00
-9.806530780059981467e+00 1.602780806801154645e+00 -9.511251882741418306e-01 1.602780806801154645e+00 -7.483523568736652365e+00 -6.606364960003701547e+00 -9.511251882741418306e-01 -6.606364960003701547e+00 -5.098673659666913771e+00
-2.273920156230551104e+00 9.630035929173254017e-01 1.127536080365766802e+00 9.630035929173254017e-01 -3.663816215346734073e-01 -7.692453321145992229e-01 1.127536080365766802e+00 -7.692453321145992229e-01 9.475577744091882693e+00
-1.098136827548704814e-01 1.855964112640464958e-01 7.582479446903177767e+00 1.855964112640464958e-01 -9.786433194256410673e+00 -3.343272160497942291e+00 7.582479446903177767e+00 -3.343272160497942291e+00 1.813252326845005369e+00
-1.867543819156053431e+01 -3.934969070150597048e+00 1.193476564287672126e+00 -3.934969070150597048e+00 -6.591543642022373639e+00 -4.996102079357418041e-02 1.193476564287672126e+00 -4.996102079357418041e-02 -3.299819123371332985e+00
-1.840149057286889711e+00 -1.572330271537822677e+00 -4.568868203263192762e-01 -1.572330271537822677e+00 -5.842812546842208299e+00 -2.110983753758914450e+00 -4.568868203263192762e-01 -2.110983753758914450e+00 5.382407164005771349e+00
-5.204045141106310446e+00 7.511747507368838894e-01 7.942977863265293648e-01 7.511747507368838894e-01 -3.855281677583755950e+00 6.322517329962787369e-02 7.942977863265293648e-01 6.322517329962787369e-02 6.290372563357223612e+00
-6.481590218626781308e+00 -3.702273468420229641e+00 -4.347986350706812608e+00 -3.702273468420229641e+00 7.755426685244750651e+00 -4.970685257099958676e+00 -4.347986350706812608e+00 -4.970685257099958676e+00 1.316647999734038166e+01
-1.244510913285783005e+01 -2.615878724841335323e+00 -6.356241577925178632e+00 -2.615878724841335323e+00 -9.845513397948456813e+00 -7.945906236541334877e+00 -6.356241577925178632e+00 -7.945906236541334877e+00 9.932418151556898778e+00
-7.850818237391140819e+00 1.089023883011821070e+00 -2.020102403271433200e+00 1.089023883011821070e+00 -5.683470267289075117e+00 -1.115167723990013737e+00 -2.020102403271433200e+00 -1.115167723990013737e+00 5.760903591233066834e+00
6.250701981630404802e+00 4.113587580026986323e+00 -4.517533475561778644e+00 4.113587580026986323e+00 1.476485637621203217e+01 9.946122726763656496e-01 -4.517533475561778644e+00 9.946122726763656496e-01 3.310296681102942618e+00
-7.459459974813369421e+00 -2.629579980536760342e+00 -7.282492473106257691e+00 -2.629579980536760342e+00 -6.010711414215483828e+00 4.902954128005568291e-01 -7.282492473106257691e+00 4.902954128005568291e-01 7.412011280330717433e+00
-2.768183527698147905e+00 1.981495741760660900e+00 -1.353181566453862672e-01 1.981495741760660900e+00 -2.152722074202368052e+00 1.850786499329471146e+00 -1.353181566453862672e-01 1.850786499329471146e+00 4.730166204084418347e+00
-8.217397307588962363e+00 1.950018081180453056e+00 -8.478143557520367857e-01 1.950018081180453056e+00 -9.587569371858561951e+00 -3.861143831651271618e+00 -8.478143557520367857e-01 -3.861143831651271618e+00 -3.158912848847549082e+00
-1.050075521535562473e+01 -8.355963750534105561e-01 -5.205298524975376928e-01 -8.355963750534105561e-01 -1.610570675170145094e+01 -3.777801478027811743e+00 -5.205298524975376928e-01 -3.777801478027811743e+00 -3.308508713818308244e+00
1.087954436735718566e+00 2.668005605087334420e+00 -1.332389017896916217e+00 2.668005605087334420e+00 5.186499441935356280e+00 6.406418428518048991e+00 -1.332389017896916217e+00 6.406418428518048991e+00 7.284365689889922280e+00
-7.359068613388669355e+00 1.313269409087089334e+00 6.291679143920381190e-01 1.313269409087089334e+00 -1.636634836795920833e+01 -3.428243119251797921e+00 6.291679143920381190e-01 -3.428243119251797921e+00 -4.546503874592958461e+00
-6.479460383487728237e+00 -6.006168786030957607e-01 8.074175314831906480e-02 -6.006168786030957607e-01 -7.846527638755336653e+00 1.883807660808340945e+00 8.074175314831906480e-02 1.883807660808340945e+00 -3.839889923692828777e+00
-4.237577572680071292e+00 -8.217825554399691423e-01 -3.257851607540479755e+00 -8.217825554399691423e-01 5.426132100654528223e+00 4.424871055386846663e+00 -3.257851607540479755e+00 4.424871055386846663e+00 1.089024129887430981e+01
-5.607519820041650505e+00 -5.959412038201299805e-02 3.175151361135699180e+00 -5.959412038201299805e-02 2.953634822445700081e+00 -1.406177008198693790e-01 3.175151361135699180e+00 -1.406177008198693790e-01 1.126608561187686242e+01
-1.054953264901890186e+01 6.858540859428839953e-01 -3.873230810297842996e-01 6.858540859428839953e-01 -9.545092986474731589e+00 -6.843607256352163049e+00 -3.873230810297842996e-01 -6.843607256352163049e+00 -4.475156207080841497e+00
-5.931014732818857382e+00 -9.536097190265852008e-01 -1.902648781844665793e-01 -9.536097190265852008e-01 -3.211451661747743991e-01 -1.374483435889397143e+00 -1.902648781844665793e-01 -1.374483435889397143e+00 1.454798011196757335e+00
-6.048834120922817803e+00 1.577535100805385337e-01 -1.621138126270594393e+00 1.577535100805385337e-01 -5.681232959811202576e+00 3.654592581063078605e-01 -1.621138126270594393e+00 3.654592581063078605e-01 1.653512637134898000e+01
-6.657340857202948214e+00 -3.133389172443556969e+00 -5.460556230491514507e-01 -3.133389172443556969e+00 7.689042682600777390e+00 -9.864394867398267763e+00 -5.460556230491514507e-01 -9.864394867398267763e+00 9.517752262169315358e+00
-7.369502162033442438e+00 4.899440661652301188e+00 -3.796141676138437671e+00 4.899440661652301188e+00 -1.348204106854521100e+01 -1.944420310802358776e+00 -3.796141676138437671e+00 -1.944420310802358776e+00 2.267604024455666778e+00
-3.533203508632055900e+00 1.122543817439856317e+00 1.855973436728808545e+00 1.122543817439856317e+00 -2.296994564338053380e+00 2.436147805971838193e-02 1.855973436728808545e+00 2.436147805971838193e-02 4.531507053581029787e+00
-4.350530516842489703e+00 -3.297559867603011341e+00 -3.044807783145030644e+00 -3.297559867603011341e+00 9.090662382778454287e+00 -5.685858484832750470e+00 -3.044807783145030644e+00 -5.685858484832750470e+00 8.389022747788803969e+00
-1.056753799175435304e+01 -8.248575437978164615e+00 6.346756137635363615e+00 -8.248575437978164615e+00 -1.074824662571026934e+01 1.538203601005643684e+00 6.346756137635363615e+00 1.538203601005643684e+00 3.737892140435342014e+00
3.297833554047137627e-01 -2.853935710753357835e+00 -3.293889804354283690e+00 -2.853935710753357835e+00 -5.085578230358829721e+00 4.306766767016910746e-01 -3.293889804354283690e+00 4.306766767016910746e-01 8.002229731356710118e+00
-1.639257620045021513e+00 6.432139477048957055e+00 -3.022470297067896827e-01 6.432139477048957055e+00 -2.996717560776319900e+00 3.418540716088645404e+00 -3.022470297067896827e-01 3.418540716088645404e+00 6.445412306329087571e+00
-3.314769746023927599e+00 1.187054896097168077e+00 4.730927177110216819e-01 1.187054896097168077e+00 2.764112602239630956e+00 1.379943938473442877e+00 4.730927177110216819e-01 1.379943938473442877e+00 4.766790886516419690e+00
