7.279153291866000686e+00 -4.946324718531920794e+00 -1.415908802953528278e+00 -4.946324718531920794e+00 5.621644768145370286e+00 -2.178637143920811869e+00 -1.415908802953528278e+00 -2.178637143920811869e+00 -4.927992092397958324e+00
1.809306930609514641e+00 1.256888300329571440e+00 -2.200463292407710991e+00 1.256888300329571440e+00 -1.005652934017452260e+01 3.836630212622044733e-01 -2.200463292407710991e+00 3.836630212622044733e-01 6.894072584083982269e-01
-9.891645623682398636e+00 1.492581972211986852e+00 4.143653150514411188e+00 1.492581972211986852e+00 -6.224643490361531306e+00 1.695182324759880954e+00 4.143653150514411188e+00 1.695182324759880954e+00 2.802353603781054137e+00
-2.274719464643004674e+00 1.257409279573451721e+00 1.102983442082440035e+00 1.257409279573451721e+00 -6.707717480205986682e+00 8.701059993672830561e-01 1.102983442082440035e+00 8.701059993672830561e-01 6.176318788504115531e+00
4.941956874948214562e+00 -2.742716229561952712e+00 1.239506711503899572e+00 -2.742716229561952712e+00 -1.815199069583426361e+00 3.466164167115843409e+00 1.239506711503899572e+00 3.466164167115843409e+00 8.168870956960450513e+00
-7.976097535319182086e+00 -1.058867803230212623e-01 -6.204244303481534217e-01 -1.058867803230212623e-01 -6.678897442952466790e+00 4.466024649305486705e+00 -6.204244303481534217e-01 4.466024649305486705e+00 1.281781640318510940e+00
1.118230131998164723e+01 2.924677151754491611e+00 -9.881879312570615026e-01 2.924677151754491611e+00 2.998610011274108089e+00 -1.230426136790257585e+00 -9.881879312570615026e-01 -1.230426136790257585e+00 4.999265830821600254e+00
-6.517636139534497275e+00 -8.875922131206319676e-01 -1.766666056613003022e+00 -8.875922131206319676e-01 -5.544891518908587891e+00 4.195840684424506861e+00 -1.766666056613003022e+00 4.195840684424506861e+00 2.420898746207555075e+00
-7.217673863263931899e+00 -2.317566623119856839e+00 -1.191310873584974450e+00 -2.317566623119856839e+00 -6.443374020843795513e+00 5.050473064281423952e+00 -1.191310873584974450e+00 5.050473064281423952e+00 1.644658965556707653e+00
5.928884890419735321e+00 -1.417740023555204676e+00 1.179688148430775518e+00 -1.417740023555204676e+00 -8.656236854660937396e+00 -5.859491953279339915e-01 1.179688148430775518e+00 -5.859491953279339915e-01 -2.835570434595139133e+00
4.779677792921212642e+00 -1.851487685764104718e+00 -1.024470098629582937e+00 -1.851487685764104718e+00 2.466961460683259055e+00 2.175595349060507999e+00 -1.024470098629582937e+00 2.175595349060507999e+00 6.776792370708776048e+00
1.145827480139042009e+01 1.292750232388778064e+00 -2.143232279790104836e-03 1.292750232388778064e+00 9.269031570894869176e+00 -3.687419434862527101e+00 -2.143232279790104836e-03 -3.687419434862527101e+00 1.523464673480448539e+01
1.242512900664348763e+01 -8.926681294303870917e-01 -8.834637103400054814e-01 -8.926681294303870917e-01 7.017817974344422893e+00 -1.582425779239746699e+00 -8.834637103400054814e-01 -1.582425779239746699e+00 1.475199249121653367e+01
-8.558851667927658280e-01 3.928635659996418394e-01 1.231524228098760609e+00 3.928635659996418394e-01 -5.523605937245555708e+00 1.903824203785014213e-01 1.231524228098760609e+00 1.903824203785014213e-01 8.600406481938508207e+00
2.737295468623107464e+00 -2.755421850224659241e+00 -4.900555471278842390e-01 -2.755421850224659241e+00 2.824468496333757628e+00 4.555938522300765348e-01 -4.900555471278842390e-01 4.555938522300765348e-01 2.464105553308263641e+00
3.287494159122135606e+00 -4.122550740474649089e+00 -2.624171482724220184e-01 -4.122550740474649089e+00 8.542948266405861801e+00 -6.033396668778518990e-01 -2.624171482724220184e-01 -6.033396668778518990e-01 2.654548018163402467e+00
-3.149766792037981933e+00 -2.636548255813732311e+00 -2.756541538923540369e+00 -2.636548255813732311e+00 -2.601854355430998744e+00 4.435156546278595791e-01 -2.756541538923540369e+00 4.435156546278595791e-01 -8.333235935635833869e+00
-4.785119375790975127e+00 -1.804339904854057153e+00 -1.316550518216737187e+00 -1.804339904854057153e+00 -5.851217732897921131e+00 5.677498722072206405e+00 -1.316550518216737187e+00 5.677498722072206405e+00 -1.908061470301250173e+00
8.379113025675517079e+00 -1.562399703040540100e+00 4.920177685019687108e-01 -1.562399703040540100e+00 -6.756736866633545446e+00 -1.068428304049925393e+00 4.920177685019687108e-01 -1.068428304049925393e+00 5.173050731393800117e-01
8.123233725090523549e+00 1.284655068379046527e+00 5.269009595557388792e+00 1.284655068379046527e+00 2.939553008801284673e+00 3.797485762038320001e+00 5.269009595557388792e+00 3.797485762038320001e+00 4.095735557650312053e+00
-3.607698491927243012e+00 -2.091985115744390278e+00 -3.796892487637185121e-01 -2.091985115744390278e+00 -6.302320144331823748e+00 -3.269786220463397619e+00 -3.796892487637185121e-01 -3.269786220463397619e+00 -9.928315637825942730e+00
-2.486691691844981733e+00 -2.225247670797484201e+00 -1.520832515385169170e+00 -2.225247670797484201e+00 -2.351490161451255556e+00 5.787373237652626123e+00 -1.520832515385169170e+00 5.787373237652626123e+00 -2.965454332049032304e-01
4.760251378592918137e+00 -5.278379327735505111e-01 2.447107696094096951e+00 -5.278379327735505111e-01 3.411096916522107669e+00 3.898088466159002508e+00 2.447107696094096951e+00 3.898088466159002508e+00 5.372471409336859516e+00
-4.506701912094273510e+00 -1.639113662784800862e+00 -2.358471019577693006e+00 -1.639113662784800862e+00 -6.317182164386897725e+00 -1.639193312605627284e+00 -2.358471019577693006e+00 -1.639193312605627284e+00 -1.255719250237318718e+01
1.374759291162181984e-01 -1.495955838732779597e+00 2.112410534776584026e+00 -1.495955838732779597e+00 2.197460811566448236e+00 -1.475410964783130163e+00 2.112410534776584026e+00 -1.475410964783130163e+00 -1.694186946668232219e+00
1.071740896669183485e+01 -3.620291625642701128e+00 2.583998494616655872e+00 -3.620291625642701128e+00 1.346632317495723985e+00 5.360743445591809930e+00 2.583998494616655872e+00 5.360743445591809930e+00 1.037274691819004246e+01
