4.496049348006088686e-01 -4.864957982315479962e-02 1.936482568244769498e-01 -4.864957982315479962e-02 5.068500205122121738e-01 1.120852950154661853e-01 1.936482568244769498e-01 1.120852950154661715e-01 -6.225992152806303359e-01
4.398758095729332074e-01 -1.384050336828373529e-01 1.868162718812475809e-02 -1.384050336828373251e-01 8.963463935445957764e-01 -1.966148574313250075e-01 1.868162718812475809e-02 -1.966148574313250075e-01 -5.627464123259099393e-01
4.257002773430437759e-01 -2.215397407380918227e-01 -1.559170943288027689e-01 -2.215397407380917949e-01 1.290364658958975008e+00 -5.123035544139801223e-01 -1.559170943288027689e-01 -5.123035544139802333e-01 -5.222581381247164423e-01
5.395906170195914342e-01 -2.909245088630796339e-01 -3.327605796862202481e-01 -2.909245088630796339e-01 1.826285319586369305e+00 -8.353916778559229428e-01 -3.327605796862202481e-01 -8.353916778559229428e-01 -3.253005091960463613e-01
6.587978941906618147e-01 -3.517141637236694818e-01 -5.114538945611976084e-01 -3.517141637236694263e-01 2.375003471019010881e+00 -1.166739148626585898e+00 -5.114538945611977194e-01 -1.166739148626586120e+00 -9.131758611112365809e-02
8.540190354478937040e-01 -4.022426888923025801e-01 -6.926298404114379359e-01 -4.022426888923025801e-01 3.006215241478054523e+00 -1.504009124287486898e+00 -6.926298404114380469e-01 -1.504009124287486898e+00 2.431879756928949643e-01
1.063622614993397830e+00 -4.476433015459218567e-01 -8.757852588245398362e-01 -4.476433015459218567e-01 3.656038721788517520e+00 -1.846049358994256151e+00 -8.757852588245397252e-01 -1.846049358994255929e+00 6.048793173087497754e-01
1.249777293870473205e+00 -4.882297018859507176e-01 -1.061390667688982603e+00 -4.882297018859507176e-01 4.284045988625827306e+00 -2.192913762586162996e+00 -1.061390667688982825e+00 -2.192913762586162552e+00 9.609825213126854671e-01
1.418216704466350508e+00 -5.264089451585061141e-01 -1.249797529013662478e+00 -5.264089451585060031e-01 4.899572856159346124e+00 -2.545851713121592308e+00 -1.249797529013662256e+00 -2.545851713121591864e+00 1.307072812429663333e+00
1.531174596272196986e+00 -5.639065497571045249e-01 -1.442087553757108509e+00 -5.639065497571044139e-01 5.470364663403210592e+00 -2.906550697860901700e+00 -1.442087553757108731e+00 -2.906550697860901700e+00 1.605421686322413333e+00
1.101921309677027949e+01 4.927529955139186013e-01 1.439152010867556175e+00 4.927529955139186013e-01 1.555745900181926089e+01 -2.182266180981428327e+00 1.439152010867556175e+00 -2.182266180981428327e+00 2.183659542371724882e+01
1.106406180585372212e+01 4.984464774132805198e-01 1.427661200552902798e+00 4.984464774132805198e-01 1.551837107807763516e+01 -2.132254602301709490e+00 1.427661200552902798e+00 -2.132254602301709490e+00 2.248636160928742456e+01
1.108077439291702682e+01 5.093129920571417557e-01 1.420449883984421291e+00 5.093129920571417557e-01 1.544141421114384727e+01 -2.070726238868349611e+00 1.420449883984421291e+00 -2.070726238868349611e+00 2.305579803322274657e+01
1.123612017250422035e+01 5.328677437427244978e-01 1.416513002355220374e+00 5.328677437427244978e-01 1.546502670869394436e+01 -1.989625288696707850e+00 1.416513002355220374e+00 -1.989625288696707850e+00 2.370366824697632424e+01
1.151050647415516970e+01 5.693861107343385353e-01 1.417671978131185728e+00 5.693861107343385353e-01 1.557215222703122670e+01 -1.889043944070071035e+00 1.417671978131185728e+00 -1.889043944070071035e+00 2.438292538303048218e+01
1.172099576295262047e+01 6.129598276243610755e-01 1.422197206217882037e+00 6.129598276243610755e-01 1.561089427717159950e+01 -1.779135516720686372e+00 1.422197206217882037e+00 -1.779135516720686372e+00 2.495426385786355894e+01
1.203142169650881144e+01 6.667927344784648769e-01 1.430231487666477008e+00 6.667927344784648769e-01 1.570809787562005155e+01 -1.651757652073832627e+00 1.430231487666477008e+00 -1.651757652073832627e+00 2.552384977298500246e+01
1.229820412082931647e+01 7.294866436128377707e-01 1.442325749279845137e+00 7.294866436128377707e-01 1.574920353380911386e+01 -1.515584099682597330e+00 1.442325749279845137e+00 -1.515584099682597330e+00 2.597923039453571192e+01
1.262065638859074568e+01 7.990821565779822055e-01 1.457995226676644496e+00 7.990821565779822055e-01 1.582263279748739571e+01 -1.366845015602919267e+00 1.457995226676644496e+00 -1.366845015602919267e+00 2.636502764005193811e+01
1.300407797120619868e+01 8.738086788799541704e-01 1.475387891957618880e+00 8.738086788799541704e-01 1.593179850753507765e+01 -1.204530823057460953e+00 1.475387891957618880e+00 -1.204530823057460953e+00 2.669117594266002413e+01
9.090668646202592740e+00 -4.511665373225351994e-01 1.392154331949162493e-01 -4.511665373225351994e-01 6.287022186373969923e+00 1.747774624997630699e+00 1.392154331949162493e-01 1.747774624997630699e+00 1.487960952914250079e+01
9.026405170308896331e+00 -4.659592659005671877e-01 1.012076946148042084e-01 -4.659592659005671877e-01 6.310072255856820078e+00 1.628965917489587634e+00 1.012076946148042084e-01 1.628965917489587634e+00 1.466240475069529836e+01
8.919485699510579124e+00 -4.800786259958843560e-01 5.923430859524241726e-02 -4.800786259958843560e-01 6.275288496697813301e+00 1.509561725767461837e+00 5.923430859524241726e-02 1.509561725767461837e+00 1.437318515237864425e+01
8.954615864572009087e+00 -4.949491105694358017e-01 1.675485313413587266e-02 -4.949491105694358017e-01 6.400061691766371297e+00 1.383718148091774403e+00 1.675485313413587266e-02 1.383718148091774403e+00 1.419349996611573239e+01
9.019395369428520937e+00 -5.085409212109820443e-01 -2.925701770192875445e-02 -5.085409212109820443e-01 6.543934420788405149e+00 1.257676069141820063e+00 -2.925701770192875445e-02 1.257676069141820063e+00 1.404640012297980967e+01
9.095488175934976383e+00 -5.180154929887945681e-01 -7.677666267614653706e-02 -5.180154929887945681e-01 6.694336402544301734e+00 1.130183364754834718e+00 -7.677666267614653706e-02 1.130183364754834718e+00 1.388308237025716707e+01
9.236398619654575981e+00 -5.267592700491482427e-01 -1.260179405158588228e-01 -5.267592700491482427e-01 6.913371036799151881e+00 1.001073245074285190e+00 -1.260179405158588228e-01 1.001073245074285190e+00 1.374684009342690771e+01
9.354705255868267955e+00 -5.326903045310633633e-01 -1.778260691986270348e-01 -5.326903045310633633e-01 7.094602705487688787e+00 8.728296229832610553e-01 -1.778260691986270348e-01 8.728296229832610553e-01 1.360160713325836568e+01
9.541773388516986643e+00 -5.356520870628174169e-01 -2.294511321829035833e-01 -5.356520870628174169e-01 7.353263334489279934e+00 7.417636341669442412e-01 -2.294511321829035833e-01 7.417636341669442412e-01 1.348617892047550981e+01
9.706086251348917671e+00 -5.292788734939940509e-01 -2.802460567893935717e-01 -5.292788734939940509e-01 7.583001525233691531e+00 6.093730285093023058e-01 -2.802460567893935717e-01 6.093730285093023058e-01 1.334639429502611740e+01
-9.022204882354024846e+00 1.192651792249218135e+00 1.790721878061719563e+00 1.192651792249218135e+00 -8.085890369451453452e+00 1.155965204029967497e+00 1.790721878061719563e+00 1.155965204029967497e+00 6.823660757524587783e-01
-8.969182922372162636e+00 1.270428898037933019e+00 1.907312188011979215e+00 1.270428898037933019e+00 -8.039314788735905992e+00 1.114824827848406974e+00 1.907312188011979215e+00 1.114824827848406974e+00 4.587805646342644761e-01
-8.908001934599797167e+00 1.350154092719520582e+00 2.038447916499722901e+00 1.350154092719520582e+00 -8.001815469891957022e+00 1.079455737613334021e+00 2.038447916499722901e+00 1.079455737613334021e+00 1.587073758235961751e-01
-8.758629996572974363e+00 1.436292528384965017e+00 2.184558879737878545e+00 1.436292528384965017e+00 -7.894778194463948573e+00 1.048892337572708389e+00 2.184558879737878545e+00 1.048892337572708389e+00 -8.040581407081744125e-02
-8.553288419516109187e+00 1.531355869094948696e+00 2.344394893814365055e+00 1.531355869094948696e+00 -7.756597356980843294e+00 1.025489974728820197e+00 2.344394893814365055e+00 1.025489974728820197e+00 -2.861981757995009645e-01
-8.305467319887299027e+00 1.631727394158323241e+00 2.519663934886420709e+00 1.631727394158323241e+00 -7.587004938886320105e+00 1.004409560263913814e+00 2.519663934886420709e+00 1.004409560263913814e+00 -4.417133777105855530e-01
-7.976224945619700080e+00 1.737669464444093093e+00 2.706833034649233749e+00 1.737669464444093093e+00 -7.355732761957571419e+00 9.904678551808843157e-01 2.706833034649233749e+00 9.904678551808843157e-01 -5.578909627326200660e-01
-7.651012631690427668e+00 1.848400716105657260e+00 2.906041797414378625e+00 1.848400716105657260e+00 -7.137287056572521493e+00 9.792108887710015974e-01 2.906041797414378625e+00 9.792108887710015974e-01 -6.927609641039891297e-01
-7.225284462721587531e+00 1.961448601898979627e+00 3.119383318501050883e+00 1.961448601898979627e+00 -6.820463314775706998e+00 9.714033121576848284e-01 3.119383318501050883e+00 9.714033121576848284e-01 -7.465832950715128868e-01
-6.813347773140296937e+00 2.081071762229706579e+00 3.336766405338983610e+00 2.081071762229706579e+00 -6.533271333365459732e+00 9.694786241444774966e-01 3.336766405338983610e+00 9.694786241444774966e-01 -8.512749804308167301e-01
-3.138623664228511689e+00 9.104463609546187275e-01 1.923472815011904313e-01 9.104463609546187275e-01 -7.227488353593448656e-01 -6.524754878367482469e-01 1.923472815011904313e-01 -6.524754878367482469e-01 -7.072097573578245644e+00
-3.303517384139059487e+00 8.058406528959465298e-01 5.292597508426766933e-02 8.058406528959465298e-01 -6.857978879164131625e-01 -8.163588738545044521e-01 5.292597508426766933e-02 -8.163588738545044521e-01 -6.891092610282097297e+00
-3.470058206707439474e+00 7.101172577520872276e-01 -8.123076079747697242e-02 7.101172577520872276e-01 -6.481991830724398440e-01 -9.856826088199356350e-01 -8.123076079747697242e-02 -9.856826088199356350e-01 -6.688958169362343220e+00
-3.510808739078612462e+00 6.173912270307321259e-01 -2.041940894920606653e-01 6.173912270307321259e-01 -4.908211945721625558e-01 -1.164684746546566618e+00 -2.041940894920606653e-01 -1.164684746546566618e+00 -6.338783791162118320e+00
-3.553343559492450510e+00 5.289526204875741877e-01 -3.224198819610624156e-01 5.289526204875741877e-01 -3.307092986633917153e-01 -1.349890337374811011e+00 -3.224198819610624156e-01 -1.349890337374811011e+00 -5.943440409730946783e+00
-3.571905067472549877e+00 4.429239578378930120e-01 -4.328174545301384235e-01 4.429239578378930120e-01 -1.488691780009169241e-01 -1.540728469229269981e+00 -4.328174545301384235e-01 -1.540728469229269981e+00 -5.500622253583331123e+00
-3.584417039984145514e+00 3.629888082890564971e-01 -5.366384556651102589e-01 3.629888082890564971e-01 3.571587651203232683e-02 -1.733317947400184078e+00 -5.366384556651102589e-01 -1.733317947400184078e+00 -5.043261825095889606e+00
-3.615978291421653612e+00 2.867756259668123864e-01 -6.320328603760614339e-01 2.867756259668123864e-01 1.958938999023666638e-01 -1.927999137465272295e+00 -6.320328603760614339e-01 -1.927999137465272295e+00 -4.608310121599085818e+00
-3.573187300602786998e+00 2.100134329278791900e-01 -7.215863048351147668e-01 2.100134329278791900e-01 4.274104937125127734e-01 -2.124091319588737203e+00 -7.215863048351147668e-01 -2.124091319588737203e+00 -4.073292218165962986e+00
-3.484090776756926022e+00 1.318952401397941732e-01 -8.057873611170925932e-01 1.318952401397941732e-01 6.996058188385652077e-01 -2.321050999816251181e+00 -8.057873611170925932e-01 -2.321050999816251181e+00 -3.480495031219110302e+00
