-1.807644689005978078e+00 1.968623778034732652e+00 6.148884739770635877e-01 1.968623778034732652e+00 9.489973223178949091e-02 -4.656604126922679887e-01 6.148884739770635877e-01 -4.656604126922679887e-01 -9.868895833962570308e+00
-8.733972190672066205e+00 -1.817357239785575729e+00 -2.508257292239477465e+00 -1.817357239785575729e+00 -4.763386605647231598e+00 -3.374243197599259059e+00 -2.508257292239477465e+00 -3.374243197599259059e+00 5.105268374747560678e+00
-6.554097981423508301e+00 -1.934038197911481349e+00 1.555656564802088582e+00 -1.934038197911481349e+00 -1.017751169782770582e+01 2.091917977898650083e+00 1.555656564802088582e+00 2.091917977898650083e+00 -1.296364494167700165e+01
4.918409945232232516e+00 -1.101268396495065777e-01 1.052987120541923005e+00 -1.101268396495065777e-01 -8.156025995196532818e+00 -1.505382992406734788e+00 1.052987120541923005e+00 -1.505382992406734788e+00 1.054524959807915785e+01
-4.248526074249950213e+00 3.490889118541829372e+00 1.439245410387967272e+00 3.490889118541829372e+00 -7.836116754608545953e+00 4.483382351606444161e+00 1.439245410387967272e+00 4.483382351606444161e+00 7.135119624891977708e+00
-3.582847881625160547e+00 -1.785367918771034290e+00 -3.525546465753397030e+00 -1.785367918771034290e+00 -1.241710696169428640e+00 1.438259076162627492e+00 -3.525546465753397030e+00 1.438259076162627492e+00 -3.914908986538871982e+00
1.554716488679332542e+00 2.637366075625698691e+00 -1.064746011328558284e+00 2.637366075625698691e+00 1.367820312355759516e+00 3.157736181133272702e+00 -1.064746011328558284e+00 3.157736181133272702e+00 1.749065698397815449e+00
2.736163073098091036e+00 -4.900768089897594715e-02 -4.371726327999612693e-01 -4.900768089897594715e-02 2.071301212274232473e+00 -1.563754630908011367e-01 -4.371726327999612693e-01 -1.563754630908011367e-01 2.100472945961658233e+00
-4.692214450980682905e+00 2.177417601253408552e+00 -2.893940899972621938e+00 2.177417601253408552e+00 -5.489254234253846398e+00 -3.198635238875081610e-01 -2.893940899972621938e+00 -3.198635238875081610e-01 -2.522480528344997808e+00
-2.959100154258335724e+00 -5.975927128216601547e-01 -2.644581518635080730e+00 -5.975927128216601547e-01 -2.410829294629395658e+00 3.727450455583549704e+00 -2.644581518635080730e+00 3.727450455583549704e+00 -1.380772443223332813e+00
7.048246360165081548e+00 3.903039057302157389e+00 4.283575587647932004e+00 3.903039057302157389e+00 2.941666825495741655e+00 -9.632619970752939742e-02 4.283575587647932004e+00 -9.632619970752939742e-02 5.535700565295608833e+00
-1.254461958636922780e+01 1.198315684252277080e+00 2.586645666596399384e-01 1.198315684252277080e+00 1.805249146062031906e+00 -5.696907137745641059e+00 2.586645666596399384e-01 -5.696907137745641059e+00 -7.992090578672987888e+00
6.496745404281453418e+00 6.876553835016347982e-01 4.794443556608556811e+00 6.876553835016347982e-01 -1.783185980195546583e-01 6.097954237328121252e+00 4.794443556608556811e+00 6.097954237328121252e+00 5.759608098859813730e+00
3.313422332027102346e+00 -1.699439404712043578e+00 -3.530334966731077273e+00 -1.699439404712043578e+00 -3.591733017097769487e+00 -2.434628128499426669e+00 -3.530334966731077273e+00 -2.434628128499426669e+00 3.197849052338181064e+00
-2.963126185374081345e+00 -1.033823582660069018e+00 -1.048444257057161932e+00 -1.033823582660069018e+00 2.980384632272427670e+00 -5.162321068163836513e-01 -1.048444257057161932e+00 -5.162321068163836513e-01 -5.375869845797619284e+00
8.201459583065297210e+00 -1.200584677581990389e+00 -4.419491093925660419e-01 -1.200584677581990389e+00 5.581655903772786864e+00 -2.426768990732269149e+00 -4.419491093925660419e-01 -2.426768990732269149e+00 -5.877686719255520664e+00
-1.145803153065227953e+01 3.498664388774479495e+00 -5.052264961752474193e+00 3.498664388774479495e+00 -5.169342453538785520e+00 -4.394938799713588473e+00 -5.052264961752474193e+00 -4.394938799713588473e+00 -1.308420637783076756e+01
-5.322171918151869185e+00 2.272811265119227819e+00 1.189867133820199513e-01 2.272811265119227819e+00 -7.144393635030738210e+00 8.095934654887816384e-01 1.189867133820199513e-01 8.095934654887816384e-01 -5.788437960228271173e+00
-8.362225379394324420e+00 1.384070089656913360e+00 3.508010480591095437e+00 1.384070089656913360e+00 -1.350942315035365660e+00 -7.297569542324267022e-01 3.508010480591095437e+00 -7.297569542324267022e-01 -5.708998991368349429e+00
-2.966456856954013066e+00 1.292199946797100818e+00 -1.370833348455847034e+00 1.292199946797100818e+00 -1.909021010657150352e+00 -6.033287223311031289e-01 -1.370833348455847034e+00 -6.033287223311031289e-01 -5.846789949017968446e+00
-6.596762981294274297e+00 -1.295557431050071040e+00 -1.917451461529870338e+00 -1.295557431050071040e+00 6.192930511501942625e+00 -9.560747081350051246e+00 -1.917451461529870338e+00 -9.560747081350051246e+00 -7.729353132548605565e+00
-2.878388019210023963e+00 2.600151171241720682e+00 -9.313681280442109855e-01 2.600151171241720682e+00 -2.628661474369731188e-01 -1.821139863782827994e+00 -9.313681280442109855e-01 -1.821139863782827994e+00 -5.815233274157972865e+00
5.519085027381252395e+00 -1.618922394165443590e+00 -2.488037093945857092e-01 -1.618922394165443590e+00 8.063875350172297729e+00 -9.586609167340662818e-01 -2.488037093945857092e-01 -9.586609167340662818e-01 -4.654300844804434845e-01
2.442693563392118739e-01 -5.514606093848951618e-01 9.405767374577327367e-01 -5.514606093848951618e-01 -1.606188279196979707e+00 1.405276484115921320e+00 9.405767374577327367e-01 1.405276484115921320e+00 -5.625280770212911285e+00
2.124518672961956955e+00 -1.473194066342925934e+00 -2.023765864790559643e+00 -1.473194066342925934e+00 -1.494902626138227220e+00 2.897088256165168407e-01 -2.023765864790559643e+00 2.897088256165168407e-01 2.460251171131611514e+00
-1.231743205498631033e+00 -2.072040505778167230e+00 -1.341940620494410430e+00 -2.072040505778167230e+00 -4.501791588993816262e+00 -3.222035884388219973e+00 -1.341940620494410430e+00 -3.222035884388219973e+00 -5.420851211672007786e+00
4.350536110387702493e+00 -2.132086868003885360e+00 1.808348240619643554e-01 -2.132086868003885360e+00 2.611066235292842652e+00 -4.161789762773026702e+00 1.808348240619643554e-01 -4.161789762773026702e+00 -8.310272740033891381e+00
5.245052498256303153e+00 5.182434487429882886e+00 2.888458683874194577e+00 5.182434487429882886e+00 1.123037270397297149e+01 7.010426992860291362e-02 2.888458683874194577e+00 7.010426992860291362e-02 6.313553014671651198e+00
-9.687753149141864029e+00 -2.362906268779204844e+00 -3.298568934239670014e+00 -2.362906268779204844e+00 -1.082739642312605532e+01 -1.936540691064527975e+00 -3.298568934239670014e+00 -1.936540691064527975e+00 -9.577229875641997126e+00
1.667916625793021357e+00 4.044697142019280989e+00 5.045006672720030672e+00 4.044697142019280989e+00 4.897336077890829920e+00 -3.278656494283464617e+00 5.045006672720030672e+00 -3.278656494283464617e+00 1.039638817210156163e-01
-3.887004262121898979e+00 -5.596681945850894291e-01 -1.067826163191839983e+00 -5.596681945850894291e-01 -7.346677342161466839e+00 1.793991499503166109e-01 -1.067826163191839983e+00 1.793991499503166109e-01 3.713830735124796778e+00
-6.341360382881170210e+00 -2.859004707794800204e+00 2.891977775439716680e+00 -2.859004707794800204e+00 -3.931275607274289818e+00 -1.278464276153958634e+00 2.891977775439716680e+00 -1.278464276153958634e+00 -5.527829332585612043e+00
-3.380562314589340644e+00 -1.146583456055284111e+00 6.225967215506458818e-02 -1.146583456055284111e+00 -4.478954450984701019e+00 1.325666455805705191e+00 6.225967215506458818e-02 1.325666455805705191e+00 2.795295940929148237e+00
-3.055074055794336108e+00 -1.669643764170936295e+00 -5.538145278742629962e-01 -1.669643764170936295e+00 -6.589808646028601835e+00 1.168271239749148371e+00 -5.538145278742629962e-01 1.168271239749148371e+00 -1.310066934691779927e+00
4.057728665498294696e+00 -1.982344963776426494e-01 3.581755389814333945e-01 -1.982344963776426494e-01 3.689079207211434230e+00 -1.139993449100870304e+00 3.581755389814333945e-01 -1.139993449100870304e+00 5.428264415262113118e+00
-1.797537788194824904e+00 1.372522374018612767e+00 -8.528925545102692407e-01 1.372522374018612767e+00 2.697316592248996336e+00 -2.017800093605112366e+00 -8.528925545102692407e-01 -2.017800093605112366e+00 2.051665111594387803e+00
-5.039427145731129390e-03 2.785564008192822905e-01 7.842918296393192046e-02 2.785564008192822905e-01 3.829179801937879768e-01 1.997306727684731720e-01 7.842918296393192046e-02 1.997306727684731720e-01 4.302757902618968622e+00
-3.146990366608220846e+00 -4.287597644409387732e-01 -1.604355415704040055e+00 -4.287597644409387732e-01 2.025889982101893416e+00 3.163145285455478128e-01 -1.604355415704040055e+00 3.163145285455478128e-01 -8.903125683412526081e-01
-4.805305893718617938e+00 -1.080307530198020727e+00 -1.096451270835095526e+00 -1.080307530198020727e+00 -1.319440147039003586e+00 8.150350329113408288e-01 -1.096451270835095526e+00 8.150350329113408288e-01 -6.661705266964596639e+00
7.026635510730518119e-02 2.328899985462985267e+00 -1.025041483838796674e+00 2.328899985462985267e+00 3.611323212217651957e+00 -3.311972544112864902e+00 -1.025041483838796674e+00 -3.311972544112864902e+00 8.399292869763270719e-01
-3.340638165310732877e+00 -4.664984261855727787e+00 -1.917244817425577175e+00 -4.664984261855727787e+00 -9.044585804096653803e+00 2.485058841596181622e+00 -1.917244817425577175e+00 2.485058841596181622e+00 -1.180739471688491626e+01
-8.303683852596424941e+00 6.412953498521312135e-01 4.788783582283168805e+00 6.412953498521312135e-01 2.259997059986727508e-01 8.012591622949877257e-01 4.788783582283168805e+00 8.012591622949877257e-01 1.456103975515145477e+00
-6.595812027205310457e+00 -6.923120489924219911e-02 -2.533829965178994836e+00 -6.923120489924219911e-02 -5.711248599780722301e+00 4.586620881463578492e+00 -2.533829965178994836e+00 4.586620881463578492e+00 -4.018846451186244728e+00
-4.766301150648074803e+00 1.683540582776368755e+00 -1.067169459362321993e+00 1.683540582776368755e+00 -2.599761757762772962e+00 -9.552212336095033951e-02 -1.067169459362321993e+00 -9.552212336095033951e-02 2.239989849221343032e+00
-3.232188191207297834e+00 2.044522644544245704e+00 7.011945926159677267e-01 2.044522644544245704e+00 2.378941616669666193e+00 -3.987615940373192114e+00 7.011945926159677267e-01 -3.987615940373192114e+00 -9.727410910368218255e-01
-7.350084641183704193e+00 -3.895447407888181779e-01 5.147897553562589046e+00 -3.895447407888181779e-01 -1.023984526879949897e+01 4.494035400998050989e+00 5.147897553562589046e+00 4.494035400998050989e+00 -1.075610473906914244e+01
-6.828097393680088167e+00 -2.224694225053669427e+00 3.028925985109230390e-01 -2.224694225053669427e+00 -9.348666282918737025e+00 -1.009189808546336470e-01 3.028925985109230390e-01 -1.009189808546336470e-01 -7.397698627766240875e+00
-5.044766359140142598e-01 -2.106539936824355586e+00 -1.594762481810326094e+00 -2.106539936824355586e+00 -3.364490995551040697e+00 -2.718853112919115134e+00 -1.594762481810326094e+00 -2.718853112919115134e+00 3.892749642069384564e+00
-2.303744487811832276e+00 2.774007095627534891e+00 -2.232042884873665756e+00 2.774007095627534891e+00 -5.625172451564178111e+00 1.509975228358904353e-01 -2.232042884873665756e+00 1.509975228358904353e-01 -5.471418472942966460e+00
-1.366620329689127900e+01 1.052488309655723597e+00 -6.510342041805118329e-01 1.052488309655723597e+00 -3.916713958796994355e+00 -2.974348615101790383e+00 -6.510342041805118329e-01 -2.974348615101790383e+00 -1.218442064921973689e+01
