-2.563022526942534629e+00 3.229675766414946469e+00 1.528272341513878807e+00 3.229675766414946469e+00 -8.914385480447252874e+00 -7.633813112480806184e-01 1.528272341513878807e+00 -7.633813112480806184e-01 -3.581964332243519067e-01
-6.158018721389034056e+00 -1.308574561357542354e+00 -7.506270002463701074e-02 -1.308574561357542354e+00 7.833303670070320024e+00 2.770937876747691764e+00 -7.506270002463701074e-02 2.770937876747691764e+00 -3.979498547564193633e-01
6.498829641715517802e+00 -4.546540352191015266e+00 -1.083139505952404269e+00 -4.546540352191015266e+00 2.627686725725968397e+00 -9.080791878197859157e-01 -1.083139505952404269e+00 -9.080791878197859157e-01 5.854901064864129978e+00
-6.973939715886111834e+00 -6.753968512015651182e-01 -4.184195346924539649e+00 -6.753968512015651182e-01 -1.213715161227318617e+01 2.232472545646047468e+00 -4.184195346924539649e+00 2.232472545646047468e+00 -2.633882357127256935e+00
1.442932038549272544e+00 -3.531773842571182875e+00 -3.949240331903522083e+00 -3.531773842571182875e+00 7.539301204425622238e+00 3.992909711744270673e+00 -3.949240331903522083e+00 3.992909711744270673e+00 6.324152948034932997e+00
4.022199633768059890e+00 4.242241631747807773e+00 2.473341402118362176e+00 4.242241631747807773e+00 1.851059468173675560e-01 5.152751979558570561e+00 2.473341402118362176e+00 5.152751979558570561e+00 -2.419806876886460234e+00
2.038779180716344186e+01 -1.822217626329580176e+00 -6.600795768459999380e-01 -1.822217626329580176e+00 2.036330723254325648e+01 -6.594017589014349034e-02 -6.600795768459999380e-01 -6.594017589014349034e-02 1.244843348836560715e+01
1.793931300360277703e+01 7.958171307774436487e-01 2.613521806590656249e-01 7.958171307774436487e-01 2.033865464944097923e+01 -7.335780720771303276e-01 2.613521806590656249e-01 -7.335780720771303276e-01 5.258746633706785190e+00
1.911186351830060204e+01 -5.598665645690510395e+00 -2.559737758698053867e+00 -5.598665645690510395e+00 1.776116200329126471e+01 6.453855939772261685e-01 -2.559737758698053867e+00 6.453855939772261685e-01 9.045051131673263356e+00
2.128127527827463616e+00 -9.873218293736377715e-01 -7.512529421839104771e+00 -9.873218293736377715e-01 -6.410846911673254489e+00 -5.297444374803511380e+00 -7.512529421839104771e+00 -5.297444374803511380e+00 2.516142752032088481e+00
5.210572050405088973e+00 -7.125881734154497771e-01 -7.466911307836358036e-01 -7.125881734154497771e-01 -6.932352132207371120e+00 -1.098532050224614975e+00 -7.466911307836358036e-01 -1.098532050224614975e+00 3.916255320842325194e+00
2.038779180716344186e+01 -1.822217626329580176e+00 -6.600795768459999380e-01 -1.822217626329580176e+00 2.036330723254325648e+01 -6.594017589014349034e-02 -6.600795768459999380e-01 -6.594017589014349034e-02 1.244843348836560715e+01
1.911186351830060204e+01 -5.598665645690510395e+00 -2.559737758698053867e+00 -5.598665645690510395e+00 1.776116200329126471e+01 6.453855939772261685e-01 -2.559737758698053867e+00 6.453855939772261685e-01 9.045051131673263356e+00
-2.080774738911920352e+01 -1.932171113258255746e+00 -3.238877209117317357e-01 -1.932171113258255746e+00 -6.272321797298293866e+00 1.891802498767807927e+00 -3.238877209117317357e-01 1.891802498767807927e+00 -2.856986066290674309e+00
1.793931300360277703e+01 7.958171307774436487e-01 2.613521806590656249e-01 7.958171307774436487e-01 2.033865464944097923e+01 -7.335780720771303276e-01 2.613521806590656249e-01 -7.335780720771303276e-01 5.258746633706785190e+00
-3.253662694278061984e+00 -3.042310833231008260e+00 -2.320525204216658532e-01 -3.042310833231008260e+00 -4.756785598107245328e+00 3.390486637375808243e+00 -2.320525204216658532e-01 3.390486637375808243e+00 -3.342952046598953952e+00
2.543707330287870327e+00 1.450577738159820163e+00 3.501075560988096136e+00 1.450577738159820163e+00 -7.168125621867917019e+00 -1.746937711096532508e+00 3.501075560988096136e+00 -1.746937711096532508e+00 1.492052797752450388e+01
-3.081717621671752116e+00 7.642901172212892558e-01 -1.051224945522381216e+00 7.642901172212892558e-01 -5.117861559768338786e+00 -8.090162876105027046e-01 -1.051224945522381216e+00 -8.090162876105027046e-01 -3.204733045016227577e-01
