-3.460497878350377476e+00 -2.406742551727906854e+00 -1.660478851701690517e-01 -2.406742551727906854e+00 7.473412936939763718e+00 -5.105212136394786882e+00 -1.660478851701690517e-01 -5.105212136394786882e+00 5.517925041128258989e+00
3.332090803844515392e+00 3.643664390174779832e+00 3.894676071336629963e+00 3.643664390174779832e+00 -1.370327024737300725e+00 -3.229781009399008695e+00 3.894676071336629963e+00 -3.229781009399008695e+00 3.197096806609705411e+00
-4.313364197245723730e+00 -4.108627832407432123e+00 1.818437952586316131e+00 -4.108627832407432123e+00 -3.639354811816293278e+00 2.541798904152720251e+00 1.818437952586316131e+00 2.541798904152720251e+00 -3.107256168008925457e+00
-8.167891416989053965e+00 2.680479156458774437e+00 2.755369735696386435e+00 2.680479156458774437e+00 -3.998006761202662851e+00 5.113516316072971080e+00 2.755369735696386435e+00 5.113516316072971080e+00 1.334831965494744477e+00
6.050740333696455586e+00 7.601350531781652098e-01 -6.592621682839494568e+00 7.601350531781652098e-01 1.080900494451897664e+01 -4.244018333181919012e+00 -6.592621682839494568e+00 -4.244018333181919012e+00 1.829312574837957284e+00
-1.406661595826478095e+00 -2.262481569928354919e+00 -2.921654189697935888e-01 -2.262481569928354919e+00 2.739028536075714726e+00 -4.422968627250583040e+00 -2.921654189697935888e-01 -4.422968627250583040e+00 -2.104425702214620220e+00
-2.881181985421902958e+00 6.889261007229627864e+00 -8.859059922348206939e+00 6.889261007229627864e+00 -6.710853144024732098e-01 -7.857309005861892182e-01 -8.859059922348206939e+00 -7.857309005861892182e-01 -1.796097315217629053e-01
-3.164742373567639877e+00 -1.443557055292698399e+00 -4.102223623082953630e+00 -1.443557055292698399e+00 -1.139626799269312407e+01 1.362012183808153365e+00 -4.102223623082953630e+00 1.362012183808153365e+00 -9.778050435801375784e+00
-8.844487958410661932e+00 -5.731672200584402965e+00 2.947875550615196794e+00 -5.731672200584402965e+00 -3.121877420646274714e+00 -2.189225961768755724e+00 2.947875550615196794e+00 -2.189225961768755724e+00 -3.668304660636620529e+00
2.977349300760665507e+00 7.267904464580168700e+00 -7.115759024633463437e-01 7.267904464580168700e+00 2.294276996739113894e+00 2.340031808639893907e+00 -7.115759024633463437e-01 2.340031808639893907e+00 -7.004994505356433088e+00
3.414258811515694436e+00 2.610397390534646256e+00 -3.288182194018645088e+00 2.610397390534646256e+00 1.539308356380503895e+00 -3.100355676164438190e+00 -3.288182194018645088e+00 -3.100355676164438190e+00 2.031304669829367082e+00
-5.290003776462727458e+00 7.129051030655122467e-01 2.331145654983422411e+00 7.129051030655122467e-01 -6.418764892390885102e+00 4.626236046974534943e+00 2.331145654983422411e+00 4.626236046974534943e+00 -8.374432360768212291e+00
1.213173342373151797e+01 -8.248154707822944687e+00 5.692321659224527375e-01 -8.248154707822944687e+00 6.706386653482914184e+00 8.506236699830870274e-01 5.692321659224527375e-01 8.506236699830870274e-01 -2.007799235448468167e+00
8.970934501529145066e+00 -3.649159564418164692e+00 4.409479855965130035e+00 -3.649159564418164692e+00 -7.951631148682256622e+00 -5.601300181910403575e-01 4.409479855965130035e+00 -5.601300181910403575e-01 -2.665501415278849207e-01
-5.199503684604495746e+00 -1.080407848383640124e+00 5.714600224966926767e+00 -1.080407848383640124e+00 -4.487715340493736993e-01 -6.819149481522290834e+00 5.714600224966926767e+00 -6.819149481522290834e+00 -1.534144976309605113e+00
6.691358919432501828e+00 -4.300886436130167745e+00 1.947782737785117124e+00 -4.300886436130167745e+00 7.749356125724268018e+00 5.662683173709543993e+00 1.947782737785117124e+00 5.662683173709543993e+00 -7.171243641604876373e-01
4.062745853204691393e+00 -2.166036710696003453e+00 2.984857546774542847e+00 -2.166036710696003453e+00 3.210435190739882039e+00 2.016867893922639876e+00 2.984857546774542847e+00 2.016867893922639876e+00 -9.114338741246550413e+00
-5.533678225090015168e+00 -1.042896125401338914e+00 2.315648610289541498e+00 -1.042896125401338914e+00 9.794015526518423442e+00 5.094926101044776168e+00 2.315648610289541498e+00 5.094926101044776168e+00 6.264032197845152083e+00
-4.121992254730579397e+00 3.064246566704241781e-01 -7.226848640248112687e+00 3.064246566704241781e-01 -1.596655649906354224e+00 3.500208556203320942e+00 -7.226848640248112687e+00 3.500208556203320942e+00 -1.731976703120166050e+00
2.295905864997056511e+00 -2.545064762187564611e+00 -1.340764624965679719e+00 -2.545064762187564611e+00 -5.913034210635598420e+00 1.920804113793327828e+00 -1.340764624965679719e+00 1.920804113793327828e+00 5.696142575003644293e-01
-1.123561905042808107e+01 2.641322441407568888e+00 -3.228136055825389317e+00 2.641322441407568888e+00 -4.142906192069109927e+00 5.489969099008355613e+00 -3.228136055825389317e+00 5.489969099008355613e+00 -5.395148606434744032e+00
-7.500132652260597332e+00 -4.682164885478426797e+00 9.117454055647868927e-01 -4.682164885478426797e+00 -5.184227413069617540e+00 -1.038598040019146795e+00 9.117454055647868927e-01 -1.038598040019146795e+00 -7.800723348659569290e+00
-7.446536685772300324e+00 1.238610473739279350e+00 -1.410712745451349726e+00 1.238610473739279350e+00 4.841965813155629128e+00 1.371860225917688192e+00 -1.410712745451349726e+00 1.371860225917688192e+00 4.399243315318019043e+00
-1.026621811343220081e+01 1.678313020648576570e+00 -3.134219613329876530e+00 1.678313020648576570e+00 -6.283879185647013976e+00 -2.194446913710830227e+00 -3.134219613329876530e+00 -2.194446913710830227e+00 -4.167881467301615572e+00
-4.926867329731435596e+00 -1.020755470806558129e+01 -1.868650892262235352e+00 -1.020755470806558129e+01 -3.039382166477811786e+00 -2.097789954373638702e-02 -1.868650892262235352e+00 -2.097789954373638702e-02 -3.171599557753790322e+00
-1.408259335057173445e+01 -2.205318212051672333e+00 -1.754492120524584031e+00 -2.205318212051672333e+00 -5.246876245666721061e+00 2.811994958874747486e+00 -1.754492120524584031e+00 2.811994958874747486e+00 -1.078376945138452214e+01
3.081878516331713058e+00 -1.946600007669916366e+00 9.061942229907653523e-01 -1.946600007669916366e+00 -2.400817883772300154e-01 -2.723556061915863857e+00 9.061942229907653523e-01 -2.723556061915863857e+00 -1.358240617667084482e+00
-1.358817813875263125e+00 -5.492818363242819579e-01 6.769976508193417675e-02 -5.492818363242819579e-01 -2.145856425729282257e+00 -2.637498857426886723e+00 6.769976508193417675e-02 -2.637498857426886723e+00 2.616039831685169403e+00
-2.885690071649207766e+00 4.203947565006841636e+00 -6.416647473348069397e-01 4.203947565006841636e+00 -3.937143273533387777e+00 -2.019961733096961254e+00 -6.416647473348069397e-01 -2.019961733096961254e+00 -5.057844936655303769e+00
2.388106687056230637e+00 5.463439597896507571e+00 3.486431939868239738e+00 5.463439597896507571e+00 2.398020311665935100e+00 -3.548333810891434847e+00 3.486431939868239738e+00 -3.548333810891434847e+00 8.571044520764120378e+00
-7.730944181709440421e+00 -1.853748109982052972e+00 -5.968302742324879118e-01 -1.853748109982052972e+00 -5.866444006362216967e+00 1.042601700169854428e+00 -5.968302742324879118e-01 1.042601700169854428e+00 -6.129751070123312218e+00
-9.765531170052149434e+00 -1.561570462445806440e+00 3.588732476448128761e+00 -1.561570462445806440e+00 -7.507885599394981568e+00 -9.042914117953540498e-02 3.588732476448128761e+00 -9.042914117953540498e-02 -2.823795985267220310e+00
-6.060286799567064620e+00 3.046238000158473458e+00 7.192321289648366811e-01 3.046238000158473458e+00 -9.599195000302948699e+00 3.538269040433711154e+00 7.192321289648366811e-01 3.538269040433711154e+00 -5.098404941417544300e+00
1.778272553007978596e+00 -7.106125781338214153e+00 4.064566060759870147e+00 -7.106125781338214153e+00 -9.952920496178081500e-01 1.549593797804527329e+00 4.064566060759870147e+00 1.549593797804527329e+00 -5.184819440055723483e+00
-1.600423525785845236e+00 4.222684522121693540e+00 1.385892875294297610e+00 4.222684522121693540e+00 -1.562243288278074349e+00 -1.055130140194401100e+00 1.385892875294297610e+00 -1.055130140194401100e+00 -8.238275456302213584e+00
9.530979434648312321e+00 4.193463834443439175e+00 1.900279374219757678e+00 4.193463834443439175e+00 -3.657979701816205242e+00 1.998948119961863945e+00 1.900279374219757678e+00 1.998948119961863945e+00 2.908205595214839789e+00
5.758755082293962602e+00 1.068692961353651105e+00 -1.117047471319382979e+00 1.068692961353651105e+00 2.049827251591894051e+00 2.212473007288235483e+00 -1.117047471319382979e+00 2.212473007288235483e+00 -1.515365544300347533e+00
-1.128421552278839002e+01 -1.195212551434617909e+00 1.087707618595897374e+00 -1.195212551434617909e+00 1.719025439628425911e+00 1.723305225654772510e+00 1.087707618595897374e+00 1.723305225654772510e+00 -1.126340917841415212e+00
-6.109705960180810358e+00 -1.455940851895443311e+00 3.759424217756836550e-01 -1.455940851895443311e+00 5.852382938242396193e+00 5.535098888751427637e+00 3.759424217756836550e-01 5.535098888751427637e+00 -6.375437913512376653e+00
1.898749090626643266e-01 4.691355962110635325e+00 2.235989600752867901e+00 4.691355962110635325e+00 -4.511092988743006238e+00 -1.508264203015826643e+00 2.235989600752867901e+00 -1.508264203015826643e+00 -1.006609965662591399e+01
-8.901014623678396021e+00 -6.273082613210252401e-01 -1.401944557430865101e+00 -6.273082613210252401e-01 -4.275193177093944641e+00 -2.654381751370140652e+00 -1.401944557430865101e+00 -2.654381751370140652e+00 -3.946926715162343946e+00
2.377642918173842101e+00 -6.805902667519798221e+00 -5.253119699031339351e+00 -6.805902667519798221e+00 -2.417277446452249734e+00 4.516093382193721695e+00 -5.253119699031339351e+00 4.516093382193721695e+00 4.125882930693793860e+00
-6.216772140891109188e+00 -1.808115883901666443e-01 -5.389966855259376466e+00 -1.808115883901666443e-01 -1.084677279848293763e+00 -2.300319867561211762e+00 -5.389966855259376466e+00 -2.300319867561211762e+00 -1.491009376765743133e-01
-3.564638379200898211e+00 -1.744113263203686648e+00 -1.052934974388419487e-01 -1.744113263203686648e+00 -1.351979049187666071e+01 -4.927346713998464800e+00 -1.052934974388419487e-01 -4.927346713998464800e+00 -1.522989648186990763e+01
-1.217353255925794819e+01 -3.196184453540484305e-01 4.074638876330338277e+00 -3.196184453540484305e-01 -1.632381036321747914e+00 -4.037711499535953763e+00 4.074638876330338277e+00 -4.037711499535953763e+00 -1.653601399257452442e+01
-8.255237618738270555e+00 -2.696999152044813552e+00 3.648233947674077715e+00 -2.696999152044813552e+00 -3.025918018021621858e+00 1.317615674582865160e-01 3.648233947674077715e+00 1.317615674582865160e-01 -5.645335321269514317e+00
1.725297545567764823e+00 -2.854930482234451450e+00 -9.912713065166719462e-01 -2.854930482234451450e+00 -4.009072200121178042e+00 2.927720642228388126e+00 -9.912713065166719462e-01 2.927720642228388126e+00 -6.481371221856528031e+00
-1.077344179508584610e+01 1.594080449290531387e+00 -1.577491212384743324e+00 1.594080449290531387e+00 -1.796387916274396479e-01 4.174679006030458162e+00 -1.577491212384743324e+00 4.174679006030458162e+00 -2.797883101850159093e+00
5.617509167903446787e+00 1.907729940107787181e+00 -1.127017587568674761e+00 1.907729940107787181e+00 4.982974515693192608e+00 -9.771819775185892620e-01 -1.127017587568674761e+00 -9.771819775185892620e-01 1.038229196913518138e+01
-1.052054768861902012e+01 -1.492776020029254802e+00 1.731248099138871011e+00 -1.492776020029254802e+00 -5.461033378993648491e+00 6.764840116476958931e-01 1.731248099138871011e+00 6.764840116476958931e-01 -7.062556179778904486e+00
