4.094146234421213393e+00 -8.919459923591785966e-01 -9.114477308976541847e-01 -8.919459923591785966e-01 1.647084334062081767e+00 -1.675878946495027888e+00 -9.114477308976541847e-01 -1.675878946495027888e+00 -2.260746427094953326e+00
-1.828567653385122060e+00 2.889147133556296598e+00 3.116055722748412471e+00 2.889147133556296598e+00 1.124726016765702719e+00 1.739439884897526323e+00 3.116055722748412471e+00 1.739439884897526323e+00 1.845963076354877996e+00
-1.445903143024874105e+00 -8.936578574402942454e-01 8.276803369745738825e-01 -8.936578574402942454e-01 -4.240079263487320560e+00 2.291703076157667329e+00 8.276803369745738825e-01 2.291703076157667329e+00 9.384450610534527115e-01
-7.449594297347287508e+00 1.425638650688593412e+00 -6.437410724945041851e-01 1.425638650688593412e+00 -8.020496986352624091e+00 6.358435405830406006e-01 -6.437410724945041851e-01 6.358435405830406006e-01 5.535297955584842278e+00
1.866095432188685788e+00 3.150922845533342453e+00 1.577815247599549275e+00 3.150922845533342453e+00 -1.756168356633011518e+00 -9.313543445587814107e-01 1.577815247599549275e+00 -9.313543445587814107e-01 -4.001425418997381911e+00
7.445658160352738086e+00 -6.137587057364065624e-01 -5.607294728425223918e-01 -6.137587057364065624e-01 1.741618882398726864e+00 -4.060233207880797890e-02 -5.607294728425223918e-01 -4.060233207880797890e-02 1.573597001499117098e+01
4.823812424621751305e+00 -9.783333476143464269e-01 4.891626606587553550e-01 -9.783333476143464269e-01 2.814862431804558085e+00 3.990755049735658644e-01 4.891626606587553550e-01 3.990755049735658644e-01 6.488530598744502775e+00
9.405052987687411159e-01 -2.551009661160960285e+00 -3.153099752603642170e+00 -2.551009661160960285e+00 -1.678741544734167812e+00 3.488950340996044286e-01 -3.153099752603642170e+00 3.488950340996044286e-01 4.419731459641335292e+00
-1.134828388601663463e+01 2.448432775911622894e+00 3.095593698300460606e+00 2.448432775911622894e+00 -8.577857422920303065e+00 4.403297876945742179e-02 3.095593698300460606e+00 4.403297876945742179e-02 -4.482223692357295342e+00
2.340886812448561116e+00 5.128522397082185824e-01 -2.516751190604784139e+00 5.128522397082185824e-01 8.992652355339677328e+00 -2.389006685859317969e+00 -2.516751190604784139e+00 -2.389006685859317969e+00 2.215395835005020686e+00
-3.507962966957005047e-01 -2.390881952859118087e+00 -1.589497579650628545e+00 -2.390881952859118087e+00 2.896295429861104775e+00 1.925197250193080301e+00 -1.589497579650628545e+00 1.925197250193080301e+00 2.852222524325956687e+00
-3.925172131156743904e-01 -1.775173775877626925e+00 -1.563286547606715482e+00 -1.775173775877626925e+00 -1.182304653899110880e+00 3.900866943106295337e-01 -1.563286547606715482e+00 3.900866943106295337e-01 -3.514931420596028033e+00
-5.386265137303104744e+00 -1.252720354455665763e+00 -1.341314704833414861e+00 -1.252720354455665763e+00 -3.653211210165567824e+00 -2.871571840087722149e-01 -1.341314704833414861e+00 -2.871571840087722149e-01 2.292655698911890472e+00
2.142048984822991553e+00 1.309020392347855388e+00 1.646609744032903055e-01 1.309020392347855388e+00 -1.616407957907771031e+00 2.642589071291483904e+00 1.646609744032903055e-01 2.642589071291483904e+00 -4.841531529581650339e+00
-9.305184761976255103e+00 1.937688383988369345e-01 -6.012535606997424509e-01 1.937688383988369345e-01 -9.253172582445159833e+00 8.620809898965766660e-01 -6.012535606997424509e-01 8.620809898965766660e-01 2.704176861777705554e+00
4.616401103810154893e-01 -2.597708239333936575e+00 -3.507522449104182982e+00 -2.597708239333936575e+00 9.484206242448630420e+00 -5.499083110758762771e+00 -3.507522449104182982e+00 -5.499083110758762771e+00 1.302391931016725302e+01
9.609233984775922721e+00 2.186291266840697300e+00 2.882490762957809149e+00 2.186291266840697300e+00 2.606417269036333639e+00 2.927221676502512082e+00 2.882490762957809149e+00 2.927221676502512082e+00 2.591171549029027688e+00
-5.826394813829589570e-01 5.304718651425274212e-01 1.917852043205177770e+00 5.304718651425274212e-01 -1.055251020820535401e-01 1.835743263797534053e-01 1.917852043205177770e+00 1.835743263797534053e-01 -2.320797884031874148e+00
1.047726594141883544e-01 1.460192645095787833e+00 -6.960014719704382680e-01 1.460192645095787833e+00 -6.901233175721357416e-01 1.112899464732586718e+00 -6.960014719704382680e-01 1.112899464732586718e+00 3.585036605371067608e+00
2.003391424095943396e+00 3.179286205422595657e+00 2.284400614499637605e+00 3.179286205422595657e+00 5.075632993643552027e+00 -4.859599518966378207e-01 2.284400614499637605e+00 -4.859599518966378207e-01 5.013115900295786354e+00
-6.740492165429055049e-01 2.922976948465922931e-01 -1.610208750407397194e+00 2.922976948465922931e-01 1.331075176082142653e+00 -1.002594090002460803e+00 -1.610208750407397194e+00 -1.002594090002460803e+00 -5.274737910167071497e+00
3.590976258894997386e+00 2.427422557848156526e+00 2.219334090490222788e+00 2.427422557848156526e+00 6.253523099053651890e+00 4.295838577301112626e-01 2.219334090490222788e+00 4.295838577301112626e-01 -1.531555980273890949e+00
2.012270989531986132e+00 5.313215553354911913e-01 -3.191362975847939154e+00 5.313215553354911913e-01 3.311819135109404399e+00 2.584165267127734200e+00 -3.191362975847939154e+00 2.584165267127734200e+00 1.548667610402843842e+01
3.098383564016437663e+00 4.398186994843936048e+00 -9.375704472442197845e-01 4.398186994843936048e+00 3.914505658077044981e+00 -2.055336839962142559e+00 -9.375704472442197845e-01 -2.055336839962142559e+00 1.371813266174258805e-01
4.822048111551088811e-02 2.109513831355381619e+00 -8.373486545708466178e-01 2.109513831355381619e+00 4.358625955540166963e+00 2.319560691595156099e-01 -8.373486545708466178e-01 2.319560691595156099e-01 3.884058646393998782e+00
2.058509335264946394e+00 8.176560318941561434e-02 1.380475437757667345e+00 8.176560318941561434e-02 1.706176082642772096e+00 1.069523557481355969e+00 1.380475437757667345e+00 1.069523557481355969e+00 3.118671668791780927e-02
1.727617596081127749e+00 2.878033330523560362e+00 1.011066773826908793e+00 2.878033330523560362e+00 -1.274385641099267552e+00 6.720133200787411498e-01 1.011066773826908793e+00 6.720133200787411498e-01 9.644757550125345746e-01
1.414783548420335491e+00 1.733159614444915730e+00 3.923269651559829541e+00 1.733159614444915730e+00 -5.042714607875362631e+00 2.895412330676025547e+00 3.923269651559829541e+00 2.895412330676025547e+00 -4.714134278171935755e+00
8.382162380732469664e-01 8.289373408428629686e-01 -1.020566087366150843e+00 8.289373408428629686e-01 4.463554956528686390e-01 8.723589764258251611e-01 -1.020566087366150843e+00 8.723589764258251611e-01 2.401830536567465924e+00
9.009437829017669097e-01 2.518157593302967623e+00 2.281327593176704749e+00 2.518157593302967623e+00 -2.702294901743777178e+00 1.282508684365363028e+00 2.281327593176704749e+00 1.282508684365363028e+00 -9.392528959864755222e+00
-2.419415955857123990e+00 -1.645944563068718836e+00 6.472460318322078576e-01 -1.645944563068718836e+00 -2.582041046551685426e+00 2.267826629120089699e+00 6.472460318322078576e-01 2.267826629120089699e+00 -9.630380757411575177e-01
6.543968822563105192e+00 3.421425734507640648e+00 2.775692876446735902e+00 3.421425734507640648e+00 4.785538546946246363e+00 -2.862583275194307664e+00 2.775692876446735902e+00 -2.862583275194307664e+00 6.568484188327603057e+00
1.741394985562655817e+00 1.240914183421416794e+00 2.507800515701193333e+00 1.240914183421416794e+00 -3.090952014826748417e+00 1.322449186321153825e+00 2.507800515701193333e+00 1.322449186321153825e+00 -4.404221659995309346e-01
-4.907748848881147374e+00 6.999455299663535079e-01 2.136543623768773159e+00 6.999455299663535079e-01 -5.060479917498261315e+00 -2.549882910724118101e+00 2.136543623768773159e+00 -2.549882910724118101e+00 8.437501914647400625e+00
2.588929819050263426e+00 2.315808682379685735e+00 -6.736424865223080705e-01 2.315808682379685735e+00 -9.266704275316109962e-01 1.992424386592465957e-01 -6.736424865223080705e-01 1.992424386592465957e-01 -4.074559159519466789e+00
-4.308054070830289461e+00 -1.942609656497070958e+00 -2.528091934065940016e+00 -1.942609656497070958e+00 1.194668737139719550e+00 -3.561632044941192454e+00 -2.528091934065940016e+00 -3.561632044941192454e+00 4.313240344382515801e+00
-8.381874452262296771e+00 -3.161484496304076686e-01 -1.244958186210333023e-01 -3.161484496304076686e-01 -7.512315301593533334e+00 -3.956383045934365739e-01 -1.244958186210333023e-01 -3.956383045934365739e-01 4.145998335444318172e+00
-1.406212333088622701e+00 -2.322593461114966118e+00 -1.929173331156227356e+00 -2.322593461114966118e+00 2.263871747377538934e+00 -2.063197007215766821e+00 -1.929173331156227356e+00 -2.063197007215766821e+00 -1.038161518672654715e+00
-1.652104519077588277e-02 -1.494509421972669116e+00 -3.447958755270317699e+00 -1.494509421972669116e+00 8.426208017449723364e-01 1.093001318438336034e+00 -3.447958755270317699e+00 1.093001318438336034e+00 1.304851464620409551e+01
-5.570232560870914673e-01 6.204234245307499229e+00 3.007875120723265905e+00 6.204234245307499229e+00 -5.704548603781251614e+00 2.306806089001955051e+00 3.007875120723265905e+00 2.306806089001955051e+00 3.750993313397956719e+00
-5.651131913145312602e+00 3.347223263661279757e-01 2.714297427056910905e-01 3.347223263661279757e-01 -7.456058912001608974e+00 5.844433826390792452e-01 2.714297427056910905e-01 5.844433826390792452e-01 5.013492620905914521e+00
7.759264124204343638e+00 2.344931453761958551e+00 -3.115573807481604174e-01 2.344931453761958551e+00 2.942563380739632972e+00 6.557908610694723750e-01 -3.115573807481604174e-01 6.557908610694723750e-01 -8.558307472708155395e-01
1.507861907173609906e+00 -3.691834211397479470e-01 -3.389667625279441654e-01 -3.691834211397479470e-01 -2.594496840972727814e+00 1.618878586145971576e+00 -3.389667625279441654e-01 1.618878586145971576e+00 1.544747331698594017e+01
9.867212152479984955e-01 -7.931873982132189305e-01 7.796495792911013467e-01 -7.931873982132189305e-01 5.798790393346288319e+00 -6.012597630844535024e-01 7.796495792911013467e-01 -6.012597630844535024e-01 -8.847101598162727676e-01
-6.458992685145137358e+00 -4.029522240977456704e-02 3.583758839056839118e+00 -4.029522240977456704e-02 -3.920385686169298278e+00 2.538846613777086869e+00 3.583758839056839118e+00 2.538846613777086869e+00 -1.456258954581198806e+00
-2.491453263149280950e+00 3.580000586532521289e-01 1.851409596743574193e+00 3.580000586532521289e-01 -6.677171487606777589e+00 -3.950074469344989625e-01 1.851409596743574193e+00 -3.950074469344989625e-01 -5.844162376246761603e+00
1.810556444756092009e+00 3.518626089113323641e+00 1.401881556911745985e+00 3.518626089113323641e+00 -3.197039149783365897e+00 2.834267799880063610e+00 1.401881556911745985e+00 2.834267799880063610e+00 9.550372565345311981e-01
1.484888138139538682e+00 2.012505565643695427e+00 5.153795917147843131e-01 2.012505565643695427e+00 5.992007005018818999e-01 -1.627501561613434733e+00 5.153795917147843131e-01 -1.627501561613434733e+00 -6.273331265286760106e-01
-1.998873603343210181e+00 -8.020600821758446797e-01 5.221174448319192418e-01 -8.020600821758446797e-01 5.910178394704439953e+00 -1.557865008015648645e+00 5.221174448319192418e-01 -1.557865008015648645e+00 3.201345342163982366e+00
1.714536961859454145e+00 1.769380053910700079e+00 -1.268185370453765781e+00 1.769380053910700079e+00 -3.642269014029246410e+00 -2.934319861306817767e-01 -1.268185370453765781e+00 -2.934319861306817767e-01 -1.018709118136142067e+00
-5.093345153635047140e-01 5.297811730170343125e-01 -9.760324310246345503e-01 5.297811730170343125e-01 1.354029672876665868e+00 2.262524607179399183e+00 -9.760324310246345503e-01 2.262524607179399183e+00 -2.291695073607791233e+00
1.063848536240907583e+00 4.911739232616505468e-01 -2.083461696306677435e+00 4.911739232616505468e-01 -1.082068785255091564e-01 3.397496841054339911e-01 -2.083461696306677435e+00 3.397496841054339911e-01 -3.525789091963755340e+00
-1.817538448833830422e+00 -1.975177553165907152e-01 -2.196127845392266686e-01 -1.975177553165907152e-01 -7.484565991325696110e+00 -1.878675252722774358e+00 -2.196127845392266686e-01 -1.878675252722774358e+00 -1.043069940425021258e+01
2.935036181598629224e+00 2.460805557293455514e+00 3.575910667116751096e+00 2.460805557293455514e+00 3.505725277736623458e+00 -3.649699689129672353e-01 3.575910667116751096e+00 -3.649699689129672353e-01 1.143770707137347742e+00
2.352357512796597883e-01 -1.932010368005019074e-01 9.114057044155526865e-01 -1.932010368005019074e-01 -1.891187977496952888e+00 5.358471952226493418e-01 9.114057044155526865e-01 5.358471952226493418e-01 8.227938023062936201e-01
-2.876343800554094887e+00 -7.485817387610002038e-01 1.230295032719022519e+00 -7.485817387610002038e-01 -1.953810038974920227e-01 -1.904719146022826548e+00 1.230295032719022519e+00 -1.904719146022826548e+00 -4.881997422735260272e+00
2.489548846717334118e+00 -2.647571443777105404e+00 -1.817856073577206688e+00 -2.647571443777105404e+00 -7.186628599579536480e-01 1.196457934422071601e+00 -1.817856073577206688e+00 1.196457934422071601e+00 -1.538673079401445376e+00
-3.145766439675173221e+00 7.653820357035988620e-01 1.176002349036841421e+00 7.653820357035988620e-01 -7.454176902360915014e-01 8.289091527311355512e-02 1.176002349036841421e+00 8.289091527311355512e-02 -2.491955298753544490e+00
-8.060295040696781044e-01 -3.093963016095337970e+00 -1.631999335229928239e+00 -3.093963016095337970e+00 3.674486365204568283e+00 -1.118635127568441634e+00 -1.631999335229928239e+00 -1.118635127568441634e+00 3.535166152719706911e+00
7.325766456941598115e-01 2.989854998193234970e+00 -1.196087354921187007e+00 2.989854998193234970e+00 -7.309650939901288225e-02 -1.162181571030495908e+00 -1.196087354921187007e+00 -1.162181571030495908e+00 -4.625003295067057429e+00
-8.716195555390753302e-01 -1.494693629287794367e+00 -2.433182858104768753e-01 -1.494693629287794367e+00 6.364572328677927660e-01 1.345664734490848780e+00 -2.433182858104768753e-01 1.345664734490848780e+00 -6.675590489480754952e-01
-9.190027325307458028e+00 -1.966862351572793877e+00 -1.831660564866867569e+00 -1.966862351572793877e+00 -4.171674662947042478e+00 -2.470889816471585121e+00 -1.831660564866867569e+00 -2.470889816471585121e+00 8.318065319883588771e+00
2.556931081980040155e+00 -1.711722574085540183e+00 -1.577155021228245912e+00 -1.711722574085540183e+00 5.610507699154785755e+00 -1.793333037454752033e+00 -1.577155021228245912e+00 -1.793333037454752033e+00 -2.786204676510581013e+00
-5.567729590119252947e+00 5.533275436280789272e-02 -1.917569220485787485e+00 5.533275436280789272e-02 4.915275352357713623e-01 1.207169360359560351e+00 -1.917569220485787485e+00 1.207169360359560351e+00 8.620630529906682327e+00
-6.229370804680083751e+00 9.853206281108389808e-01 -3.842368148519258869e-02 9.853206281108389808e-01 -4.721386484024128194e+00 -2.668848909204497508e-02 -3.842368148519258869e-02 -2.668848909204497508e-02 2.033140229317555114e+00
-1.255629775670823234e+00 6.550231698074127085e-01 9.706501833987295491e-01 6.550231698074127085e-01 3.527908223509472752e+00 -1.020931963900275852e+00 9.706501833987295491e-01 -1.020931963900275852e+00 1.283963594156460664e+00
-3.762911098973074964e+00 -1.835182183210467555e+00 -1.681113443607037183e+00 -1.835182183210467555e+00 -4.063829681127339555e+00 2.989213802107062445e+00 -1.681113443607037183e+00 2.989213802107062445e+00 1.573751046656877428e-01
-2.409874007987143907e-01 7.711641930353594354e-01 1.032117982969719128e+00 7.711641930353594354e-01 -9.281739835048964382e-01 2.508999311881202399e+00 1.032117982969719128e+00 2.508999311881202399e+00 -1.804522557860267495e+00
-4.798234097263910591e+00 -2.276100110382614783e-01 -8.237769848320909694e-02 -2.276100110382614783e-01 -4.228966126349388288e-01 -9.499482035493635179e-02 -8.237769848320909694e-02 -9.499482035493635179e-02 -1.175829732614036116e+00
-8.151287226303004729e+00 -8.607480263947611121e-01 2.009664721280881861e-01 -8.607480263947611121e-01 -7.529862681230010679e+00 -6.729344810442868807e-01 2.009664721280881861e-01 -6.729344810442868807e-01 5.169544348402558498e+00
-2.880251251799469614e+00 -1.995556328266381296e+00 -2.239567303968026835e+00 -1.995556328266381296e+00 -3.022606122904905046e+00 -1.162540816501886454e+00 -2.239567303968026835e+00 -1.162540816501886454e+00 -8.764461962190209121e+00
-4.785247661874003633e+00 -1.302395714850807629e+00 -4.331675415635104498e-01 -1.302395714850807629e+00 2.783818604143485587e+00 -1.183549407949291865e+00 -4.331675415635104498e-01 -1.183549407949291865e+00 -3.892668118007331923e+00
-5.088003242113864344e-01 1.604926016943530043e-01 9.206507767944984710e-01 1.604926016943530043e-01 3.088237294308469605e-01 4.505573546815758723e-01 9.206507767944984710e-01 4.505573546815758723e-01 -5.353908236292790335e+00
-1.786292618980770186e+00 -1.661985839529357190e+00 3.803627153861777743e-01 -1.661985839529357190e+00 -2.652905900201390832e+00 1.924804797054171290e+00 3.803627153861777743e-01 1.924804797054171290e+00 -1.699167191860203596e+00
2.107862934502276353e+00 -1.202425923460451011e-02 -1.054248103439014539e+00 -1.202425923460451011e-02 1.179699361075625674e+00 -4.257252705044536900e-01 -1.054248103439014539e+00 -4.257252705044536900e-01 -3.772134401599175568e+00
-1.763029639476292765e+00 1.645029089543454504e+00 -2.046931118381832004e-01 1.645029089543454504e+00 5.328631818893258654e+00 -3.186359565451435838e+00 -2.046931118381832004e-01 -3.186359565451435838e+00 2.574647288488512320e+00
2.319217551943577316e-01 -1.486351120581008933e+00 -4.214085957049802933e-01 -1.486351120581008933e+00 -1.311225866816336794e+00 1.700580830564574875e+00 -4.214085957049802933e-01 1.700580830564574875e+00 1.314393863892649172e-01
8.190408276841164792e+00 -1.396784321141254726e+00 -1.157807043357367727e+00 -1.396784321141254726e+00 6.562700240121193573e+00 -2.160131613536600437e+00 -1.157807043357367727e+00 -2.160131613536600437e+00 -1.376019887626497296e+00
1.270598611721735161e+00 -2.290587761691936564e+00 -2.023692233761438253e+00 -2.290587761691936564e+00 -4.502244806625471440e+00 9.854188692748247491e-02 -2.023692233761438253e+00 9.854188692748247491e-02 -2.202607515976677366e+00
1.331835144887245415e+00 -1.921069164641194593e+00 -1.712430175143020705e-01 -1.921069164641194593e+00 2.108803990347576818e+00 1.689915417672246400e+00 -1.712430175143020705e-01 1.689915417672246400e+00 5.196194633834344323e+00
-5.972823299903740057e+00 8.128687150385437432e-01 -2.666055154798667171e-01 8.128687150385437432e-01 -4.137242110811960139e+00 1.889520855049074521e+00 -2.666055154798667171e-01 1.889520855049074521e+00 6.837351037989139790e+00
-1.631065097448782142e+00 -1.472092087116078085e+00 -2.218883836613682270e+00 -1.472092087116078085e+00 -1.259947559920427729e+00 3.832681536181175908e+00 -2.218883836613682270e+00 3.832681536181175908e+00 -3.449038946157388708e+00
-3.090749498053581235e+00 1.481435654419740677e+00 -5.576721113025852050e-01 1.481435654419740677e+00 -1.400868867659345440e+01 4.341199096775889110e+00 -5.576721113025852050e-01 4.341199096775889110e+00 -6.397350978277878131e-01
1.617910868870474417e+00 -1.129121370200971475e+00 -2.639682126566739867e-02 -1.129121370200971475e+00 2.272748074828010889e+00 4.891314264061046302e-01 -2.639682126566739867e-02 4.891314264061046302e-01 4.417121280547370965e+00
5.797077494455128210e+00 -1.802729545061287464e+00 -1.589147414348010878e+00 -1.802729545061287464e+00 6.567313851509675615e+00 1.875105667119583375e+00 -1.589147414348010878e+00 1.875105667119583375e+00 -1.804749552602711749e+00
-8.725555634985607822e-01 -5.273316928062413700e-01 -5.426944650292450101e-01 -5.273316928062413700e-01 -3.857152088787076494e+00 -5.530446791893296465e-01 -5.426944650292450101e-01 -5.530446791893296465e-01 -8.089701682096201552e+00
2.683096875240770007e+00 1.421427384966417184e+00 -4.578864145654548690e-01 1.421427384966417184e+00 4.440471094115819639e+00 -1.543516474672598449e+00 -4.578864145654548690e-01 -1.543516474672598449e+00 -8.978691204702250461e-01
-4.299639412300347296e-01 1.408550982159495035e+00 1.521476872059664087e+00 1.408550982159495035e+00 -4.152212506234643774e-01 -1.427147053273814636e+00 1.521476872059664087e+00 -1.427147053273814636e+00 -3.316379952496106842e+00
-4.413522466995209115e+00 -1.188950700199507882e+00 3.800539328901369363e+00 -1.188950700199507882e+00 -6.775150338266851868e+00 -1.322648750783648186e+00 3.800539328901369363e+00 -1.322648750783648186e+00 2.655534469465693270e+00
5.741995701786721362e+00 -6.027751931014291298e-01 -1.641568962998604553e+00 -6.027751931014291298e-01 7.276675047031804233e+00 7.821558735031823861e-01 -1.641568962998604553e+00 7.821558735031823861e-01 7.789590991570396916e+00
2.584813425775679185e+00 3.617129794408153298e+00 4.134906837622645881e+00 3.617129794408153298e+00 5.709112527204756482e+00 -2.502202335862345972e+00 4.134906837622645881e+00 -2.502202335862345972e+00 -2.893207941512724535e+00
-1.047788844402209918e+01 1.677856302880928352e+00 2.523424414069632693e-01 1.677856302880928352e+00 -8.042717165234435583e+00 8.907613871646961057e-01 2.523424414069632693e-01 8.907613871646961057e-01 -6.573767899197973996e+00
-7.054581929653116923e+00 1.253583516847722956e+00 6.278616887847485728e-01 1.253583516847722956e+00 -3.921700877605360347e+00 1.671848190847906812e+00 6.278616887847485728e-01 1.671848190847906812e+00 -5.716848780407164377e+00
-2.756895739478963048e+00 3.574426810999226323e+00 6.431528747335804042e-01 3.574426810999226323e+00 2.700164741893224640e+00 1.372460481845614977e+00 6.431528747335804042e-01 1.372460481845614977e+00 1.301662106457409873e+00
7.117630070720557534e-01 3.995838171374333392e+00 9.985931120959283536e-02 3.995838171374333392e+00 -1.242410189465335657e+00 2.682954435954592043e+00 9.985931120959283536e-02 2.682954435954592043e+00 5.487540111649716223e+00
-9.238065522500461313e+00 -4.057315474095317676e-01 -1.194493944356531889e+00 -4.057315474095317676e-01 -1.009842959806595175e+01 -6.270697068407246055e-01 -1.194493944356531889e+00 -6.270697068407246055e-01 -2.784432520401548761e+00
1.127368037578202697e+00 1.529752404686538503e+00 4.122684804494065602e-01 1.529752404686538503e+00 -3.209120390413922941e+00 -2.052733910817755025e-01 4.122684804494065602e-01 -2.052733910817755025e-01 -2.992233361803922076e-01
-6.962494700947335247e+00 -7.842186354953374350e-01 -1.755129975791054966e-02 -7.842186354953374350e-01 -7.277560705509596772e+00 8.059476153201454440e-02 -1.755129975791054966e-02 8.059476153201454440e-02 7.743939424124611115e+00
6.574061368802564864e+00 -1.180512918090817376e+00 -1.229120811783296352e+00 -1.180512918090817376e+00 3.858954700813950645e+00 6.883947045213547611e-01 -1.229120811783296352e+00 6.883947045213547611e-01 1.798333930948978754e+00
-4.712483406039985390e+00 2.308461105958365955e+00 -1.492098423080905567e+00 2.308461105958365955e+00 -3.562448528032137407e+00 1.558323045236014837e+00 -1.492098423080905567e+00 1.558323045236014837e+00 -6.262054103837990660e+00
