1.054581347106599010e+00 -6.117836694037794842e+00 -1.924875965154787316e+00 -6.117836694037794842e+00 -1.841004980779159972e+00 2.434932823773100219e-01 -1.924875965154787316e+00 2.434932823773100219e-01 -4.734855635926707329e+00
-8.630247756597430708e+00 3.576541041102999863e+00 4.746405539617241653e-01 3.576541041102999863e+00 -5.558282744298730371e+00 5.235051856248479574e+00 4.746405539617241653e-01 5.235051856248479574e+00 2.563401026860608223e+00
-2.031744710962886946e-01 2.462331905041344804e+00 5.379446934330090357e+00 2.462331905041344804e+00 -5.412596930611029755e+00 5.309138470578306235e-01 5.379446934330090357e+00 5.309138470578306235e-01 2.938076371091776551e+00
1.788267854428620574e+00 -4.265741520745948812e+00 -1.607990293907116008e+00 -4.265741520745948812e+00 4.339521392072564154e+00 -7.292300948703006602e-01 -1.607990293907116008e+00 -7.292300948703006602e-01 -3.309793636519685389e+00
-6.864666092812745646e+00 3.797007370711177998e+00 -3.286558709965916147e+00 3.797007370711177998e+00 -7.106633910558644018e+00 1.110267423861417635e+00 -3.286558709965916147e+00 1.110267423861417635e+00 1.650012070881400561e+00
-1.381783262744201046e+00 5.520348798102292953e+00 2.422998520595771588e+00 5.520348798102292953e+00 -9.024754248079537078e+00 3.899336842338523734e+00 2.422998520595771588e+00 3.899336842338523734e+00 -4.290835149545960125e-01
-2.097679191266990095e+00 -8.584612456476310438e-01 3.175214400732357500e+00 -8.584612456476310438e-01 1.074459781214449405e+00 -1.621806968497591539e+00 3.175214400732357500e+00 -1.621806968497591539e+00 1.417183206111154892e+00
-5.208019254697884293e+00 -8.724805163745813497e-01 -3.351879442771821704e+00 -8.724805163745813497e-01 -1.589203077179232793e+01 -1.122434636526763674e+00 -3.351879442771821704e+00 -1.122434636526763674e+00 -3.033468503376619996e+00
-9.800553979099266400e+00 1.992386501008005073e+00 2.884294986260190208e-01 1.992386501008005073e+00 -3.038573847710416054e+00 5.405126176244929859e-01 2.884294986260190208e-01 5.405126176244929859e-01 7.486543670753155189e-01
-3.895317794086666563e+00 -2.877420124363113452e+00 -5.182886302438024506e-01 -2.877420124363113452e+00 -8.466167445167450012e+00 2.191302232423251617e+00 -5.182886302438024506e-01 2.191302232423251617e+00 -1.102826095452630284e+01
-3.966972036295770554e+00 8.859535191064168425e-01 -3.917893468290594705e-01 8.859535191064168425e-01 -1.728312189922857900e-01 -2.973398709163852072e+00 -3.917893468290594705e-01 -2.973398709163852072e+00 5.246393296655952554e+00
-3.248374980340673068e-01 -3.951001229703116291e+00 -4.540841386546287772e+00 -3.951001229703116291e+00 -3.457408079720327709e+00 -2.262744032005959749e+00 -4.540841386546287772e+00 -2.262744032005959749e+00 4.680029957987499323e+00
-5.017715900000155882e-01 -7.522893304567743744e-01 -2.429301544882431774e-01 -7.522893304567743744e-01 7.990025299670449499e+00 -1.523151259403646929e+00 -2.429301544882431774e-01 -1.523151259403646929e+00 -2.632418106951923686e+00
5.479217577621788848e+00 -1.172799795744372320e+00 3.932218715894406191e+00 -1.172799795744372320e+00 4.215063368903221530e+00 -2.546486945107315769e+00 3.932218715894406191e+00 -2.546486945107315769e+00 1.179829544759589766e+01
-5.447481506466272272e+00 -4.756769147289229838e-01 2.648522798803677247e+00 -4.756769147289229838e-01 -5.803813375638501526e+00 1.533239858455162974e+00 2.648522798803677247e+00 1.533239858455162974e+00 -3.457059725722258392e+00
-5.969835719317608813e-01 9.346079247784466748e-02 -1.087865645146900206e+00 9.346079247784466748e-02 -1.247976000400879082e+00 6.265390098499993288e-01 -1.087865645146900206e+00 6.265390098499993288e-01 -1.453066136307374467e+00
9.095546544277574696e+00 -2.941582658814087647e+00 8.762576964720442119e-01 -2.941582658814087647e+00 -1.893847751747007147e+00 2.560043120140708672e-01 8.762576964720442119e-01 2.560043120140708672e-01 -8.262676059212009649e-01
-1.162143293943666400e+01 5.301627062285406700e-01 1.640238885901472432e-01 5.301627062285406700e-01 -7.094854041885909623e+00 2.903349954163432667e+00 1.640238885901472432e-01 2.903349954163432667e+00 -4.368934712296955958e+00
-4.278388041040939171e+00 -1.935262712681528274e+00 -2.737674517167309585e+00 -1.935262712681528274e+00 -6.328678459473064954e+00 -6.243399950050341207e-01 -2.737674517167309585e+00 -6.243399950050341207e-01 -6.364642100370573985e+00
8.424127850603271739e+00 1.003220938553989416e+00 -2.419599164465406016e+00 1.003220938553989416e+00 4.339491603862923874e+00 2.349877332430730270e+00 -2.419599164465406016e+00 2.349877332430730270e+00 2.334856417337704215e+00
-2.167346488539371840e+00 -2.033232469511073059e+00 8.064602542271712693e-01 -2.033232469511073059e+00 -7.857798060808142138e-01 -4.037243573904217286e-02 8.064602542271712693e-01 -4.037243573904217286e-02 8.891666021164487788e+00
-3.352295774704352471e+00 -1.862280512081630812e+00 -7.967528215025660998e-01 -1.862280512081630812e+00 2.632415902042187561e+00 -5.768028009902365305e+00 -7.967528215025660998e-01 -5.768028009902365305e+00 -9.075152823196756202e+00
6.329207154224456011e-02 8.989175435168043904e-02 1.713629580058650292e+00 8.989175435168043904e-02 -3.214998136073579538e+00 -5.219722199427079268e+00 1.713629580058650292e+00 -5.219722199427079268e+00 -6.889317847643892101e+00
3.376012855192514373e+00 -1.067929926338481605e+00 -5.237909152327263840e+00 -1.067929926338481605e+00 5.636250737601447902e+00 -1.281007796625514894e+00 -5.237909152327263840e+00 -1.281007796625514894e+00 -2.317944177683953777e-01
-7.256414272187834413e+00 2.511804763960834741e+00 3.819311804898509966e+00 2.511804763960834741e+00 -6.211869155882458138e+00 -2.817187564974063196e+00 3.819311804898509966e+00 -2.817187564974063196e+00 -2.459399349660042589e+00
4.809463215833387761e-01 -2.512063997836475604e+00 -2.504955741178671036e-01 -2.512063997836475604e+00 -4.009079611132742471e+00 6.004000795015855818e-01 -2.504955741178671036e-01 6.004000795015855818e-01 -2.730088628893715952e-01
2.664622178591530499e+00 -9.466349698236163901e-01 -5.704747507577494492e-01 -9.466349698236163901e-01 2.063334772253407223e+00 2.532721440466113805e+00 -5.704747507577494492e-01 2.532721440466113805e+00 7.404429556181252536e+00
-1.458860626541579109e+00 -3.929047796077218546e+00 2.422824851471391927e+00 -3.929047796077218546e+00 -3.338972711283379802e+00 -7.177665143698505057e-01 2.422824851471391927e+00 -7.177665143698505057e-01 -3.577719584128064234e+00
-9.415702352487592464e+00 2.841760652038463952e+00 -2.637564566090814466e+00 2.841760652038463952e+00 -6.658652528145585947e+00 5.798562120045833268e+00 -2.637564566090814466e+00 5.798562120045833268e+00 -7.516544935498103541e+00
9.972964940464688510e+00 1.657503491672486229e+00 -3.036810569350678057e-01 1.657503491672486229e+00 1.252357770945518745e+01 -2.217157027567836725e+00 -3.036810569350678057e-01 -2.217157027567836725e+00 6.430385415033795127e+00
-1.539355966286168531e+01 -7.366845827622358067e-01 7.847832661482021521e-01 -7.366845827622358067e-01 -9.766379620087201729e+00 6.344685717156164362e-01 7.847832661482021521e-01 6.344685717156164362e-01 -1.390138381119167654e+01
9.864034348276252473e+00 1.011027306872333886e+00 2.373439623442174240e-01 1.011027306872333886e+00 -6.398053805012152040e+00 1.195132738559570029e+00 2.373439623442174240e-01 1.195132738559570029e+00 3.779667992609895055e+00
-2.831557955960293249e+00 -4.482713442323707831e+00 -1.293018315078244163e+00 -4.482713442323707831e+00 -7.797407862795304290e+00 5.034843401412999464e-01 -1.293018315078244163e+00 5.034843401412999464e-01 -3.728138500937835165e+00
-3.649177528677726823e+00 -3.094563635573153615e+00 -1.303819021999091388e-01 -3.094563635573153615e+00 -3.187081085883075593e-01 -1.482978653111034717e+00 -1.303819021999091388e-01 -1.482978653111034717e+00 -5.042179388563337916e+00
5.080932055740519093e-01 2.890455542545963485e+00 -3.226667482102713258e+00 2.890455542545963485e+00 -3.560412694236418929e+00 3.003646745119860295e+00 -3.226667482102713258e+00 3.003646745119860295e+00 6.646852738747417888e+00
-3.834772596661841337e+00 6.314246138650977391e-01 -3.759849716077181547e+00 6.314246138650977391e-01 2.491800185581470650e+00 -7.607542176054238325e-01 -3.759849716077181547e+00 -7.607542176054238325e-01 6.433822285648868267e+00
8.044285753505775460e-01 3.168236524126645914e+00 2.074038183545019454e+00 3.168236524126645914e+00 -6.433131832595828214e+00 2.796226587530483906e-02 2.074038183545019454e+00 2.796226587530483906e-02 -1.086203392854828209e+01
7.754759259099646584e+00 3.102206574720135279e+00 3.087275313519595610e+00 3.102206574720135279e+00 9.558837739188656701e-02 1.787576252070215144e-01 3.087275313519595610e+00 1.787576252070215144e-01 5.647335578117980148e+00
2.355146829246786311e+00 2.371795383009276392e+00 7.956500958095692744e-02 2.371795383009276392e+00 -3.609135907902328855e-01 8.627515879949082533e-01 7.956500958095692744e-02 8.627515879949082533e-01 -4.245064161225375443e+00
6.547776626979581849e+00 9.244737624993374370e-01 -7.167220217120862102e+00 9.244737624993374370e-01 -4.568623233128127126e+00 2.419767549953441677e+00 -7.167220217120862102e+00 2.419767549953441677e+00 -2.088458599278050443e+00
1.211124030755800085e+01 4.345522958119738099e+00 -1.476472537132159202e+00 4.345522958119738099e+00 4.532363079503924475e+00 2.855043143175831855e+00 -1.476472537132159202e+00 2.855043143175831855e+00 -6.315992752382790343e+00
-1.006032195290224918e+00 -1.640672927390355751e+00 2.646224280501771275e+00 -1.640672927390355751e+00 -9.805712077893440792e+00 -7.018167492773775828e-01 2.646224280501771275e+00 -7.018167492773775828e-01 -1.748074151755526717e+00
4.992507738430140840e+00 1.724882426506773259e+00 -3.516156052530200471e-01 1.724882426506773259e+00 9.368771626511882999e+00 -7.494024715154519178e-01 -3.516156052530200471e-01 -7.494024715154519178e-01 -5.727941962639521156e-01
2.973007016849053663e+00 3.445529623314921519e+00 6.976083352021317019e+00 3.445529623314921519e+00 3.506620735891817997e+00 3.023184928063091359e+00 6.976083352021317019e+00 3.023184928063091359e+00 8.198993121186347821e+00
-5.253764749151040192e+00 -2.726912048089264573e+00 9.905276501162312286e-01 -2.726912048089264573e+00 -1.088014003214077974e+01 -3.982494345085621390e+00 9.905276501162312286e-01 -3.982494345085621390e+00 -5.354238199393802411e+00
1.142989088326413594e+01 9.335936471789391788e+00 -1.509465834528257000e+00 9.335936471789391788e+00 2.842354867393538598e+00 3.511700479029228994e+00 -1.509465834528257000e+00 3.511700479029228994e+00 -2.323599360295393712e+00
1.424568588005472147e+00 -2.664511467542908463e+00 -3.876169596401208839e+00 -2.664511467542908463e+00 9.073932301533796263e+00 -2.619222360335051292e+00 -3.876169596401208839e+00 -2.619222360335051292e+00 1.776627176480854331e+00
4.794226854671345350e+00 -3.058262306093115335e+00 -2.303906087911209433e+00 -3.058262306093115335e+00 3.637112316591069927e+00 5.625489335310843941e+00 -2.303906087911209433e+00 5.625489335310843941e+00 1.016281244957992591e+01
-5.009659938619951625e+00 -1.302789856349214626e+00 2.889510807702252659e+00 -1.302789856349214626e+00 -4.216795336029015573e+00 -1.129919748013467951e+00 2.889510807702252659e+00 -1.129919748013467951e+00 -4.037136141771537012e+00
-1.627078359805456031e+01 -3.595892365210788255e-01 -1.706817191921520482e+00 -3.595892365210788255e-01 -4.385056605778404837e+00 -3.584440429511763782e+00 -1.706817191921520482e+00 -3.584440429511763782e+00 -3.647592101896537820e+00
-4.854918813894938623e+00 -1.541127440200049659e-01 1.988980511534340634e+00 -1.541127440200049659e-01 4.307760841910884153e+00 -2.564156046349087781e+00 1.988980511534340634e+00 -2.564156046349087781e+00 -3.558521151619463474e+00
1.334272916987465196e+00 2.865646135947234274e+00 -1.784252482990748012e+00 2.865646135947234274e+00 -3.917213647257502540e+00 4.897571637423984825e+00 -1.784252482990748012e+00 4.897571637423984825e+00 1.871943221206128882e+00
-1.717287090035495289e+00 -2.970245516527350471e+00 2.010478316248318631e+00 -2.970245516527350471e+00 5.477774928618515560e+00 -1.599798536982810271e+00 2.010478316248318631e+00 -1.599798536982810271e+00 4.547387229886250992e+00
-3.019045590780497612e+00 1.656034083427100345e+00 8.125271197604491125e-01 1.656034083427100345e+00 -1.879076451918587187e+00 1.187521596717431294e+00 8.125271197604491125e-01 1.187521596717431294e+00 -6.582095051718102496e+00
-8.258990120212208907e+00 1.895104814446683550e+00 -4.707963161928550577e-01 1.895104814446683550e+00 6.044817236121787118e+00 1.305852886645530564e+00 -4.707963161928550577e-01 1.305852886645530564e+00 -9.082733846807975908e+00
-2.745578217118868736e+00 -7.694636978236418123e+00 -9.119477963348957772e+00 -7.694636978236418123e+00 3.034944033376714423e-02 9.846081086760767320e-01 -9.119477963348957772e+00 9.846081086760767320e-01 5.650539249361188787e+00
7.924796493079449888e+00 -2.857173404834009389e+00 3.102760972905449943e+00 -2.857173404834009389e+00 -3.802604756524820218e+00 -6.775984264516556888e-01 3.102760972905449943e+00 -6.775984264516556888e-01 6.811889695745661832e+00
-4.420011191593571809e+00 -5.276366693679953590e-01 -1.477545983272678720e+00 -5.276366693679953590e-01 -4.946475005112381140e+00 -5.752575861002627633e+00 -1.477545983272678720e+00 -5.752575861002627633e+00 -3.117992736231355089e+00
-2.885956173908645450e+00 -3.753091405948367321e+00 -3.693207921154326723e+00 -3.753091405948367321e+00 -9.466117949142363486e+00 -7.027689355460897680e+00 -3.693207921154326723e+00 -7.027689355460897680e+00 2.284506194611587215e+00
1.830331887127419899e-01 2.265305074065080859e+00 -1.283513003903201222e+00 2.265305074065080859e+00 -9.349265517381255108e+00 1.686950718636518465e-01 -1.283513003903201222e+00 1.686950718636518465e-01 -2.491855705144359501e+00
1.132730760508967371e+01 -2.071412902791453181e+00 2.374034648459756980e+00 -2.071412902791453181e+00 1.830523292963007531e+00 8.195632611702673431e-01 2.374034648459756980e+00 8.195632611702673431e-01 1.621369269430460003e+00
1.110067437495822595e+00 1.771844498103894161e-01 -1.402474138674181470e+00 1.771844498103894161e-01 -1.037894018115276040e+01 3.067433235639421607e+00 -1.402474138674181470e+00 3.067433235639421607e+00 -1.190807437253191736e+01
-2.677975227777190881e+00 2.950978261419297866e+00 1.496739786312543341e+00 2.950978261419297866e+00 -1.726253410520675935e+00 1.849752601650289652e+00 1.496739786312543341e+00 1.849752601650289652e+00 -4.373303126864677814e+00
-6.374313532084195266e+00 7.207405334527788199e+00 3.530665377413754857e+00 7.207405334527788199e+00 -1.279727759552068811e+01 -5.602966995549273355e-01 3.530665377413754857e+00 -5.602966995549273355e-01 -5.203684394901794796e+00
-7.812213297683100466e-01 -1.496162843077324833e+00 -1.295606097783640998e+00 -1.496162843077324833e+00 -5.125035483984788698e+00 2.234920128382253957e+00 -1.295606097783640998e+00 2.234920128382253957e+00 -2.325960229591153006e+00
3.316905752890674464e+00 -1.860255304428905188e+00 -3.571222742405834705e+00 -1.860255304428905188e+00 -2.176701685935981345e+00 2.834165682348738002e+00 -3.571222742405834705e+00 2.834165682348738002e+00 -1.539441188147335771e+00
2.538685414865289314e-01 2.090056898304963440e+00 1.539443660224580679e+00 2.090056898304963440e+00 9.818682960463931408e+00 -1.273665075652683942e+00 1.539443660224580679e+00 -1.273665075652683942e+00 1.216344825739700637e-03
2.480407808928531299e+00 -1.905598585071148765e+00 -1.339856857636258169e+00 -1.905598585071148765e+00 -2.065599034819784130e+00 -5.019734886456428402e-01 -1.339856857636258169e+00 -5.019734886456428402e-01 -1.452122581583055738e-01
-5.144714795698376975e+00 -8.397141838472889086e-01 2.618668736609361058e+00 -8.397141838472889086e-01 -7.233340972718289130e+00 -1.710801880510891992e+00 2.618668736609361058e+00 -1.710801880510891992e+00 -1.127362803362879529e+00
-2.938895773151124047e+00 -4.694296871859150455e-01 9.517401843743237277e-01 -4.694296871859150455e-01 -3.848066920762873266e+00 3.972779030996221650e+00 9.517401843743237277e-01 3.972779030996221650e+00 1.396386053629559143e+00
-1.593445121837697043e+00 -3.941409453734713964e+00 -1.730213403598882094e+00 -3.941409453734713964e+00 -3.162862601499786930e+00 -2.205749123340604800e+00 -1.730213403598882094e+00 -2.205749123340604800e+00 -9.589979991141318605e-01
-1.035746426795648034e+01 1.845462484263698855e+00 -1.113554822611592110e+00 1.845462484263698855e+00 -1.046839708871595143e+01 1.909958800935760648e+00 -1.113554822611592110e+00 1.909958800935760648e+00 -4.253908682249843309e+00
-3.291099248291545543e+00 -8.934298205490533995e-01 -3.294744230699180765e+00 -8.934298205490533995e-01 -3.632165459291704313e+00 -6.089054693048858713e-01 -3.294744230699180765e+00 -6.089054693048858713e-01 4.463801669921928728e+00
-2.730428742667691533e-01 1.366292601069677426e+00 2.628398119525852117e+00 1.366292601069677426e+00 -2.286549143046941346e+00 -1.836567933293190347e+00 2.628398119525852117e+00 -1.836567933293190347e+00 -1.597242723788785179e+00
4.346894409174302254e+00 -3.078826156386103019e+00 1.249406640620440490e+00 -3.078826156386103019e+00 -6.458247006216609520e+00 8.049717750404141725e-01 1.249406640620440490e+00 8.049717750404141725e-01 2.425858536789021191e-01
-6.076430158822455851e+00 -7.493531908762228078e+00 -2.805391763617401946e+00 -7.493531908762228078e+00 -3.283242041773041020e+00 -2.067631639467850224e+00 -2.805391763617401946e+00 -2.067631639467850224e+00 -8.062977113373754889e+00
-5.025088541014976151e+00 -1.667261656419076754e+00 9.575835581001767016e-01 -1.667261656419076754e+00 -1.613162324513445434e+00 -2.250383182324863895e+00 9.575835581001767016e-01 -2.250383182324863895e+00 2.882936775237506577e+00
-4.584031734501053279e+00 4.557353246499952881e+00 3.552843060384390572e+00 4.557353246499952881e+00 3.906139111008717357e+00 2.466504137665828544e+00 3.552843060384390572e+00 2.466504137665828544e+00 2.140683585086912699e-01
2.687376796658497380e+00 1.728690007096094217e+00 2.876120660609890134e+00 1.728690007096094217e+00 2.039977203895659397e+00 1.762099268751441628e+00 2.876120660609890134e+00 1.762099268751441628e+00 4.910777102328992560e-01
-5.025637747727413895e+00 -8.706527637725588464e-01 -1.146126677443912278e+00 -8.706527637725588464e-01 -4.238045580184179428e+00 -3.919923040165364192e+00 -1.146126677443912278e+00 -3.919923040165364192e+00 -5.990709366583518047e+00
4.216299628859569992e+00 -3.560468294937893852e+00 -2.479601888407675148e+00 -3.560468294937893852e+00 -4.814032999050876782e-01 2.153366536839695033e+00 -2.479601888407675148e+00 2.153366536839695033e+00 -3.021870730337250954e+00
6.834530725455615574e+00 2.821073245696994913e+00 -3.513186108291761478e+00 2.821073245696994913e+00 4.763715167420830454e+00 1.416139802106249679e+00 -3.513186108291761478e+00 1.416139802106249679e+00 7.355400520539727260e+00
9.054894861687786900e+00 4.146784731124903089e+00 4.688785888262842150e+00 4.146784731124903089e+00 1.319400364949234294e+00 3.943828959129859202e-01 4.688785888262842150e+00 3.943828959129859202e-01 4.582589728084244030e+00
-3.685341182102826352e+00 -3.231526029090725061e+00 -1.127749744398312881e+00 -3.231526029090725061e+00 -7.127465830390774526e-01 -5.073994639369250326e-01 -1.127749744398312881e+00 -5.073994639369250326e-01 -3.261395421034185560e+00
-1.654392309715129983e+01 1.311339874743602474e+00 -8.003423983519013518e-01 1.311339874743602474e+00 -1.410771807749822848e+01 -1.504851669937582015e+00 -8.003423983519013518e-01 -1.504851669937582015e+00 6.931284313395277841e-02
6.027837335069518687e+00 -2.128210433002668545e+00 -2.266587418084620165e+00 -2.128210433002668545e+00 5.450227527639225578e+00 -1.662413192244832638e+00 -2.266587418084620165e+00 -1.662413192244832638e+00 -7.044545515207830455e+00
3.283382362440482538e+00 1.228387799133989766e+00 6.991604257442836090e-01 1.228387799133989766e+00 7.004027273210776450e+00 1.020481728582073089e+00 6.991604257442836090e-01 1.020481728582073089e+00 -8.018973858100689966e+00
-5.168823283401946966e+00 -1.553525905226764259e+00 -9.897874620691469172e-01 -1.553525905226764259e+00 -6.909876068880216771e+00 -1.126185491327157395e-01 -9.897874620691469172e-01 -1.126185491327157395e-01 -1.232814639566891524e+00
3.936033801770981722e-01 4.055732913979893439e+00 6.701736957270203465e-01 4.055732913979893439e+00 5.279737843493593763e-01 5.742778914752837416e+00 6.701736957270203465e-01 5.742778914752837416e+00 5.158850252242221046e+00
-9.849903436589834138e-01 6.006626828740527779e-01 1.740554314482826381e+00 6.006626828740527779e-01 -5.898588607563232777e+00 3.445304355956100850e-01 1.740554314482826381e+00 3.445304355956100850e-01 -2.903501636840444267e+00
1.091448769195348234e+01 4.468045691797588148e+00 2.589137713889701597e+00 4.468045691797588148e+00 4.036305510812841391e+00 -1.364385671354378049e+00 2.589137713889701597e+00 -1.364385671354378049e+00 3.985927661954189904e+00
9.296518323207030310e-01 2.190846905687527657e-01 1.789887793431787832e+00 2.190846905687527657e-01 -9.051951857130948742e-01 -4.628807181549819960e-01 1.789887793431787832e+00 -4.628807181549819960e-01 -8.391596929684542516e+00
1.132155623179705861e+00 -4.978660014381073751e+00 3.294899428490530635e+00 -4.978660014381073751e+00 1.691720476404895379e+01 -5.332449387246641415e+00 3.294899428490530635e+00 -5.332449387246641415e+00 5.223566155660624766e+00
-3.266025813929539279e+00 1.324619647177761816e+00 -6.774675476425994214e-01 1.324619647177761816e+00 3.460752257123778541e+00 -6.453759995751706668e-01 -6.774675476425994214e-01 -6.453759995751706668e-01 3.886436150357408525e-01
-5.659024468128728280e+00 2.356900630811141095e+00 -2.014487204648655272e+00 2.356900630811141095e+00 -1.477737623157624469e+00 -6.706980075132698005e-01 -2.014487204648655272e+00 -6.706980075132698005e-01 -2.603447228473492636e+00
1.439302907661202946e+00 -3.276128277497136199e-01 4.172835657172222490e-01 -3.276128277497136199e-01 -2.867979491524865754e+00 -1.229499798214383155e+00 4.172835657172222490e-01 -1.229499798214383155e+00 1.126857821421385797e+00
-1.458941038432346238e+00 1.834223972157666083e+00 -5.121553187428152798e-01 1.834223972157666083e+00 5.934131197666646429e+00 -2.347018189720509351e+00 -5.121553187428152798e-01 -2.347018189720509351e+00 -4.126990302318954917e+00
2.018756865138935819e+00 -4.681553928734103476e-01 -1.539126160722394943e+00 -4.681553928734103476e-01 -2.613082375476909469e-01 -2.663030301634661701e+00 -1.539126160722394943e+00 -2.663030301634661701e+00 -4.836937110645355808e+00
-2.399471591222669675e-01 -5.836209651344433702e+00 2.925536817326446659e+00 -5.836209651344433702e+00 5.763393828351208725e+00 -1.890175987313052142e+00 2.925536817326446659e+00 -1.890175987313052142e+00 5.552187787137193631e+00
-1.181750461644289624e-01 5.540741348762169560e-02 1.554747376038177586e+00 5.540741348762169560e-02 2.720218299110257476e+00 -4.239130113332701733e+00 1.554747376038177586e+00 -4.239130113332701733e+00 -3.754487379474468423e+00
