-1.364697923761852838e-01 -6.781762255952790142e+00 -7.575098897753433924e+00 -6.781762255952790142e+00 1.043311643457737858e+01 -2.312041477157771585e-01 -7.575098897753433924e+00 -2.312041477157771585e-01 5.584700459827569574e+00
1.604703744486172479e+00 2.996693384614172451e-01 -1.620884490680825907e-01 2.996693384614172451e-01 3.335831133636795620e+00 1.111071052021758820e+00 -1.620884490680825907e-01 1.111071052021758820e+00 2.949528668260252839e+00
1.739232485156009256e+00 -2.847020213528424382e+00 9.396736072874713130e+00 -2.847020213528424382e+00 -7.963270200806193522e+00 1.863394253279436974e+00 9.396736072874713130e+00 1.863394253279436974e+00 6.858586516636863806e+00
1.689152986909340015e+00 -6.007125539193975960e+00 4.420394093792764378e-01 -6.007125539193975960e+00 -9.020142604930175168e+00 -1.061062367086808012e+00 4.420394093792764378e-01 -1.061062367086808012e+00 -1.070871928829399344e+01
-8.463367285167421983e+00 -5.158987265949116496e-01 -1.685102401350792478e+00 -5.158987265949116496e-01 -1.798728515696928820e+00 -4.848399173552052077e-01 -1.685102401350792478e+00 -4.848399173552052077e-01 -5.114079332162448033e+00
7.841503190302232085e+00 1.533541235963531646e+00 1.334668675907278446e-01 1.533541235963531646e+00 -3.974961686131616823e+00 1.017186962380610238e+00 1.334668675907278446e-01 1.017186962380610238e+00 2.769928189520803885e-01
-3.474483150864096537e+00 -4.663745357116980128e-01 -5.015290636948783742e+00 -4.663745357116980128e-01 4.619153003724165707e+00 1.793051540056747495e+00 -5.015290636948783742e+00 1.793051540056747495e+00 1.915020983990437964e+00
2.073474333918241541e-01 1.994972149727637589e+00 -3.247365511029552732e+00 1.994972149727637589e+00 8.196904814053011634e+00 -4.591668037519878176e-01 -3.247365511029552732e+00 -4.591668037519878176e-01 -1.301889200240607947e+00
1.401699687632457270e+01 2.211151022850824877e+00 4.576409756186398781e+00 2.211151022850824877e+00 -1.315439712970021491e+00 8.370964773517629576e-01 4.576409756186398781e+00 8.370964773517629576e-01 -2.503647658229926520e+00
1.249440823731851147e+01 -5.782956504526441499e+00 1.480084900021841454e+00 -5.782956504526441499e+00 4.069765526011112300e+00 -5.658389310846737019e-02 1.480084900021841454e+00 -5.658389310846737019e-02 7.040651780851525654e-01
1.858211820300726069e+00 -1.763208282860964093e-01 -5.889026587144035929e+00 -1.763208282860964093e-01 -4.221161544478875705e+00 5.389950395867312949e+00 -5.889026587144035929e+00 5.389950395867312949e+00 -1.367846362583935438e+01
-7.269884157007795444e+00 -2.983059418841726096e+00 2.288521844384717951e+00 -2.983059418841726096e+00 -3.080312160471153859e+00 5.895575212163657319e-01 2.288521844384717951e+00 5.895575212163657319e-01 -1.273696098946530242e+01
7.325614112204433148e+00 3.048756516416436746e+00 -1.848224239633423194e+00 3.048756516416436746e+00 1.157334102576475665e+01 3.088307864361409028e+00 -1.848224239633423194e+00 3.088307864361409028e+00 -1.508970966351415033e+00
6.069288636421931171e-01 -3.354931756571867041e+00 4.256104527051766340e+00 -3.354931756571867041e+00 -1.887420561146595288e+00 -9.102074914333976863e-02 4.256104527051766340e+00 -9.102074914333976863e-02 -4.090475718072212885e+00
-7.205073061841175353e+00 6.830629578412242831e-01 1.746721437395590604e+00 6.830629578412242831e-01 1.499771712460523654e+00 7.145233053644231003e-01 1.746721437395590604e+00 7.145233053644231003e-01 -7.840067969416242288e-01
-2.023775096619552016e+00 -4.034382911567909735e-01 -2.563508092989077003e+00 -4.034382911567909735e-01 -8.381626085490111677e+00 3.238413672235829655e+00 -2.563508092989077003e+00 3.238413672235829655e+00 -4.972124068631492477e+00
-5.052075843558678336e+00 -3.657799286966164853e+00 -1.552245895004631615e+00 -3.657799286966164853e+00 -3.631399745254636491e-01 -7.119807067093937292e+00 -1.552245895004631615e+00 -7.119807067093937292e+00 -1.001060491542900222e+00
3.343069278580093506e+00 4.536656392077255795e+00 -1.222734549955923483e-01 4.536656392077255795e+00 9.697226806155462953e+00 3.342979190970920556e+00 -1.222734549955923483e-01 3.342979190970920556e+00 3.774007451950024628e+00
2.892516915407905218e-03 -3.974264302061083054e+00 -2.643564929236328798e+00 -3.974264302061083054e+00 3.917088210120152958e+00 -3.282312225229727431e+00 -2.643564929236328798e+00 -3.282312225229727431e+00 -1.806980264170905626e+00
6.060172210442734908e+00 -3.118241155271842757e+00 2.637624353644219877e+00 -3.118241155271842757e+00 9.367128684571314201e-01 8.414081040039947945e-01 2.637624353644219877e+00 8.414081040039947945e-01 2.323527186057591898e+00
-7.963195441410671371e+00 -3.649363444482581542e+00 -1.097665275474636992e+00 -3.649363444482581542e+00 -5.173606577890748071e-01 3.893400772058024928e-01 -1.097665275474636992e+00 3.893400772058024928e-01 -3.084794816771141424e+00
-1.754713429343289999e+00 -7.145500698063501632e-01 1.363747100449388183e+00 -7.145500698063501632e-01 -1.207726514566758702e+01 -8.684509917688747471e-01 1.363747100449388183e+00 -8.684509917688747471e-01 -6.409189790156849753e+00
5.511496976824763472e-01 -1.505151179745055412e+00 -8.941011945493370083e-01 -1.505151179745055412e+00 1.882388885957182456e+00 -4.558925949389366572e+00 -8.941011945493370083e-01 -4.558925949389366572e+00 -1.013778839881297777e+01
-6.839155794137941058e+00 4.764912401407986886e-01 4.140699851277139132e+00 4.764912401407986886e-01 -3.467682139061180280e+00 -2.253515708545633434e+00 4.140699851277139132e+00 -2.253515708545633434e+00 4.461970896598364433e+00
6.616272359692720428e+00 8.321210506454644218e+00 1.199437214645724614e+00 8.321210506454644218e+00 1.111539081066852175e+00 5.652284002622205428e+00 1.199437214645724614e+00 5.652284002622205428e+00 6.868714301776670528e-01
1.085236638349055838e+01 6.283156305175515932e+00 2.136839211658676962e+00 6.283156305175515932e+00 -3.060816763845235489e+00 5.424856840182764595e-01 2.136839211658676962e+00 5.424856840182764595e-01 4.738343587384993505e+00
-2.204150039696409547e+00 1.463834750017873887e+00 -2.642959530028893500e+00 1.463834750017873887e+00 -1.750810238305542388e+00 3.891894743057845663e+00 -2.642959530028893500e+00 3.891894743057845663e+00 -6.544063936977477347e+00
-6.601770214932471958e+00 -1.217199592042973455e+00 2.026684678142468776e+00 -1.217199592042973455e+00 2.429248957587612501e-01 2.138111239454889567e+00 2.026684678142468776e+00 2.138111239454889567e+00 4.550392670017168406e+00
3.846091435536594716e+00 1.669918085758070325e-01 1.900904242054821003e+00 1.669918085758070325e-01 -1.327852254604043880e+00 2.022557131545068554e+00 1.900904242054821003e+00 2.022557131545068554e+00 7.545125836565309108e+00
-1.612444944477249651e-03 4.701806186291014988e+00 7.813166324859011080e-02 4.701806186291014988e+00 -5.795036288482532605e+00 -9.810932619917913516e-03 7.813166324859011080e-02 -9.810932619917913516e-03 -7.054545044220728478e+00
-1.209056336772140128e+01 1.483359530878039623e+00 1.867203519847126181e+00 1.483359530878039623e+00 -1.503936766797647762e+00 1.082496125787658858e+00 1.867203519847126181e+00 1.082496125787658858e+00 -7.158820376431660470e+00
-1.201489608132076281e+00 -1.072594873733045268e-01 -2.866347186461630336e+00 -1.072594873733045268e-01 2.178655406001042127e+00 -1.041818341947054360e+00 -2.866347186461630336e+00 -1.041818341947054360e+00 3.038215563258008345e+00
3.872168614869085701e+00 -2.654700069543315166e+00 4.264979361682398995e+00 -2.654700069543315166e+00 2.963408511622671160e+00 -4.058238434410921691e+00 4.264979361682398995e+00 -4.058238434410921691e+00 -9.440091925464010103e+00
-3.186657888151059215e+00 -2.790823330253098700e+00 -1.148116456254922424e+00 -2.790823330253098700e+00 2.572902822075541062e-03 9.819854292891770919e-01 -1.148116456254922424e+00 9.819854292891770919e-01 1.631161953775866280e+01
3.243881030706606605e+00 2.209354799857763840e+00 -5.674028641585634469e-01 2.209354799857763840e+00 7.820374112881017581e+00 6.769415774237137029e+00 -5.674028641585634469e-01 6.769415774237137029e+00 4.749600889880353449e+00
3.008779606452010924e+00 2.287480961317823969e+00 -1.062997830469077476e+00 2.287480961317823969e+00 8.096065800397923340e+00 5.281106366054917345e-01 -1.062997830469077476e+00 5.281106366054917345e-01 1.441651998933329404e+00
-3.174819265372121446e+00 -5.616658886130450057e+00 2.118090859976368812e+00 -5.616658886130450057e+00 -3.650770024334625941e+00 -2.241471332738857569e+00 2.118090859976368812e+00 -2.241471332738857569e+00 5.788475171292333243e+00
8.035362451761045577e+00 -3.215279485042622731e+00 3.181181092572793467e-01 -3.215279485042622731e+00 7.423165916249334195e+00 -3.940645288491718023e+00 3.181181092572793467e-01 -3.940645288491718023e+00 -5.873836463304084043e-01
-9.223398343112018338e+00 4.840109761647489961e+00 -2.292798671828028212e+00 4.840109761647489961e+00 -4.742153442348477022e+00 3.161848449934839822e-01 -2.292798671828028212e+00 3.161848449934839822e-01 -1.121900458105815268e+01
-2.617424769417120878e+00 -1.132170608891614805e+00 1.170348763811411841e+00 -1.132170608891614805e+00 2.009358785135916481e+00 -2.454419177532531471e+00 1.170348763811411841e+00 -2.454419177532531471e+00 6.401037656335886172e-01
9.046307200904495360e+00 3.714419948983975761e-01 3.803173840802053007e+00 3.714419948983975761e-01 4.266464677611661038e+00 4.874930266464300388e+00 3.803173840802053007e+00 4.874930266464300388e+00 1.122139334155118906e+00
-6.364608607895465120e+00 8.907868911948183532e-01 1.253727838017767160e-01 8.907868911948183532e-01 -5.213470719455186142e+00 2.968919472256223546e+00 1.253727838017767160e-01 2.968919472256223546e+00 -1.713951699174961263e+01
-5.453391044525567111e+00 -2.011847512702044760e+00 -9.925222932040816959e-01 -2.011847512702044760e+00 -5.227646030312289582e+00 1.750188518954837180e+00 -9.925222932040816959e-01 1.750188518954837180e+00 -1.185895436532408098e+01
-3.353610133909496138e+00 -2.271352430488546015e-01 7.276561542300499230e-01 -2.271352430488546015e-01 -2.745253827063117047e+00 1.591954663042187024e+00 7.276561542300499230e-01 1.591954663042187024e+00 -6.888419180351990967e+00
3.880861945473693675e-01 -2.309372513377154768e+00 -2.270312972701570509e+00 -2.309372513377154768e+00 5.021815029647853201e+00 -8.387041806825059620e-01 -2.270312972701570509e+00 -8.387041806825059620e-01 -2.327969269681732900e+00
-2.585980313758571736e+00 -9.298886876257841383e-01 9.227284284222867505e-01 -9.298886876257841383e-01 9.235934749656534715e-01 -2.644992480473284946e+00 9.227284284222867505e-01 -2.644992480473284946e+00 -7.241173767146341866e+00
-7.601039728126289141e+00 -2.772679179258157323e-01 8.807479939845092032e-01 -2.772679179258157323e-01 -1.100922575993506136e+01 2.132143649419739440e+00 8.807479939845092032e-01 2.132143649419739440e+00 -1.034381069400914654e+01
2.727364115316167847e+00 -2.048106814687213895e+00 -7.770725755682426072e-01 -2.048106814687213895e+00 3.610253732050542119e+00 6.226721790374487586e-01 -7.770725755682426072e-01 6.226721790374487586e-01 -1.437193020547315570e+00
1.708361081328342745e+00 3.199466518857698727e+00 3.162843556435181114e+00 3.199466518857698727e+00 -3.098381975310537939e+00 -2.019125694940832716e+00 3.162843556435181114e+00 -2.019125694940832716e+00 -5.961690483582511746e+00
-1.307528112690848232e+01 7.709329573254715129e-01 1.375769628716802861e+00 7.709329573254715129e-01 -8.550158794800317708e+00 -1.829260484502184925e+00 1.375769628716802861e+00 -1.829260484502184925e+00 -1.142592396757149409e+00
8.098104852458941849e+00 -1.516524901692323013e+00 4.189900696164468918e+00 -1.516524901692323013e+00 3.245309636117295504e+00 -4.040648535508691630e+00 4.189900696164468918e+00 -4.040648535508691630e+00 -3.802203289901989747e-01
1.216604192097758030e+01 6.557545156169449774e-01 2.842268331053902752e+00 6.557545156169449774e-01 1.401736656354108312e+01 4.486829566855493612e-01 2.842268331053902752e+00 4.486829566855493612e-01 9.874763066877100925e+00
-3.862870627021322001e+00 -2.874689020445452492e+00 2.460582128306831429e+00 -2.874689020445452492e+00 -1.423969823178188765e+00 -5.788625401496904077e-01 2.460582128306831429e+00 -5.788625401496904077e-01 7.575821460622133685e+00
-5.862772238749122122e-01 -2.706127880054921331e+00 7.226348180207423089e-02 -2.706127880054921331e+00 -6.190666108788473565e+00 -7.967336102216715510e-01 7.226348180207423089e-02 -7.967336102216715510e-01 -3.066535094477242374e-01
1.261078908054544145e+00 5.690283139947950986e+00 -2.233852068913313449e-01 5.690283139947950986e+00 -3.253419470278473558e+00 -2.544313003912825000e+00 -2.233852068913313449e-01 -2.544313003912825000e+00 -6.046288990549338216e+00
5.305846467642075792e-01 2.308330342136058477e-01 3.835147837229282985e-01 2.308330342136058477e-01 -7.918479431628847820e+00 2.604307384473223408e+00 3.835147837229282985e-01 2.604307384473223408e+00 -1.529661107154223565e+01
-8.611544589504692704e-01 1.674335057471167953e+00 6.960039065974364947e-01 1.674335057471167953e+00 1.185664279697927537e+00 -2.463145795411219030e+00 6.960039065974364947e-01 -2.463145795411219030e+00 8.250144375992674028e+00
-7.433680320104845585e+00 3.294864749521767333e+00 -5.746105684510370182e+00 3.294864749521767333e+00 -9.094078061806037283e+00 1.701397289919383882e+00 -5.746105684510370182e+00 1.701397289919383882e+00 -3.651567005630033780e+00
6.033855738353381959e+00 -7.049454656304136035e-01 1.695727063369043108e+00 -7.049454656304136035e-01 4.083241368196482313e+00 9.575378985480962335e-01 1.695727063369043108e+00 9.575378985480962335e-01 -5.417465405595549288e-02
1.015111759315775686e+00 -9.862707041294697108e-01 1.598900689575076584e+00 -9.862707041294697108e-01 -2.933104783310453545e+00 2.579990419594179407e+00 1.598900689575076584e+00 2.579990419594179407e+00 1.050705141245575547e+01
-4.432675492137717832e+00 -4.093799264401468463e+00 -7.708439932242917569e-01 -4.093799264401468463e+00 -6.553320127300343856e+00 -1.028367748958918665e-01 -7.708439932242917569e-01 -1.028367748958918665e-01 -8.308411747708623452e+00
-2.632911379724703238e+00 2.059284922657329986e+00 1.898326583690687297e+00 2.059284922657329986e+00 -6.662992503033282610e+00 -4.501164951450662421e-01 1.898326583690687297e+00 -4.501164951450662421e-01 -6.343988389653729243e+00
-7.165978096330323233e+00 -4.035728193192422708e+00 1.075685814551303521e+00 -4.035728193192422708e+00 -2.107009885359707457e+00 1.860305500845705673e+00 1.075685814551303521e+00 1.860305500845705673e+00 -1.405595616522522295e+00
1.526437577082208952e+00 -4.050744993966967300e+00 -2.285011878162879650e+00 -4.050744993966967300e+00 -8.824769222410131064e+00 2.764491598342320611e+00 -2.285011878162879650e+00 2.764491598342320611e+00 5.216803763162561225e+00
-4.764654537877337503e+00 -2.607360999300687876e+00 9.811520099276455076e-01 -2.607360999300687876e+00 -2.288785202342785485e+00 4.194552602462749746e+00 9.811520099276455076e-01 4.194552602462749746e+00 -1.355303791147041004e+01
3.396150451804923698e+00 3.266972307769592465e+00 4.162528500031136502e+00 3.266972307769592465e+00 -8.787077757352250273e+00 2.814163666481673598e+00 4.162528500031136502e+00 2.814163666481673598e+00 1.642675928457585144e+00
2.241585310877013626e+00 -2.913150012000650602e+00 6.551340517724927315e-01 -2.913150012000650602e+00 -7.839412831795561587e+00 -2.340177442898340843e+00 6.551340517724927315e-01 -2.340177442898340843e+00 -4.614920545398264906e+00
-5.223034349750069749e-01 -3.350395778745847153e+00 -2.436084935117139416e+00 -3.350395778745847153e+00 -1.735029086507115403e+00 2.501089250547347653e+00 -2.436084935117139416e+00 2.501089250547347653e+00 -6.985676089617940399e-01
-9.966129598857076388e+00 7.270574391504787126e-01 -1.903180911098957484e+00 7.270574391504787126e-01 -1.047404069822445649e+01 1.628549857523474920e+00 -1.903180911098957484e+00 1.628549857523474920e+00 -1.062233960029256430e+01
2.507705012567823299e+00 3.522912442393156596e+00 -2.943279254481984353e+00 3.522912442393156596e+00 4.387416445982442958e+00 2.918587944996427375e+00 -2.943279254481984353e+00 2.918587944996427375e+00 -1.300033147221281826e+00
-4.713002559959921456e+00 -1.880287013672679697e+00 1.013883576341173542e+00 -1.880287013672679697e+00 7.245133839154032529e+00 2.420419311829316023e+00 1.013883576341173542e+00 2.420419311829316023e+00 4.073702582124370530e-01
5.077977199665402175e+00 1.661136219088177601e-01 -3.734779830916847398e+00 1.661136219088177601e-01 -2.806638197250739708e+00 5.182194090239570228e-01 -3.734779830916847398e+00 5.182194090239570228e-01 -8.671626001806124862e+00
3.746005031274205255e+00 -2.001046655810559294e+00 6.565600101924929932e-01 -2.001046655810559294e+00 -1.738498233963039041e+00 4.076292243691004735e+00 6.565600101924929932e-01 4.076292243691004735e+00 3.139357814132760272e+00
-5.108692976747594372e+00 -1.177414192142610894e+00 -1.252588629417733301e+00 -1.177414192142610894e+00 -2.981841351907123183e+00 -4.657646353096859038e+00 -1.252588629417733301e+00 -4.657646353096859038e+00 -4.684734554060736578e+00
1.016723936231795689e+00 1.839390509083035918e-01 1.331679934473935623e+00 1.839390509083035918e-01 2.215193898565677610e+00 -7.110235159506830271e+00 1.331679934473935623e+00 -7.110235159506830271e+00 3.384785415431544209e+00
-5.870594288021480089e+00 -8.216784943977745170e-01 2.630493617929388961e+00 -8.216784943977745170e-01 -8.161464891049732273e+00 -2.400454210514664677e+00 2.630493617929388961e+00 -2.400454210514664677e+00 -3.130584498671824534e+00
-5.840068541690130566e+00 -1.824595528715139192e+00 -7.814207907724541879e-01 -1.824595528715139192e+00 -9.049258397817125044e+00 -3.476191096460550689e+00 -7.814207907724541879e-01 -3.476191096460550689e+00 -4.114078731822105262e+00
-8.091049767803160098e-01 -2.133308117186629271e+00 -2.916060863802398817e+00 -2.133308117186629271e+00 -2.957448020726587856e+00 2.887449462522280630e+00 -2.916060863802398817e+00 2.887449462522280630e+00 -3.602663001768415363e+00
2.529891399812609354e+00 -5.062519416546519047e+00 -4.931260421150111206e+00 -5.062519416546519047e+00 -4.931400128320268195e+00 -5.587580052338646297e+00 -4.931260421150111206e+00 -5.587580052338646297e+00 -2.890787892602067477e-01
4.352287227220023702e+00 -9.969952605311536153e-01 1.569259129484652515e+00 -9.969952605311536153e-01 6.550835654008048126e-01 -1.228386637791526681e+00 1.569259129484652515e+00 -1.228386637791526681e+00 -3.568080914208751953e+00
-1.101759443507478409e+01 6.551136829127354178e-01 -1.177208941566659783e+00 6.551136829127354178e-01 -7.551382731568748063e+00 1.494108679211816115e+00 -1.177208941566659783e+00 1.494108679211816115e+00 -5.001772444550884877e+00
-8.842212922383081875e+00 -1.954085311392289137e+00 1.769412865435746329e-01 -1.954085311392289137e+00 -7.553391833196444693e+00 2.398802871741011700e+00 1.769412865435746329e-01 2.398802871741011700e+00 -4.395667265218391684e+00
-3.999647107681437941e+00 6.120835899396206425e-01 -1.257151369343519065e-01 6.120835899396206425e-01 -6.420660436431281370e-01 1.632464325176337328e+00 -1.257151369343519065e-01 1.632464325176337328e+00 -4.979478232219609612e-01
-5.941992509295466185e+00 -1.410042868689093787e+00 -2.399793043209570431e+00 -1.410042868689093787e+00 -2.543641284720892681e+00 -1.443029251078908670e+00 -2.399793043209570431e+00 -1.443029251078908670e+00 4.692580705970101462e+00
-8.206154739425933542e+00 -3.279926436460560257e+00 6.270282554364606797e-01 -3.279926436460560257e+00 -3.650634614351676799e+00 3.788646430024853462e+00 6.270282554364606797e-01 3.788646430024853462e+00 -4.012585657220122393e+00
-2.176360825438375723e+00 -2.936400864743220929e+00 -1.139859960955826645e+00 -2.936400864743220929e+00 -1.479178690518480277e+00 -1.823150546487529944e+00 -1.139859960955826645e+00 -1.823150546487529944e+00 -1.054990598114030043e+01
2.315239503925501818e+00 9.799050519084273603e-01 -5.921327742742459321e-01 9.799050519084273603e-01 1.160664374692778056e+00 1.907067540973738318e+00 -5.921327742742459321e-01 1.907067540973738318e+00 -8.046781009653599881e+00
1.257373121111174896e+01 -1.330812468416731731e+00 2.780878610473885182e+00 -1.330812468416731731e+00 1.490480126103802938e+01 4.794003418522444271e+00 2.780878610473885182e+00 4.794003418522444271e+00 1.147456179515606856e+01
5.223820942162555880e-01 2.217650167253425675e+00 5.993469298032013448e+00 2.217650167253425675e+00 -1.874095658237002082e+00 3.570510748197971429e-01 5.993469298032013448e+00 3.570510748197971429e-01 1.329377321124624700e+00
3.393881756357190138e+00 1.284050529920173211e+00 -3.749860630576212550e+00 1.284050529920173211e+00 -5.264440053877605052e+00 9.947686876245767085e-01 -3.749860630576212550e+00 9.947686876245767085e-01 -6.653822946646566372e+00
-3.031132513967411679e+00 7.156223106042333137e-01 2.684399771375336030e+00 7.156223106042333137e-01 8.029269567450889156e+00 1.310873586580824979e+00 2.684399771375336030e+00 1.310873586580824979e+00 -1.068536826249583349e+00
6.474916630512661975e+00 -1.995495277254738742e+00 -5.365513839328431622e+00 -1.995495277254738742e+00 -1.097803245626635560e+00 -1.666790678109494106e+00 -5.365513839328431622e+00 -1.666790678109494106e+00 7.964741836974750244e-01
1.596130869982437472e+00 -1.595393362503765289e+00 -1.812041554563781798e+00 -1.595393362503765289e+00 -7.614657313287678253e-01 -3.759856087871062125e-02 -1.812041554563781798e+00 -3.759856087871062125e-02 -3.871742416625724381e+00
5.800323797346290888e+00 -3.918793496861834313e+00 3.029779092888549741e+00 -3.918793496861834313e+00 -2.042107027477502168e+00 -9.909211582720544031e-01 3.029779092888549741e+00 -9.909211582720544031e-01 -4.943912102700766198e+00
-1.365470389048754063e+00 -4.540173635788338657e+00 -6.953606574571409293e-01 -4.540173635788338657e+00 -2.758210348903117115e+00 -2.616628309322472923e+00 -6.953606574571409293e-01 -2.616628309322472923e+00 -2.819939796606216298e+00
7.108722562462593153e+00 -6.301312081236064566e-01 3.623581037820411410e+00 -6.301312081236064566e-01 4.717921123423694851e+00 -9.203969582443448649e-01 3.623581037820411410e+00 -9.203969582443448649e-01 5.383134537844559420e-01
-4.486214646497557190e+00 2.331977294413090096e+00 -1.272747073279427266e+00 2.331977294413090096e+00 -1.034713380289406892e+01 -1.039763957605072953e-01 -1.272747073279427266e+00 -1.039763957605072953e-01 3.597220834507139919e+00
-2.799701645628766666e+00 6.313742329223888117e-01 3.571400884031691980e+00 6.313742329223888117e-01 -7.313506489757696016e+00 3.541057956042926502e+00 3.571400884031691980e+00 3.541057956042926502e+00 -3.926694203539327965e+00
-1.054042597567455353e+01 2.572707373547044263e+00 -5.036388247920638328e+00 2.572707373547044263e+00 -6.322788700421572372e+00 -3.654585711498982370e+00 -5.036388247920638328e+00 -3.654585711498982370e+00 -7.028234109857568690e+00
-4.073591838565680412e+00 1.492378899262190250e+00 1.866364226894607237e+00 1.492378899262190250e+00 5.884060136287248888e+00 -3.516608836895583234e+00 1.866364226894607237e+00 -3.516608836895583234e+00 -5.261367610595371502e+00
