8.475932539566224388e-01 8.253485456502341222e+00 1.212422030188572419e+00 8.253485456502341222e+00 2.310333085955321053e+00 1.363239688034620922e+00 1.212422030188572419e+00 1.363239688034620922e+00 2.249397351947730606e+00
-1.324298220227517087e+00 -2.464146457694536885e+00 -2.727507092695618862e+00 -2.464146457694536885e+00 -3.028130276398783405e+00 5.688460642837548376e-01 -2.727507092695618862e+00 5.688460642837548376e-01 5.287380385306173380e+00
-4.959210312168268686e+00 -1.701296737494835565e+00 -3.994248778490000262e+00 -1.701296737494835565e+00 5.467019943540186722e-01 -1.672960651591574865e-01 -3.994248778490000262e+00 -1.672960651591574865e-01 2.536994255665833808e+00
-7.123253082309215500e+00 -1.470166777026153948e+00 2.410228398052282728e+00 -1.470166777026153948e+00 -3.145415204528133835e+00 -3.536128267888432458e-02 2.410228398052282728e+00 -3.536128267888432458e-02 3.465719786713903350e+00
7.021252744583168059e+00 2.701175684748505113e+00 3.105619607769911195e+00 2.701175684748505113e+00 9.126552179572641421e+00 7.012342926846926172e-01 3.105619607769911195e+00 7.012342926846926172e-01 6.222466615924219902e+00
-2.585241466382871778e+00 -4.656392603646998252e-01 1.944465277858416385e+00 -4.656392603646998252e-01 -3.526339851889479071e+00 2.918138483747605871e+00 1.944465277858416385e+00 2.918138483747605871e+00 -4.429203189333242641e+00
-2.070510500773841578e+00 1.001707949749645193e-01 -4.090877276534683915e+00 1.001707949749645193e-01 -3.666360572362362458e+00 -2.263601530628834180e+00 -4.090877276534683915e+00 -2.263601530628834180e+00 5.574200091204271956e+00
-1.270800611540159331e+01 -4.505914159306390054e-01 -2.683920166895791493e+00 -4.505914159306390054e-01 -1.239715321160339556e+01 -1.466181134783730133e+00 -2.683920166895791493e+00 -1.466181134783730133e+00 -4.652905776710054120e+00
-1.022072408665444021e+00 3.122871255204168861e+00 -1.052673423266935915e+00 3.122871255204168861e+00 2.122710592856806855e+00 2.149318241608901281e-01 -1.052673423266935915e+00 2.149318241608901281e-01 -5.327882160168274872e+00
-5.250924925987268566e+00 -1.338969301565454018e+00 2.677967710051873951e+00 -1.338969301565454018e+00 1.869282848112526096e+00 -8.611064265998092937e-01 2.677967710051873951e+00 -8.611064265998092937e-01 -9.634194368157290356e+00
-5.343747762912509636e+00 -1.611412436647861934e+00 -8.882595462790631169e-01 -1.611412436647861934e+00 -5.485141181561896673e+00 5.970448573414006699e-01 -8.882595462790631169e-01 5.970448573414006699e-01 -3.515991654365129726e+00
-2.547869428098871403e+00 1.072408201317934351e+00 7.906522387747263458e-01 1.072408201317934351e+00 -4.279269367568998561e+00 5.265257459774431714e-01 7.906522387747263458e-01 5.265257459774431714e-01 -2.648572480199121504e+00
6.516978168070099109e+00 -5.849587784961812531e+00 -2.511918245352519619e-01 -5.849587784961812531e+00 4.430103977953129046e+00 -3.197951253701910024e-01 -2.511918245352519619e-01 -3.197951253701910024e-01 3.040635577608783002e+00
7.495289053203604723e+00 4.635691067367385898e+00 -1.130743866952377497e+00 4.635691067367385898e+00 1.144224588158441058e+01 1.669029387215784865e+00 -1.130743866952377497e+00 1.669029387215784865e+00 5.523709388919918473e-01
-2.771888459743228061e+00 -4.936571205053176925e+00 1.100317594917625152e+00 -4.936571205053176925e+00 -7.824913059421977124e+00 -1.855456873496208026e+00 1.100317594917625152e+00 -1.855456873496208026e+00 -1.457845488828868330e+00
2.067164897249240241e+00 -4.201486104584247094e+00 -9.159883256119842887e-01 -4.201486104584247094e+00 1.598393294057812319e+01 1.486321089050288258e+00 -9.159883256119842887e-01 1.486321089050288258e+00 4.315855247954410778e+00
-8.472848608401829296e+00 3.679558797429081096e-01 1.942414510754402635e+00 3.679558797429081096e-01 -1.942644589465603033e+00 -1.550460421091062857e+00 1.942414510754402635e+00 -1.550460421091062857e+00 -2.457400690376636998e+00
-2.438354439925821016e+00 2.936380670040545926e+00 8.744740943926038179e-01 2.936380670040545926e+00 6.806358478234564302e+00 2.129479051550330571e+00 8.744740943926038179e-01 2.129479051550330571e+00 -4.852172586878584326e+00
-6.106690620037290351e+00 2.667968559264846995e+00 3.077494616420526907e-01 2.667968559264846995e+00 -9.395036989963440277e+00 -8.895785268190160577e-01 3.077494616420526907e-01 -8.895785268190160577e-01 -2.640846057313814277e-01
-3.573089197987651566e+00 8.936431770904491145e+00 -5.919083661886841430e-01 8.936431770904491145e+00 2.352836714435576848e+00 2.239149500086033751e+00 -5.919083661886841430e-01 2.239149500086033751e+00 7.709804948567958172e-02
1.552617928530058977e-01 1.146543531331216004e+00 2.140311694806313891e+00 1.146543531331216004e+00 -2.663785075807920122e-01 -1.795382754927388858e+00 2.140311694806313891e+00 -1.795382754927388858e+00 -1.277588427468970611e+00
2.693034018653069683e+00 3.856608012194628898e+00 -2.982566210432152420e+00 3.856608012194628898e+00 -5.658201146864999309e+00 2.345014664924343961e+00 -2.982566210432152420e+00 2.345014664924343961e+00 -4.433952850565880510e+00
2.553995879733823166e-02 4.504146529205415028e+00 7.173934750527888315e-01 4.504146529205415028e+00 8.447658140985337738e+00 -2.946521994842346892e+00 7.173934750527888315e-01 -2.946521994842346892e+00 -1.375417613726110488e+00
7.124865621743463606e+00 -2.059497514585526101e+00 -6.857737325235875314e-01 -2.059497514585526101e+00 7.305922204434347478e+00 -2.530329083674934143e+00 -6.857737325235875314e-01 -2.530329083674934143e+00 -1.339169065042461915e+00
9.412018705457475320e+00 3.531869469040895271e-01 -1.691111371082467896e+00 3.531869469040895271e-01 8.601143113626148917e+00 -3.330078941872637088e+00 -1.691111371082467896e+00 -3.330078941872637088e+00 1.061945443217494844e+00
-1.748337465307317373e+00 1.535996016407907172e+00 -2.746060321456961439e+00 1.535996016407907172e+00 -1.025306013731641919e+01 1.497409925471575587e+00 -2.746060321456961439e+00 1.497409925471575587e+00 -2.487145966292040544e+00
9.808191520798185792e+00 -4.199433123356158148e+00 -4.185279837212496190e+00 -4.199433123356158148e+00 -2.612597878263225315e+00 9.710170354528202541e-01 -4.185279837212496190e+00 9.710170354528202541e-01 -7.414683363683996831e+00
-1.833327486052775290e+00 5.889163299515710825e+00 1.545701356495357226e+00 5.889163299515710825e+00 -4.448229577743367358e+00 4.848256778490170227e+00 1.545701356495357226e+00 4.848256778490170227e+00 -1.904992500318073989e-01
-9.687578629829856069e+00 -1.294770890032788557e+00 -1.670359358042141640e+00 -1.294770890032788557e+00 -1.031030394748790791e+01 -2.544458877159427868e+00 -1.670359358042141640e+00 -2.544458877159427868e+00 -3.340104378832941645e+00
4.655895633282322699e+00 -5.793741570633688553e+00 -3.159424431001182754e+00 -5.793741570633688553e+00 1.427868871735535095e+01 1.685877057648305366e-01 -3.159424431001182754e+00 1.685877057648305366e-01 6.708139836848728166e+00
3.109729293251907389e+00 3.111533468985937523e-01 -1.182601740421669323e+00 3.111533468985937523e-01 -6.015854597444707963e+00 8.224756583146475286e-01 -1.182601740421669323e+00 8.224756583146475286e-01 9.282917468900011571e-01
3.795846595511819910e+00 2.223484728787646691e+00 -7.672427068741417555e-01 2.223484728787646691e+00 -5.416513354589034712e+00 4.972168537953331469e-01 -7.672427068741417555e-01 4.972168537953331469e-01 -1.719909988070456919e+00
-2.214477192655416982e+00 1.238562746562452688e+00 2.329652490249087826e+00 1.238562746562452688e+00 5.807036039611420009e+00 2.070993474417885061e+00 2.329652490249087826e+00 2.070993474417885061e+00 -7.260701992835746132e+00
-9.671620537498240022e-01 1.255986841632185658e-01 5.881350628826632843e+00 1.255986841632185658e-01 -6.091981295180273648e+00 1.726970395694319649e+00 5.881350628826632843e+00 1.726970395694319649e+00 1.308241603972852607e+00
-3.735228675284834043e+00 7.717537300917486354e-01 -1.072423435071874875e+00 7.717537300917486354e-01 -4.225343621614994660e+00 -1.681114451412875077e+00 -1.072423435071874875e+00 -1.681114451412875077e+00 3.248216169681591992e-01
7.232626115350359264e+00 3.984556509778554911e+00 1.241905874302563051e+00 3.984556509778554911e+00 1.642568357339381002e+00 7.720949559070127144e+00 1.241905874302563051e+00 7.720949559070127144e+00 4.956094531521053337e-02
-1.943631522491589214e+00 4.637913326184883167e-01 3.746078666941792701e+00 4.637913326184883167e-01 -3.181709914546817952e+00 -1.863249123091502701e-01 3.746078666941792701e+00 -1.863249123091502701e-01 -2.469678181082438861e+00
-8.997927067477260010e+00 -3.079331281303922196e+00 1.602540631940008398e+00 -3.079331281303922196e+00 -6.058827807791834275e+00 8.849061667711548562e-01 1.602540631940008398e+00 8.849061667711548562e-01 -4.841513942375222257e+00
3.738639207557345134e+00 -5.725501289435722896e+00 1.227297485162977264e-01 -5.725501289435722896e+00 1.013736263384346969e+01 -2.069797291955746132e+00 1.227297485162977264e-01 -2.069797291955746132e+00 1.239909657078667138e+01
-4.152748867001961663e+00 -1.351560473620374792e+00 1.224770768701270995e-01 -1.351560473620374792e+00 -1.341383295313115065e+00 -5.971562703288600282e+00 1.224770768701270995e-01 -5.971562703288600282e+00 1.094382787865715301e+01
6.232299016326006580e+00 1.205339256687671279e+00 4.022389431457790709e-01 1.205339256687671279e+00 -5.444179806436731939e-01 5.080303804417813041e+00 4.022389431457790709e-01 5.080303804417813041e+00 -2.048918069507695616e+00
1.442178601330776821e+01 3.703223870657634809e+00 -1.264158191883452131e+00 3.703223870657634809e+00 3.606405229815550673e+00 4.563130581541440911e+00 -1.264158191883452131e+00 4.563130581541440911e+00 6.438690667716654659e+00
-1.612998251983055242e+00 2.762597303398648951e-01 3.234568553764975540e+00 2.762597303398648951e-01 -2.325844101697490451e+00 3.795790824325247836e+00 3.234568553764975540e+00 3.795790824325247836e+00 -6.931955152178844726e-01
-3.896628741381156780e-01 -4.075089665677747441e-01 8.329152863969720155e-02 -4.075089665677747441e-01 4.178182521330082722e+00 -2.076246760820304793e+00 8.329152863969720155e-02 -2.076246760820304793e+00 -1.686876805720837869e+00
1.332987118389272752e+01 2.094304318852652225e-01 4.845758092118883198e+00 2.094304318852652225e-01 1.742044559417810223e+00 1.059106798611624489e+00 4.845758092118883198e+00 1.059106798611624489e+00 3.639097331713039729e+00
3.134373703644603437e-01 -3.482736431341545646e+00 1.619445118969719655e+00 -3.482736431341545646e+00 5.988643095379045711e+00 7.017127880035251009e-01 1.619445118969719655e+00 7.017127880035251009e-01 2.644310404854372631e+00
-5.304978230857489763e+00 2.485494076588592449e+00 -1.931317828444895357e-01 2.485494076588592449e+00 -5.264762901924423311e+00 -2.227483280293238721e+00 -1.931317828444895357e-01 -2.227483280293238721e+00 -1.619842217343010482e+00
-3.305433180920562375e+00 1.265209810708831206e+00 2.567194052499571555e+00 1.265209810708831206e+00 -8.559281855935417127e+00 -1.271394566073547061e+00 2.567194052499571555e+00 -1.271394566073547061e+00 -2.795221942504194423e+00
-5.256676688497645245e+00 -3.689674822576195723e+00 9.269523408732780467e-01 -3.689674822576195723e+00 -5.742604623690037435e-01 -2.677727825123877636e+00 9.269523408732780467e-01 -2.677727825123877636e+00 -1.293926637545490443e+01
-7.925447403858308704e+00 2.190959567067652713e+00 -3.563279577998224923e+00 2.190959567067652713e+00 -7.993063628553213285e+00 -2.523712499475053161e-01 -3.563279577998224923e+00 -2.523712499475053161e-01 -3.564870635052991066e+00
-7.374017847155048822e-01 -3.052381332820440552e+00 -2.585640676394008075e+00 -3.052381332820440552e+00 7.152466398400242342e-02 4.086206575378397154e-01 -2.585640676394008075e+00 4.086206575378397154e-01 -7.678794383075767671e-01
4.240244187623634531e+00 -4.477064497619272915e-02 2.411377682839623393e+00 -4.477064497619272915e-02 -2.455398105080877524e+00 -2.532104702165929755e+00 2.411377682839623393e+00 -2.532104702165929755e+00 -4.275453170291785732e+00
-6.243216970094580986e+00 1.946113607343377128e+00 1.476922033420672964e+00 1.946113607343377128e+00 -5.189272415359471591e-01 -2.451238677740712468e+00 1.476922033420672964e+00 -2.451238677740712468e+00 -6.951284798463391645e+00
1.433773475891875293e+01 1.111172431597709620e+00 3.090078738853724971e+00 1.111172431597709620e+00 -7.021069024686503290e+00 4.205304612390256658e+00 3.090078738853724971e+00 4.205304612390256658e+00 4.437416734861968415e+00
-1.294231239972037484e+00 -3.472511139756161214e+00 2.833516841277121667e+00 -3.472511139756161214e+00 2.713659538407915406e+00 -2.877075206137735819e+00 2.833516841277121667e+00 -2.877075206137735819e+00 -5.017285414142583555e+00
-8.027632499072318240e+00 1.472207958032709874e+00 1.649481380264525621e+00 1.472207958032709874e+00 -7.118570170345809522e+00 1.131450999891625564e+00 1.649481380264525621e+00 1.131450999891625564e+00 -1.014120776420426040e+01
4.131972924636039046e+00 3.882387580216611678e+00 2.055332343572885634e+00 3.882387580216611678e+00 3.210465846209447083e+00 1.764273096796008744e+00 2.055332343572885634e+00 1.764273096796008744e+00 -7.603820806633131646e+00
-6.837059156657287140e+00 1.037411313814609937e+00 1.993045673052830646e-01 1.037411313814609937e+00 -1.267540788973429144e+01 -1.821022390168564709e+00 1.993045673052830646e-01 -1.821022390168564709e+00 -1.182750717549755670e+01
8.144777640901663673e+00 2.561548222212501891e+00 1.248206737567230551e+00 2.561548222212501891e+00 5.167268119472860910e+00 -1.754075366928040891e+00 1.248206737567230551e+00 -1.754075366928040891e+00 -1.983248663619408436e+00
-2.039999610340837322e+00 5.094974678901854404e+00 -9.843785786683965922e-02 5.094974678901854404e+00 2.766784100995992368e+00 -2.786242175481909999e+00 -9.843785786683965922e-02 -2.786242175481909999e+00 -3.204033426859630218e+00
7.942810815006675629e-01 -2.655583647462278485e-01 -3.155863029596238656e-01 -2.655583647462278485e-01 3.238106219605767055e+00 -7.751751663374656376e-01 -3.155863029596238656e-01 -7.751751663374656376e-01 3.214982057981972119e-01
-1.157846971895741817e+00 4.315135740800693398e+00 -3.432780945169682685e+00 4.315135740800693398e+00 -5.447594701188085864e+00 -1.814478211024462162e+00 -3.432780945169682685e+00 -1.814478211024462162e+00 3.625984944824138800e+00
8.225291910847742471e+00 -1.362469641109887108e+00 2.315475188372574600e+00 -1.362469641109887108e+00 1.057182575346229925e+01 -4.488425663390273712e+00 2.315475188372574600e+00 -4.488425663390273712e+00 5.150807730778526050e+00
-4.560909686527264917e+00 -1.737610406105743799e+00 -2.489854260945391307e+00 -1.737610406105743799e+00 9.289409722957383764e+00 -9.300538905230645303e-01 -2.489854260945391307e+00 -9.300538905230645303e-01 -3.963613486069815561e+00
-5.492367998273804730e+00 3.880544037317317230e+00 -4.331598862994597177e+00 3.880544037317317230e+00 -3.871419139051006209e+00 1.311764475638393379e-01 -4.331598862994597177e+00 1.311764475638393379e-01 -2.308076229288982262e+00
3.877392048757912768e-01 -7.668763156336249054e-01 1.052102857476840736e+00 -7.668763156336249054e-01 -4.053873721629562610e+00 1.610249021854144980e+00 1.052102857476840736e+00 1.610249021854144980e+00 -3.850490818068188048e+00
-3.142447755630155992e+00 -5.049052490270662830e+00 1.483024941584593970e+00 -5.049052490270662830e+00 5.480607325538994878e+00 -8.128106798110261710e-01 1.483024941584593970e+00 -8.128106798110261710e-01 -1.503894694906704022e+00
-1.276428740730361777e-01 1.993307090750798372e+00 2.007798020716773824e+00 1.993307090750798372e+00 -5.602745631522101810e+00 -2.612564302347893719e+00 2.007798020716773824e+00 -2.612564302347893719e+00 2.034864713859209969e-03
1.401657208716984737e+00 -1.697789925050598114e+00 -2.990064707428783386e+00 -1.697789925050598114e+00 3.019406750096310432e+00 3.192897841086849819e+00 -2.990064707428783386e+00 3.192897841086849819e+00 -9.568027304985365689e+00
4.377857358975743907e+00 -1.658787264021660990e+00 -1.500916396801125208e-01 -1.658787264021660990e+00 1.123235618680987757e+00 -1.517042836147862728e+00 -1.500916396801125208e-01 -1.517042836147862728e+00 -2.094301781823098896e+00
-1.105679812789826144e+01 -1.215997063983890625e+00 -1.370070501857530543e+00 -1.215997063983890625e+00 -8.295554340883420252e+00 -3.353748076716222659e+00 -1.370070501857530543e+00 -3.353748076716222659e+00 -8.048068998240793803e+00
-5.593096578141936170e+00 9.003547237360634004e-01 -2.562649095252241271e-01 9.003547237360634004e-01 -6.750085160854006894e+00 -1.340009647267748960e+00 -2.562649095252241271e-01 -1.340009647267748960e+00 -6.346565146532061163e+00
-1.334771164131905996e+00 1.702081734874090868e+00 -3.390243223942510653e+00 1.702081734874090868e+00 4.591954247254194321e+00 -2.170350941610811546e+00 -3.390243223942510653e+00 -2.170350941610811546e+00 -7.124905479760692550e+00
-1.086454037561758668e+01 -2.773072711388015144e+00 -3.674676422355272809e+00 -2.773072711388015144e+00 -9.797015854156169823e+00 4.637186623205665548e+00 -3.674676422355272809e+00 4.637186623205665548e+00 -5.136939166110588317e+00
6.938148712998266632e+00 1.591376357848817591e+00 -3.946786950262604510e+00 1.591376357848817591e+00 2.135165306001611363e+00 -2.280433620893985935e+00 -3.946786950262604510e+00 -2.280433620893985935e+00 1.588400257253090198e+00
-1.166195762983292816e+01 1.490530170425197865e+00 9.036454212328816737e+00 1.490530170425197865e+00 -7.148907959340989882e-01 -4.198975710663937377e+00 9.036454212328816737e+00 -4.198975710663937377e+00 -5.306129663539500108e+00
-9.101519030528262277e+00 4.008005696123388084e+00 -4.857934555300737478e-01 4.008005696123388084e+00 -1.440514299218943606e+01 -2.976724350007071696e+00 -4.857934555300737478e-01 -2.976724350007071696e+00 -6.588214914068007744e+00
9.209836322772298800e+00 1.650167358543938034e+00 4.525385228287168715e+00 1.650167358543938034e+00 2.896863200360507928e+00 2.041599502587752912e+00 4.525385228287168715e+00 2.041599502587752912e+00 2.618928925610435776e+00
1.959843015010700906e+00 4.275661529263674154e+00 -1.061392591041390610e+00 4.275661529263674154e+00 -4.826146992983267658e+00 1.901818251190695364e+00 -1.061392591041390610e+00 1.901818251190695364e+00 3.149442484655972319e+00
1.288347603964664856e+00 -3.008687570616010554e+00 6.130606209122434480e-01 -3.008687570616010554e+00 -5.483704633654169491e-01 -4.623281024330752942e+00 6.130606209122434480e-01 -4.623281024330752942e+00 -7.091486417715238133e-01
