1.023257299776781037e+00 5.770245592619790420e-01 1.074367292359499793e+00 5.770245592619790420e-01 7.582431761676962978e+00 1.682985706062825049e+00 1.074367292359499793e+00 1.682985706062825049e+00 1.481324647194788291e+01
-1.608448450886353909e+00 -4.419148634870712633e-01 2.574790109283576101e+00 -4.419148634870712633e-01 4.259890028771422088e+00 -3.091235461596456013e-01 2.574790109283576101e+00 -3.091235461596456013e-01 1.421373274367376638e+01
-1.503070726211294073e+01 9.416365566521327501e-01 4.546600249582906650e-01 9.416365566521327501e-01 -1.359519823279565642e+01 -5.408234329871214330e-01 4.546600249582906650e-01 -5.408234329871214330e-01 -1.488932254514489983e+01
-1.865297475303050234e+00 -3.502413274110593999e-02 1.162814784274006863e+00 -3.502413274110593999e-02 1.210532619395771903e+01 -5.901203436024180515e-01 1.162814784274006863e+00 -5.901203436024180515e-01 1.683676432823682845e+01
3.518753471820972312e+00 -3.962801147455215500e-01 -6.006039097645288205e-01 -3.962801147455215500e-01 2.222397181934819610e+00 -3.835286731119893489e+00 -6.006039097645288205e-01 -3.835286731119893489e+00 6.382739614077118873e+00
1.422451059611223645e+00 1.759619703220721698e-01 2.234517927644027180e-01 1.759619703220721698e-01 6.645123817311666237e+00 -1.872735225179816165e+00 2.234517927644027180e-01 -1.872735225179816165e+00 1.786250487776300133e+01
1.708863662880824252e+00 2.781751914561030326e-01 -1.481892995921422762e-01 2.781751914561030326e-01 1.015154930337235584e+01 -2.053056615375583593e+00 -1.481892995921422762e-01 -2.053056615375583593e+00 1.540463767184899169e+01
2.230562734489417442e-01 -1.163598965451976053e+00 -7.313039725247659772e-01 -1.163598965451976053e+00 8.935397987256381569e+00 -4.156644139712415864e+00 -7.313039725247659772e-01 -4.156644139712415864e+00 1.530130860153103534e+01
-6.101439200156038467e+00 -1.245884540062287993e+00 -5.502114295365449076e-02 -1.245884540062287993e+00 2.504845782411007526e+00 -2.114907780897905543e+00 -5.502114295365449076e-02 -2.114907780897905543e+00 9.201575642207814099e+00
-4.834468038792344657e+00 -8.527700386644889718e-01 7.409870977366885825e-01 -8.527700386644889718e-01 -9.589756004099827535e+00 1.669506877505741560e+00 7.409870977366885825e-01 1.669506877505741560e+00 -9.234601866064137354e+00
-3.784064767621234449e+00 -1.574062611484962293e+00 2.273774907469705120e+00 -1.574062611484962293e+00 9.174801556751855935e-01 -8.504677620258166426e-01 2.273774907469705120e+00 -8.504677620258166426e-01 -5.908591931857801072e+00
1.030793121057868689e+00 -1.334298911609606897e+00 -6.797884182468705294e-01 -1.334298911609606897e+00 1.344657843503499706e+01 3.969932500065859737e-01 -6.797884182468705294e-01 3.969932500065859737e-01 1.928512217791696770e+01
-1.042574982034901154e+01 1.295867728200805979e+00 -1.590451344951832324e-01 1.295867728200805979e+00 -9.176718121723119737e+00 3.290458580430906110e-01 -1.590451344951832324e-01 3.290458580430906110e-01 -7.897975149226086344e+00
3.565317283443736773e+00 -4.204860480322965555e-01 5.217183811418346639e-01 -4.204860480322965555e-01 6.098924708434270592e+00 -1.074732084268121390e+00 5.217183811418346639e-01 -1.074732084268121390e+00 1.808161247100706248e+01
-2.323196582585870029e+00 7.996142221912476700e-01 4.527772693015378991e+00 7.996142221912476700e-01 7.303124277025595745e+00 1.797585543171212219e+00 4.527772693015378991e+00 1.797585543171212219e+00 1.318243437081950198e+01
-6.336271084769724560e+00 -1.953760842806907816e-01 3.993942458099080661e-01 -1.953760842806907816e-01 -3.847240529497550465e+00 -1.872180532042389656e+00 3.993942458099080661e-01 -1.872180532042389656e+00 -5.854263297387157117e+00
1.070454622490524921e+00 2.579117749735490572e-01 -3.350458633962893895e-01 2.579117749735490572e-01 1.149586491560781454e+01 -1.508430406227263543e+00 -3.350458633962893895e-01 -1.508430406227263543e+00 2.100491292942223964e+01
3.590926287809179218e+00 -1.593620115396962911e+00 1.814968086994552365e+00 -1.593620115396962911e+00 -3.685650588977835262e+00 3.435439911342542896e+00 1.814968086994552365e+00 3.435439911342542896e+00 6.664127425931477333e+00
4.994572338848549897e+00 -3.127233279350966622e-01 2.165202348794144971e+00 -3.127233279350966622e-01 1.217905164663117112e+01 -2.795964664602260896e+00 2.165202348794144971e+00 -2.795964664602260896e+00 2.040194279412730793e+01
-4.594780527138592419e+00 6.486754619206016592e-01 -1.617286386301464152e+00 6.486754619206016592e-01 6.114034545934627474e+00 1.264785322378111809e+00 -1.617286386301464152e+00 1.264785322378111809e+00 1.122633329416504289e+01
-2.440485220489214679e+00 1.360957106856842902e+00 3.574976942155130288e+00 1.360957106856842902e+00 -2.238276648781077238e+00 3.086349245570112476e+00 3.574976942155130288e+00 3.086349245570112476e+00 -3.749914638659389343e+00
2.164568477487525566e+00 7.926342257487458687e-01 2.596363379942691285e+00 7.926342257487458687e-01 1.175692550326085239e+01 1.628197070322650708e+00 2.596363379942691285e+00 1.628197070322650708e+00 1.764168341351391334e+01
-8.084382654971426163e+00 -2.680450566050317729e+00 6.542379305632959330e-01 -2.680450566050317729e+00 -1.971191311497467069e+00 -1.507438525462163836e+00 6.542379305632959330e-01 -1.507438525462163836e+00 -5.806042089894851266e+00
-6.787182333105364895e-01 2.414940172282883379e-01 -3.931412374553399314e+00 2.414940172282883379e-01 8.889087218508453958e+00 4.013163267545077351e-01 -3.931412374553399314e+00 4.013163267545077351e-01 1.567959005475806400e+01
-3.526333667822185269e+00 1.608295565302350072e+00 4.462341273151539056e+00 1.608295565302350072e+00 5.030592125181801322e+00 1.148745698852813524e+00 4.462341273151539056e+00 1.148745698852813524e+00 1.281747803074383008e+01
2.670954535260989804e+00 -3.371408891516925355e+00 -2.909566585062143940e+00 -3.371408891516925355e+00 5.690760040547278464e+00 1.741119393892579303e+00 -2.909566585062143940e+00 1.741119393892579303e+00 -4.094161649436387052e+00
1.792850120207103881e+00 -1.000499335270251144e+00 -1.838458966685090124e+00 -1.000499335270251144e+00 2.353228123145891804e+00 2.947703784053355425e-01 -1.838458966685090124e+00 2.947703784053355425e-01 -5.544313627785315557e-01
1.107394048806936926e+00 -3.590365059408007209e-02 -1.958296661724447718e+00 -3.590365059408007209e-02 6.822970919624220976e+00 2.479515071776134505e+00 -1.958296661724447718e+00 2.479515071776134505e+00 1.204462666171941621e+01
1.089882941483983991e+01 -1.416043194442961894e+00 2.619495635432460556e+00 -1.416043194442961894e+00 6.420885714299163993e+00 3.125857294862297575e+00 2.619495635432460556e+00 3.125857294862297575e+00 1.506216665081504225e+01
-2.629758858395283561e+00 -3.453285339106081792e-02 -6.779565824810925845e-01 -3.453285339106081792e-02 9.844917566301003120e+00 -2.409206749169794382e+00 -6.779565824810925845e-01 -2.409206749169794382e+00 1.757543028302650612e+01
9.219332208354882319e-01 -3.212724052883407233e-01 -3.967466417288398328e-01 -3.212724052883407233e-01 3.907544317022120683e+00 3.949099366036874059e+00 -3.967466417288398328e-01 3.949099366036874059e+00 -5.061659498716577943e+00
-8.985986069189978442e-01 -7.943882062171291336e-01 -1.105472320223838567e+00 -7.943882062171291336e-01 3.709501935490560065e+00 -1.628346565084566988e+00 -1.105472320223838567e+00 -1.628346565084566988e+00 1.433151290298077285e+01
-1.550164475158905875e+00 2.408169131933881046e-01 -4.229986732593051801e-01 2.408169131933881046e-01 -1.254333141812717933e+00 -2.911532809079791395e+00 -4.229986732593051801e-01 -2.911532809079791395e+00 -1.446695486914344908e+00
-1.424430899751926605e+00 1.640958646586113678e-01 2.755261878745576265e+00 1.640958646586113678e-01 7.416062231578357533e+00 -3.595586522750171987e+00 2.755261878745576265e+00 -3.595586522750171987e+00 1.455043407138849254e+01
-4.833214809415565583e+00 -7.918009804305009558e-01 -2.327018288894933118e+00 -7.918009804305009558e-01 3.553521978584631036e+00 -1.640321472184783913e-01 -2.327018288894933118e+00 -1.640321472184783913e-01 1.185958582629315750e+01
9.435111526973779528e-01 -8.053106306775930090e-01 1.269842773834548133e+00 -8.053106306775930090e-01 5.538825379518780068e+00 -2.424468212303915848e+00 1.269842773834548133e+00 -2.424468212303915848e+00 1.728398981950703828e+01
-1.719066940758438244e+00 2.761586919912986104e-01 9.973450802162018292e-01 2.761586919912986104e-01 2.212666438443471328e+00 6.440393296724562511e-01 9.973450802162018292e-01 6.440393296724562511e-01 -7.425283067726129005e+00
-5.103265064640657656e+00 -9.420803423773959073e-01 -6.817930034252651650e-01 -9.420803423773959073e-01 -5.027056908333996654e-01 2.085949877717823142e+00 -6.817930034252651650e-01 2.085949877717823142e+00 1.107605878067793803e+01
-3.452927446670713163e+00 -1.747958483033902333e+00 -9.949228638428114779e-01 -1.747958483033902333e+00 5.728642481421531762e+00 5.860537913621346462e+00 -9.949228638428114779e-01 5.860537913621346462e+00 2.000286603484098436e+01
-1.479218467074434828e+00 -5.629309262540429515e-01 3.233056838196296523e-01 -5.629309262540429515e-01 1.699119910458007254e+00 -1.707483864643381866e+00 3.233056838196296523e-01 -1.707483864643381866e+00 1.286384333616931208e+01
-5.606013326173117761e+00 2.220237841703380788e+00 2.209932834334509266e+00 2.220237841703380788e+00 -1.148148640624408579e+00 1.739201660780828940e+00 2.209932834334509266e+00 1.739201660780828940e+00 -5.355215348891810834e+00
-5.424773312111289547e-01 9.114082539206396216e-01 3.937360886080401468e+00 9.114082539206396216e-01 8.270270658360805882e+00 -4.948493880300349979e+00 3.937360886080401468e+00 -4.948493880300349979e+00 1.696386138537532773e+01
8.252096205123877759e-01 -7.434749058424079404e-01 -3.707720214609154241e-01 -7.434749058424079404e-01 5.648314684306058098e+00 -3.338472287613547529e+00 -3.707720214609154241e-01 -3.338472287613547529e+00 1.623500952324814151e+01
1.307639581998574663e+00 7.007527309607157751e-01 5.409049320467610222e+00 7.007527309607157751e-01 2.897433871302353747e+00 1.768929732456726134e+00 5.409049320467610222e+00 1.768929732456726134e+00 -4.406163911132987110e+00
-5.881438767253015953e+00 1.737816908854891151e+00 7.309422682951662864e-01 1.737816908854891151e+00 -3.623556032961461781e+00 -2.325085930847504145e-01 7.309422682951662864e-01 -2.325085930847504145e-01 -5.594189101018064214e+00
-3.138319283594735776e+00 2.782837932672044268e+00 1.270129479812920126e+00 2.782837932672044268e+00 1.789579983845627220e+00 -4.394210853883849133e+00 1.270129479812920126e+00 -4.394210853883849133e+00 1.344998769819740403e+01
-5.554524114264093981e+00 2.250738602115830850e-02 3.524965477089966992e+00 2.250738602115830850e-02 -3.426113127199873709e+00 2.014861420401175884e+00 3.524965477089966992e+00 2.014861420401175884e+00 -9.726648271595539796e+00
1.601482416892615390e+00 4.533042614095789125e-01 3.273570711602376448e+00 4.533042614095789125e-01 9.244965556847933641e+00 1.730596236665805865e+00 3.273570711602376448e+00 1.730596236665805865e+00 1.846836545358669213e+01
-1.779812371476540811e+00 -4.251534381553644382e-01 9.909255763891926527e-01 -4.251534381553644382e-01 4.482295945305299512e+00 -1.969828631578863565e+00 9.909255763891926527e-01 -1.969828631578863565e+00 1.446012383617751773e+01
-3.091353803422093982e+00 6.147228686855584767e-01 3.571190031563089118e+00 6.147228686855584767e-01 2.930468060134559405e+00 -1.657612268544581546e+00 3.571190031563089118e+00 -1.657612268544581546e+00 1.381525888038905414e+01
