1.161565066716245731e+01 -1.092159457381266102e-01 -6.059972453222491673e+00 -1.092159457381266102e-01 1.148969463541818037e+01 3.498677975285253261e+00 -6.059972453222491673e+00 3.498677975285253261e+00 6.237409189021495770e+00
1.162749885990347920e+01 -1.419807294595645808e-01 -5.991356496296186940e+00 -1.419807294595645808e-01 1.146366131485265605e+01 3.459099969746090686e+00 -5.991356496296186940e+00 3.459099969746090686e+00 6.136157899588289055e+00
1.178768451806000428e+01 -5.743818521214614226e-01 -4.973583794720839002e+00 -5.743818521214614226e-01 1.112460133109358651e+01 2.871445961523702017e+00 -4.973583794720839002e+00 2.871445961523702017e+00 4.780394890079255887e+00
1.183485245270411212e+01 -8.831979442316502116e-01 -3.755379733711666113e+00 -8.831979442316502116e-01 1.081503578458344705e+01 2.168219271607248810e+00 -3.755379733711666113e+00 2.168219271607248810e+00 3.232478585644932512e+00
1.179468169686680845e+01 -6.102739046572349668e-01 -4.864974225724489898e+00 -6.102739046572349668e-01 1.108984708660137208e+01 2.808995970342437420e+00 -4.864974225724489898e+00 2.808995970342437420e+00 4.617899549726521613e+00
1.079592469738472893e+01 7.505308889969152242e-01 -8.237021660305511972e+00 7.505308889969152242e-01 1.166268233737020843e+01 4.755622015550008186e+00 -8.237021660305511972e+00 4.755622015550008186e+00 9.754898469745487688e+00
1.130496093905239441e+01 4.657109641287527912e-01 -7.122235493267582207e+00 4.657109641287527912e-01 1.184297381311083974e+01 4.111915631433197937e+00 -7.122235493267582207e+00 4.111915631433197937e+00 7.691841276894819224e+00
1.039773957469144605e+01 8.284468937044147108e-01 -9.004408460079478260e+00 8.284468937044147108e-01 1.135447262200179885e+01 5.198679017134826275e+00 -9.004408460079478260e+00 5.198679017134826275e+00 1.132945447148711438e+01
1.039684704263332371e+01 8.282697499371538541e-01 -9.003502301577722022e+00 8.282697499371538541e-01 1.135344382550732334e+01 5.198079453614867340e+00 -9.003502301577722022e+00 5.198079453614867340e+00 1.132798281557448661e+01
1.131492186934990585e+01 4.507355025733938980e-01 -7.088789387364371919e+00 4.507355025733938980e-01 1.183539751044953192e+01 4.092797731012662865e+00 -7.088789387364371919e+00 4.092797731012662865e+00 7.634828236724098716e+00
1.079219786505043466e+01 7.522205680077109768e-01 -8.248174904421126996e+00 7.522205680077109768e-01 1.166079507492669975e+01 4.762176334938659217e+00 -8.248174904421126996e+00 4.762176334938659217e+00 9.779562332725650009e+00
