-3.454777389813146193e-01 3.231568042875998970e+00 2.939007753754131702e+00 3.231568042875998970e+00 -1.507254777778060717e+00 5.891527341515332417e+00 2.939007753754131702e+00 5.891527341515332417e+00 -3.938315184334271191e+00
1.899137984029389381e+00 4.004838017328172128e+00 1.350996638703727548e+00 4.004838017328172128e+00 -3.950499192277145077e+00 8.117292423683226676e-01 1.350996638703727548e+00 8.117292423683226676e-01 3.247345989907934327e-01
7.969416407533197244e+00 2.855622772793954933e+00 -3.377303093094989883e+00 2.855622772793954933e+00 5.615110452115717798e+00 1.837492440612938038e+00 -3.377303093094989883e+00 1.837492440612938038e+00 8.950118047719072933e+00
1.385106893094742109e+00 -3.238616650016061804e+00 -6.279743625244260663e+00 -3.238616650016061804e+00 -8.654510396162153896e-01 9.335954800798419440e-01 -6.279743625244260663e+00 9.335954800798419440e-01 1.853065870837108109e-01
8.851270080867099210e+00 -2.337731486977470963e-01 1.791853916756738219e+00 -2.337731486977470963e-01 -5.999167701535603747e+00 -1.895514087474820419e+00 1.791853916756738219e+00 -1.895514087474820419e+00 -5.111971509313069539e+00
5.771036678966568800e+00 -2.606394649560530574e+00 -1.235238529428694942e+00 -2.606394649560530574e+00 -2.080410921935396118e+00 9.239384748127116298e-02 -1.235238529428694942e+00 9.239384748127116298e-02 -4.223090583546703414e+00
-1.076581031387324749e+01 5.511789438089511606e-01 -1.975604468134855018e+00 5.511789438089511606e-01 6.074443022743405418e-01 1.153832363428721530e+00 -1.975604468134855018e+00 1.153832363428721530e+00 -9.367606251427028852e+00
3.684009389146380098e+00 -1.793580241487646054e+00 1.106308791291722660e+00 -1.793580241487646054e+00 -5.390649186832155770e+00 -1.591199526214722715e+00 1.106308791291722660e+00 -1.591199526214722715e+00 -7.622236943996547887e-02
-1.365183467175792753e+00 -2.163854815886551819e+00 -2.049294796074364822e+00 -2.163854815886551819e+00 6.625295821644229255e-01 1.045677199807913960e+00 -2.049294796074364822e+00 1.045677199807913960e+00 -5.139166541028857838e-01
3.139944424200853845e+00 -6.030235457186060577e-01 6.588602296442210848e-01 -6.030235457186060577e-01 -3.180668475274258888e+00 1.962802349873166596e+00 6.588602296442210848e-01 1.962802349873166596e+00 1.593954387374729276e+00
-9.305458949097969779e+00 -5.065503221644379828e+00 -5.872200615565396298e+00 -5.065503221644379828e+00 -2.154633305162485968e+00 -2.448414123196746228e+00 -5.872200615565396298e+00 -2.448414123196746228e+00 -5.383274468709925209e+00
-4.645125467557552845e+00 1.439816382380897153e+00 -1.760843853111603075e+00 1.439816382380897153e+00 -6.704916895754490902e+00 -4.045072840185397034e+00 -1.760843853111603075e+00 -4.045072840185397034e+00 -6.045045644545883334e-01
-5.896675098956814409e+00 5.622773322148435504e+00 6.801468033795692314e+00 5.622773322148435504e+00 -7.162069409676871778e+00 -6.654748341654502797e-01 6.801468033795692314e+00 -6.654748341654502797e-01 -8.518502403962756375e+00
-4.791366240475413818e+00 -9.668559466742654429e-01 -4.917955293853220056e+00 -9.668559466742654429e-01 3.590119948321266907e+00 -1.512783501813769194e+00 -4.917955293853220056e+00 -1.512783501813769194e+00 -6.782550957748077813e+00
-1.077344795603379701e+01 3.536147054095749587e-01 -7.589910449003649973e+00 3.536147054095749587e-01 7.457139083348303998e+00 2.797506445027454713e+00 -7.589910449003649973e+00 2.797506445027454713e+00 -8.194030716898087263e+00
-9.481614188599278847e+00 3.426714149802324583e-01 -2.300462293674836012e+00 3.426714149802324583e-01 -5.825112078509195435e+00 -1.819692415079972925e+00 -2.300462293674836012e+00 -1.819692415079972925e+00 -2.804086999140206204e-01
-1.594342779179320857e+01 4.844711874952417396e+00 -3.169121594392755981e+00 4.844711874952417396e+00 -6.539231772360296624e+00 7.350598022663543674e+00 -3.169121594392755981e+00 7.350598022663543674e+00 -4.687065864565776785e+00
1.267259658596935623e-01 -5.889258686760127759e+00 -2.983560618615723747e+00 -5.889258686760127759e+00 -1.227734660209533590e+00 2.138989435262601990e+00 -2.983560618615723747e+00 2.138989435262601990e+00 1.508379112278708467e+00
6.875098067317115813e+00 -3.494262325795878255e+00 1.056089293802545126e-01 -3.494262325795878255e+00 -3.825603834366963163e+00 -1.782645904376385371e+00 1.056089293802545126e-01 -1.782645904376385371e+00 -4.005895191541893219e+00
-7.739770135002692619e+00 -4.379066090930945343e+00 -3.056486892508794462e+00 -4.379066090930945343e+00 -5.867003285187084138e+00 -2.412033254009231964e+00 -3.056486892508794462e+00 -2.412033254009231964e+00 7.213903231425636164e+00
-1.039351326958166410e+01 4.680423073172399029e+00 -5.406213431842595840e-01 4.680423073172399029e+00 -8.518128257012737237e+00 -3.551356106073959573e-01 -5.406213431842595840e-01 -3.551356106073959573e-01 -6.499535560748780583e+00
-3.076823498580457450e+00 -1.558330019588247684e+00 2.617738981709825108e+00 -1.558330019588247684e+00 -6.652271346930293205e+00 6.034681339484506690e-01 2.617738981709825108e+00 6.034681339484506690e-01 4.026867416373740127e+00
2.404405680209333040e-01 3.612932733651223582e+00 5.372255268885222534e+00 3.612932733651223582e+00 3.349905689425919153e+00 -1.676973916065172876e+00 5.372255268885222534e+00 -1.676973916065172876e+00 -6.865666383229002356e+00
-1.197381445560171009e+00 1.485622734100265074e-01 1.378205928957663973e-02 1.485622734100265074e-01 4.807336900934225277e+00 -5.080785148489282754e+00 1.378205928957663973e-02 -5.080785148489282754e+00 -3.258156126420864052e+00
-1.039355668474055072e+01 4.137616851158865572e+00 -1.388857990811464660e+00 4.137616851158865572e+00 -8.738060704424288616e+00 9.849191078597502313e-01 -1.388857990811464660e+00 9.849191078597502313e-01 -1.044787386693245601e+01
-4.302196939724387548e+00 -7.749191104964876509e-01 -1.308216356998413987e+00 -7.749191104964876509e-01 -1.025334232018417602e+01 2.082417759051011230e-01 -1.308216356998413987e+00 2.082417759051011230e-01 -2.659555029667245218e+00
-3.225591693815399008e+00 -3.336648782997153617e+00 -8.367928318974691138e-01 -3.336648782997153617e+00 -1.243900167330262363e+01 1.644630009170992224e+00 -8.367928318974691138e-01 1.644630009170992224e+00 7.154264209110913209e-01
-3.489607752716659572e+00 -5.177542666091778045e+00 1.335683063054245556e+00 -5.177542666091778045e+00 -3.931808872156774104e+00 4.047827321534418488e+00 1.335683063054245556e+00 4.047827321534418488e+00 -4.125721184368310368e+00
-1.477873006894185437e+01 9.418972972945693911e-01 5.169842992001960624e+00 9.418972972945693911e-01 -1.857944458252726916e+00 -3.301756022315272876e+00 5.169842992001960624e+00 -3.301756022315272876e+00 -8.089131984313315371e+00
4.976256456845980836e+00 -8.383754099273303950e-01 -4.551218999214765581e-01 -8.383754099273303950e-01 -7.133132690881135218e+00 3.423319830594793167e+00 -4.551218999214765581e-01 3.423319830594793167e+00 -2.035602504447303396e+00
-2.983834168814605725e+00 -3.406815767304360865e+00 -1.879615259944882766e+00 -3.406815767304360865e+00 -9.895839810753072285e+00 -3.527922818281145290e+00 -1.879615259944882766e+00 -3.527922818281145290e+00 -1.395058506654026642e+00
-9.650665217422522701e+00 3.485900603051713453e+00 -2.475699758309871656e-01 3.485900603051713453e+00 -1.073786435286026242e+00 5.874072954299320859e-01 -2.475699758309871656e-01 5.874072954299320859e-01 -8.676116621059884793e+00
2.170273160702579140e+00 -2.784378253353618771e+00 1.748849919504640749e+00 -2.784378253353618771e+00 3.257870744242047922e-01 5.798492850267816578e+00 1.748849919504640749e+00 5.798492850267816578e+00 6.635618348223177421e+00
-1.914913871487466723e+00 -4.136340948722922128e+00 -2.316460456977206039e+00 -4.136340948722922128e+00 -4.413163167865441494e+00 3.072505200103912593e+00 -2.316460456977206039e+00 3.072505200103912593e+00 -9.111505841399881733e-01
-8.798224992124591637e+00 -1.382930115518116176e+00 -4.929576235686088381e+00 -1.382930115518116176e+00 -6.063802112584911974e+00 -2.209695369430209055e+00 -4.929576235686088381e+00 -2.209695369430209055e+00 -9.677837738462949702e+00
-5.608111077060162764e+00 -9.015343675279913205e-01 7.199623976205127285e+00 -9.015343675279913205e-01 -4.267058431381475891e+00 1.580671275279277754e+00 7.199623976205127285e+00 1.580671275279277754e+00 -7.154628353751925296e+00
2.543225739718793843e+00 -4.698746894314516531e+00 3.239870074503631958e+00 -4.698746894314516531e+00 5.621949014023711833e+00 5.085683762203475622e-01 3.239870074503631958e+00 5.085683762203475622e-01 1.157481368353564966e+00
1.044605659364384653e+00 -3.763171266666271553e+00 -2.501238698287157280e+00 -3.763171266666271553e+00 -8.861133403585325752e+00 -2.559244540549680202e+00 -2.501238698287157280e+00 -2.559244540549680202e+00 -2.734757063271849198e+00
1.059272685877009224e+01 4.683159848228656053e+00 -3.932392207695892261e-01 4.683159848228656053e+00 -8.474378478989336827e+00 2.627452513603784734e+00 -3.932392207695892261e-01 2.627452513603784734e+00 -8.186457893680305631e-01
8.061471885326426445e+00 -1.420501354487810897e+00 -3.910443216189308568e+00 -1.420501354487810897e+00 4.931521054711335061e+00 -2.123433920127894226e+00 -3.910443216189308568e+00 -2.123433920127894226e+00 -5.496721373466666449e-01
2.744925293501923935e+00 -1.716461665883404764e-01 3.988510738320556026e+00 -1.716461665883404764e-01 -4.891572736455843007e+00 1.980175374708347702e+00 3.988510738320556026e+00 1.980175374708347702e+00 3.727665099982739427e+00
-1.654154792814212849e+00 3.828978213539814268e-01 -7.871245534322715010e-01 3.828978213539814268e-01 -3.774063350424554653e+00 1.469532239051901945e-01 -7.871245534322715010e-01 1.469532239051901945e-01 -2.712820493112715781e+00
-7.876947862777863740e+00 -1.223010462023931266e+00 -1.403013349242633323e+00 -1.223010462023931266e+00 -1.208574276773736500e+01 1.375564168703230061e+00 -1.403013349242633323e+00 1.375564168703230061e+00 2.709372352522406158e-01
-3.500673213403667106e+00 -1.272218706673176269e+00 -1.830024689588155118e+00 -1.272218706673176269e+00 -3.162075691484014683e+00 -1.701684451659796871e+00 -1.830024689588155118e+00 -1.701684451659796871e+00 -8.002168555256472970e+00
7.388721444944683359e-02 9.443143739118109892e+00 -1.618290460805806408e+00 9.443143739118109892e+00 -4.605180000812105767e+00 -4.943745085073588008e+00 -1.618290460805806408e+00 -4.943745085073588008e+00 -8.115544040718914331e+00
3.761261354202722007e+00 2.109721900225557611e+00 5.184890002582124291e-01 2.109721900225557611e+00 5.976649419501710803e+00 -4.574350991010832423e+00 5.184890002582124291e-01 -4.574350991010832423e+00 5.545639132110253833e+00
-8.455843064455527136e-01 -1.315210991815227271e+00 6.523096461691082482e-01 -1.315210991815227271e+00 1.507211103956407339e+00 -2.952691820420352276e+00 6.523096461691082482e-01 -2.952691820420352276e+00 2.225115676616347127e+00
-3.361956938093260572e+00 -2.260094788008119249e+00 1.380781479002013867e+00 -2.260094788008119249e+00 -6.706877333966033694e-01 -4.310908194424476036e+00 1.380781479002013867e+00 -4.310908194424476036e+00 -2.164448007826098586e-01
6.165868652111444526e+00 -2.470162285750210795e+00 -2.549774649881843214e+00 -2.470162285750210795e+00 1.335502408423557874e+01 4.419954664256852794e+00 -2.549774649881843214e+00 4.419954664256852794e+00 1.687165263245489433e+00
-5.652590388261357290e+00 2.483057118754717685e+00 -2.882512793105099114e+00 2.483057118754717685e+00 -3.156298829625250768e+00 1.339923742843334820e+00 -2.882512793105099114e+00 1.339923742843334820e+00 -5.113551651892400685e+00
-4.558840802140503357e+00 -9.889984641949747246e-01 -1.023953674354352028e+00 -9.889984641949747246e-01 6.070286066392820423e-01 -3.698786116353435904e+00 -1.023953674354352028e+00 -3.698786116353435904e+00 6.014280262688797229e+00
-5.403674977921586908e+00 -4.698089113804723382e+00 -1.339933332077406503e+00 -4.698089113804723382e+00 -3.834387851626979149e+00 -5.736565585219384200e-01 -1.339933332077406503e+00 -5.736565585219384200e-01 9.019256522049079461e-01
-4.716431104691249487e+00 -4.005622311016716064e-01 8.286334795017369012e-03 -4.005622311016716064e-01 -7.975220588622626394e+00 -7.303408685485033303e-01 8.286334795017369012e-03 -7.303408685485033303e-01 -1.142934427313589651e+01
9.025683134098942517e+00 1.793468072094264176e+00 -2.395121113022508297e+00 1.793468072094264176e+00 2.748198437490071422e-01 9.840029606506588422e-01 -2.395121113022508297e+00 9.840029606506588422e-01 3.669693507901047980e+00
-5.275031295129940290e+00 -2.095619808921913574e+00 2.838482722982735851e+00 -2.095619808921913574e+00 -1.567400348455327386e+00 1.979216028963180163e+00 2.838482722982735851e+00 1.979216028963180163e+00 -2.322436624852493914e+00
2.001432594032567014e+00 -3.303037857338325445e+00 2.988756826629344943e+00 -3.303037857338325445e+00 -6.956068917170980193e+00 8.506396731020744451e-01 2.988756826629344943e+00 8.506396731020744451e-01 4.608023448708398639e+00
4.446482146907928090e+00 -1.640512802421426386e+00 -1.764441115339507871e+00 -1.640512802421426386e+00 1.942507107478762540e-01 1.696320766418973669e+00 -1.764441115339507871e+00 1.696320766418973669e+00 -2.011343292732028498e+00
9.993719058864716231e+00 -7.852950083080660892e-01 4.743590660967405004e-01 -7.852950083080660892e-01 -7.466580299784622454e+00 4.085336796023657513e+00 4.743590660967405004e-01 4.085336796023657513e+00 5.173394644372070417e+00
5.121418317785996877e+00 -2.095180155576720882e+00 -1.853613502788689527e+00 -2.095180155576720882e+00 -3.351465809825267872e+00 -2.744218365729301556e+00 -1.853613502788689527e+00 -2.744218365729301556e+00 7.061917677242224300e+00
1.298401482866140633e+01 5.652418016547091639e+00 1.302926837417257122e+00 5.652418016547091639e+00 -6.922615135194648550e-01 6.982835463074869686e+00 1.302926837417257122e+00 6.982835463074869686e+00 -1.013922243352795238e+00
-1.523098998110212765e+00 2.136349993410100456e+00 -1.676676445008878025e+00 2.136349993410100456e+00 -3.945435548587380215e+00 1.017431812790629442e+00 -1.676676445008878025e+00 1.017431812790629442e+00 -5.074393483094173929e-01
6.914420702328698987e+00 6.519435587888270156e+00 -5.374971186919384358e+00 6.519435587888270156e+00 3.813834997300986629e+00 4.165064829600250818e+00 -5.374971186919384358e+00 4.165064829600250818e+00 4.238801908996899570e+00
-1.759090655287715688e+00 3.006731110052677458e+00 2.749960638346274688e+00 3.006731110052677458e+00 -8.156532910251044655e+00 1.050322892776199613e+00 2.749960638346274688e+00 1.050322892776199613e+00 -3.888230956545590811e+00
-9.721810000950872777e+00 -2.101321019343487251e+00 -1.344179350099558912e+00 -2.101321019343487251e+00 -9.655598194757137875e+00 -8.284444210888434190e-01 -1.344179350099558912e+00 -8.284444210888434190e-01 -8.209326938896186476e+00
1.132189472483704773e-01 -6.126603606554200665e-01 -2.064548947193260542e+00 -6.126603606554200665e-01 -2.847095493490241047e+00 -1.642960001211717147e+00 -2.064548947193260542e+00 -1.642960001211717147e+00 -2.467515975767053060e+00
4.345551004145469243e+00 -6.054460514129968995e-01 5.802026168992936661e+00 -6.054460514129968995e-01 -9.010579177478298618e+00 6.300522640966994992e+00 5.802026168992936661e+00 6.300522640966994992e+00 3.968566369496770996e+00
-8.259022623075377822e+00 3.758486746839108772e+00 -3.435683614226444416e+00 3.758486746839108772e+00 -3.945731759495425983e+00 4.696662852645746788e+00 -3.435683614226444416e+00 4.696662852645746788e+00 -1.195308563105298560e+01
7.756425947537685106e-01 -4.046884184180035704e-01 -1.361546289252588415e-01 -4.046884184180035704e-01 -3.247529630713613003e+00 -8.971060405082277311e-01 -1.361546289252588415e-01 -8.971060405082277311e-01 -5.704682252948942711e+00
-1.316710076631366411e+00 1.413391354480012740e+00 -1.175579663972487365e+00 1.413391354480012740e+00 -2.411328816485215132e+00 -1.326131999717794718e+00 -1.175579663972487365e+00 -1.326131999717794718e+00 -1.823509586923038883e+00
8.300230094198539632e+00 -1.318339861636916188e+00 -4.085291200562619629e+00 -1.318339861636916188e+00 -4.027009994216331989e+00 7.644590026735560429e-01 -4.085291200562619629e+00 7.644590026735560429e-01 2.115789839013019424e+00
8.348130818220786509e+00 -1.172630543234532974e+00 -4.525804884634281322e+00 -1.172630543234532974e+00 9.881335673351869797e-01 1.580741447755631690e-01 -4.525804884634281322e+00 1.580741447755631690e-01 2.058152046455937878e+01
1.175647744807886674e+01 3.417369647025727986e+00 -6.389312546964041495e+00 3.417369647025727986e+00 -4.560329513911173471e+00 2.935070708177633936e-01 -6.389312546964041495e+00 2.935070708177633936e-01 1.025026110228063736e+01
1.299860618576921389e+01 -1.556804172808885722e+00 5.846124562613350228e+00 -1.556804172808885722e+00 4.830549705451994136e+00 -2.222734235347523235e+00 5.846124562613350228e+00 -2.222734235347523235e+00 8.845072963496074081e+00
2.538155469355263705e+00 2.983125134495585584e+00 3.797788631208187660e+00 2.983125134495585584e+00 -3.851438016087974869e+00 -1.311940215434819645e+00 3.797788631208187660e+00 -1.311940215434819645e+00 5.934859018116293017e-01
-4.646721438265029314e-02 9.818039121301801231e+00 3.576021333502374389e-02 9.818039121301801231e+00 4.756213688322560529e+00 1.882559921903998457e-01 3.576021333502374389e-02 1.882559921903998457e-01 -3.686367803315618197e+00
9.221835427247569328e+00 -1.229717718263135584e+00 3.813127495210556273e+00 -1.229717718263135584e+00 5.168574389020131221e+00 -4.605075064892683478e+00 3.813127495210556273e+00 -4.605075064892683478e+00 -4.586812536553912523e+00
-8.707532277174491186e-01 -5.342386025759953583e+00 3.804961287023612693e-01 -5.342386025759953583e+00 -6.127035585196950684e+00 -2.613185068382150034e-01 3.804961287023612693e-01 -2.613185068382150034e-01 -8.819435342926575938e-01
-1.102603478903148693e+00 -2.781093641822412366e+00 -1.291880133896322835e+00 -2.781093641822412366e+00 1.805886153898400792e+00 1.115511102071720773e+00 -1.291880133896322835e+00 1.115511102071720773e+00 2.457995305449188539e+00
-7.388782440885212743e+00 1.521799413185460415e+00 2.374911925019632886e+00 1.521799413185460415e+00 -7.153615879133651489e+00 -3.284233665098639232e+00 2.374911925019632886e+00 -3.284233665098639232e+00 -6.606297753089509506e+00
-1.062659700934510276e+01 1.749068784794281184e+00 1.274730168560808785e+00 1.749068784794281184e+00 -3.714816492813279858e+00 1.421536126902829045e+00 1.274730168560808785e+00 1.421536126902829045e+00 -2.680503496314759815e+00
1.243484249527733354e+01 6.574043055374728661e-01 4.371664427929521146e+00 6.574043055374728661e-01 9.455651076999204818e+00 6.608219048191514844e+00 4.371664427929521146e+00 6.608219048191514844e+00 3.303951269344084896e+00
3.212512665098196663e-01 2.938612826167255054e+00 -1.056529647227496094e+00 2.938612826167255054e+00 -1.036057031715566090e+01 -1.570665534466745283e+00 -1.056529647227496094e+00 -1.570665534466745283e+00 4.553327397566261370e-01
-3.980884802345317830e+00 -1.879907969001737067e+00 3.574523918857049232e+00 -1.879907969001737067e+00 -4.518699253587711517e+00 1.069661284296685499e+00 3.574523918857049232e+00 1.069661284296685499e+00 7.439895260555277057e-01
7.640014303291153830e+00 4.712425258212920021e+00 -6.292505459930673339e+00 4.712425258212920021e+00 4.065368541906898336e+00 -4.340899460279741717e+00 -6.292505459930673339e+00 -4.340899460279741717e+00 6.402197393577896634e+00
-5.179378940133409159e+00 7.197055610162909067e-01 1.743570576039040532e+00 7.197055610162909067e-01 1.316829777415791658e-01 -2.531406247960403366e+00 1.743570576039040532e+00 -2.531406247960403366e+00 -5.802010985487749295e+00
9.280770786411813855e-01 -4.126940166793674258e+00 2.690776680718154693e-02 -4.126940166793674258e+00 5.386517035176439094e+00 2.652474657397370983e+00 2.690776680718154693e-02 2.652474657397370983e+00 1.652573165607026107e-01
2.845840209639530549e+00 3.595061210369783211e+00 1.147122244135817981e+00 3.595061210369783211e+00 -1.174389014197532166e+00 -3.453625018218211107e+00 1.147122244135817981e+00 -3.453625018218211107e+00 -5.424495022131528010e+00
-8.937110767205558304e+00 -3.800467071018051590e-01 1.915953566536736430e+00 -3.800467071018051590e-01 -1.174121573925768303e+01 3.774506909464292903e+00 1.915953566536736430e+00 3.774506909464292903e+00 -6.089504749557171692e+00
-2.192197537279096942e+00 -1.546493272989383438e+00 -5.558133581877362506e-01 -1.546493272989383438e+00 -4.892296023161023300e+00 1.662619426601903871e+00 -5.558133581877362506e-01 1.662619426601903871e+00 5.544448823067819276e+00
6.941563119695621786e+00 3.269021336082892137e+00 -1.203179194099628813e+00 3.269021336082892137e+00 3.271210695075297714e+00 -1.051570709281869076e-01 -1.203179194099628813e+00 -1.051570709281869076e-01 -3.547119265785826148e+00
-2.455960219262442568e+00 4.373469572386417425e+00 9.243430901874719052e-02 4.373469572386417425e+00 8.978238124174565016e+00 4.142590915069986224e+00 9.243430901874719052e-02 4.142590915069986224e+00 4.389386987007874552e+00
-5.410676064603643365e-01 -2.784206823500694483e+00 -2.354204260616783451e+00 -2.784206823500694483e+00 6.778816338547493103e+00 -5.905224204757979933e+00 -2.354204260616783451e+00 -5.905224204757979933e+00 -6.682198424745177112e-01
4.032934878829998127e+00 3.352990237851194877e+00 -2.985845829941620178e+00 3.352990237851194877e+00 2.226312293125703778e+00 4.505502450950025356e-02 -2.985845829941620178e+00 4.505502450950025356e-02 -4.970738472361411198e+00
-8.748909188909410162e+00 4.575789702673568327e-01 -1.665065732802756049e+00 4.575789702673568327e-01 -4.367255667525569152e+00 4.118310090243376465e+00 -1.665065732802756049e+00 4.118310090243376465e+00 -1.354238288028080772e+00
-7.563418927778255529e+00 -1.397259017158142824e-01 -2.154725286541095741e+00 -1.397259017158142824e-01 -5.101434221641272693e+00 -2.161792997161339880e+00 -2.154725286541095741e+00 -2.161792997161339880e+00 -1.964669143655696226e+00
-1.831599126411038725e+00 -2.395807064958429322e+00 -3.773526656774061294e+00 -2.395807064958429322e+00 -1.359139940108210209e-01 6.198065329013034308e+00 -3.773526656774061294e+00 6.198065329013034308e+00 -2.631673656122723415e+00
3.744664455228615907e+00 6.943409329750617198e-01 -4.225411292164878985e-01 6.943409329750617198e-01 4.842538393527328289e+00 -3.341586904764247912e+00 -4.225411292164878985e-01 -3.341586904764247912e+00 6.273257319692723932e+00
-1.418902336088639693e+01 -6.616742985415168476e+00 -1.490906912636028814e+00 -6.616742985415168476e+00 -5.830382808027836816e+00 2.974550964924082663e+00 -1.490906912636028814e+00 2.974550964924082663e+00 -1.216607958678002888e+01
2.382480043330563291e+00 -3.667299495806457532e+00 -2.299838952903265454e+00 -3.667299495806457532e+00 -6.396900740300138111e+00 4.780353405266542843e+00 -2.299838952903265454e+00 4.780353405266542843e+00 -2.882675789493858165e+00
