-1.833026445986007280e+00 2.698672075175954976e+00 -1.573736054554743413e+00 2.698672075175954976e+00 1.486316776280670382e+00 -2.347448225177042769e+00 -1.573736054554743413e+00 -2.347448225177042769e+00 -1.147466821502727496e+00
9.228952638929451169e+00 -2.479156253230427431e+00 -2.494023821129223606e+00 -2.479156253230427431e+00 -5.820173134853108721e+00 -3.312418353975182139e+00 -2.494023821129223606e+00 -3.312418353975182139e+00 -1.554611074280895400e+00
-9.846944201462395796e+00 7.061705320421427956e+00 2.641041781926586118e+00 7.061705320421427956e+00 -1.701776403239466617e+01 -2.736196792552914037e-01 2.641041781926586118e+00 -2.736196792552914037e-01 -2.779117045929189178e+00
-9.371443672678250181e+00 1.558243826406241705e+00 -2.985505871031803315e-01 1.558243826406241705e+00 -2.247026310334972354e+00 -5.556335058493220291e-01 -2.985505871031803315e-01 -5.556335058493220291e-01 8.315918137287723333e-01
-9.935980725227517851e+00 5.186629099754138661e-01 1.690151937220382816e+00 5.186629099754138661e-01 -1.422273813020548516e+01 2.276298098300725492e+00 1.690151937220382816e+00 2.276298098300725492e+00 -8.508609876403056660e+00
-8.681354815788526746e-01 3.697525595624363337e+00 -7.897245947377076192e-01 3.697525595624363337e+00 -2.896988111687032408e+00 -3.178419713323054729e+00 -7.897245947377076192e-01 -3.178419713323054729e+00 -3.883745638490793683e-01
4.946827885352390375e+00 -2.210678130201010338e-01 -9.908893499064124200e-01 -2.210678130201010338e-01 -3.401204721959497856e+00 -8.341650011659486053e-01 -9.908893499064124200e-01 -8.341650011659486053e-01 -3.039311548468209168e+00
-2.051874835473383563e+00 -1.042128111224912695e-01 -1.060795321242077316e-01 -1.042128111224912695e-01 -1.255978424700883345e+01 -1.207463590346940174e+00 -1.060795321242077316e-01 -1.207463590346940174e+00 -1.955135130761097351e+00
-3.431215558036096347e+00 -7.078891126351392893e-02 1.318577653896948254e+00 -7.078891126351392893e-02 -2.051232858716348417e+00 -7.173732460555467538e-01 1.318577653896948254e+00 -7.173732460555467538e-01 3.089887022481121015e+00
2.794178147118036915e+00 4.894653829410846591e+00 -1.218264139737825325e+00 4.894653829410846591e+00 2.896449457758184742e+00 -3.004895574099647249e+00 -1.218264139737825325e+00 -3.004895574099647249e+00 -2.316593881838811875e+00
-6.535356449180854455e+00 3.786503046749168377e-01 -2.895464785595614376e+00 3.786503046749168377e-01 5.075135436644726106e+00 -8.633163372606078578e-01 -2.895464785595614376e+00 -8.633163372606078578e-01 -1.666616390335781683e-01
2.175748447513010664e+00 2.307692480884889097e+00 -4.592425701734374061e-02 2.307692480884889097e+00 4.198911328019113931e+00 2.695963285466626558e-01 -4.592425701734374061e-02 2.695963285466626558e-01 2.218586227294210289e+00
-4.936850734344996994e+00 -4.129493780534853720e+00 1.051107592264348023e+00 -4.129493780534853720e+00 6.814807421988638758e+00 -1.196900182648312105e+00 1.051107592264348023e+00 -1.196900182648312105e+00 9.509684376674629736e-01
3.339359600785458126e-01 -1.902729907150110533e-01 -8.701168249857305081e-01 -1.902729907150110533e-01 1.806043687732441505e+00 3.317639804033857054e+00 -8.701168249857305081e-01 3.317639804033857054e+00 9.580760868523881868e+00
-9.345457487054746437e+00 -1.431362408310113077e+00 1.924396150961932728e+00 -1.431362408310113077e+00 -8.946948416731652642e+00 -1.457044264791462762e+00 1.924396150961932728e+00 -1.457044264791462762e+00 -2.506471990192936428e+00
-1.756246785280381317e+01 -9.806359512612390361e-01 1.431383134328622742e+00 -9.806359512612390361e-01 -1.886397413165869352e+01 1.057240449262295101e+00 1.431383134328622742e+00 1.057240449262295101e+00 -5.683780626482723086e+00
2.815774608122450395e+00 -1.514972926716542656e-01 -7.867119085069597118e-01 -1.514972926716542656e-01 3.720732262194331064e+00 -3.165506733893829860e+00 -7.867119085069597118e-01 -3.165506733893829860e+00 2.806992492196699995e+00
8.942150081326976085e-01 -2.871192622803113270e+00 -8.125922740322303328e-01 -2.871192622803113270e+00 3.174158827678274175e+00 -3.822955213273994679e-01 -8.125922740322303328e-01 -3.822955213273994679e-01 3.724968944253414516e-01
-6.770219472586031628e+00 -3.784062474463784298e+00 9.314785340848850959e-02 -3.784062474463784298e+00 5.369915553634681871e+00 -3.060441323726378560e+00 9.314785340848850959e-02 -3.060441323726378560e+00 -6.960283182308147909e-01
-1.485200604238726996e+01 -4.064321418811132958e+00 -2.134735911671301611e+00 -4.064321418811132958e+00 -2.233607736230646523e+01 -2.276029694920437940e+00 -2.134735911671301611e+00 -2.276029694920437940e+00 -1.121309761325036547e+01
1.885638161044287164e+00 1.638909718344239375e+00 -4.002459599492397269e-01 1.638909718344239375e+00 -7.286826265768543642e+00 -1.943025529375094651e+00 -4.002459599492397269e-01 -1.943025529375094651e+00 2.415435173972264593e+00
6.895223845046704270e+00 3.848218119552677119e-01 7.776749584202546917e-01 3.848218119552677119e-01 -4.387316960066851124e+00 1.644448656170390544e-01 7.776749584202546917e-01 1.644448656170390544e-01 8.723333920567895028e-01
-8.754010456159205811e-01 -3.945989501083137174e+00 -5.534808176162181681e+00 -3.945989501083137174e+00 4.222990727521943377e+00 2.647111556100074203e+00 -5.534808176162181681e+00 2.647111556100074203e+00 -4.270896382799721502e-01
5.572725041927967249e-01 -2.529034831615796453e+00 -6.130965593319709708e-03 -2.529034831615796453e+00 8.267595578220213071e+00 1.426722943488302198e+00 -6.130965593319709708e-03 1.426722943488302198e+00 4.921056411466596003e+00
8.916034792465743486e-01 1.477472256082588975e-02 -2.373494235561246946e+00 1.477472256082588975e-02 -6.507546267008661900e+00 3.819045436817561923e-01 -2.373494235561246946e+00 3.819045436817561923e-01 -2.611316241491275392e+00
3.721994565924639620e+00 4.077509278910854462e+00 -5.359520023901703789e-01 4.077509278910854462e+00 8.406920724848286897e-01 -1.004934498492044970e+00 -5.359520023901703789e-01 -1.004934498492044970e+00 8.543775965495607139e+00
5.697457046295338223e+00 -3.809760560514305006e+00 1.954280798428068098e-03 -3.809760560514305006e+00 9.557416026608318571e-01 1.150944188565358461e-01 1.954280798428068098e-03 1.150944188565358461e-01 1.311919685586883233e+01
6.954163143619397580e+00 2.465830790896171187e+00 4.529885392378918851e+00 2.465830790896171187e+00 6.239438083139562607e+00 -3.960479803403948118e+00 4.529885392378918851e+00 -3.960479803403948118e+00 1.975586240062032672e+01
1.914187423276879629e+00 -1.461155309262806568e-01 -2.289996796413558411e-01 -1.461155309262806568e-01 1.837835230539349940e+00 -3.970877318206745610e+00 -2.289996796413558411e-01 -3.970877318206745610e+00 9.062537002703516364e+00
-2.353090445418348775e+00 -3.008449157474241797e+00 -7.276890562605086155e-01 -3.008449157474241797e+00 7.348991938999312801e+00 -5.467868731455073350e-01 -7.276890562605086155e-01 -5.467868731455073350e-01 1.241586758283105718e+00
6.826918886883898807e+00 2.459546502809292878e+00 -4.169609145343398104e+00 2.459546502809292878e+00 4.040501690446189009e+00 -5.710682566756619671e-01 -4.169609145343398104e+00 -5.710682566756619671e-01 -2.981861103869618557e-01
1.473656474632133850e+01 2.724470010719264756e+00 1.087410256491938565e+00 2.724470010719264756e+00 2.495297558279515382e+00 -3.231200122926788598e+00 1.087410256491938565e+00 -3.231200122926788598e+00 3.686373928660622856e-01
-1.305137449188045551e+01 -3.277481984762361300e+00 -2.002911750325345075e+00 -3.277481984762361300e+00 -1.902042622553998363e+00 8.828105057559945124e-01 -2.002911750325345075e+00 8.828105057559945124e-01 -4.745528406650380226e+00
5.953252431515300813e+00 -4.701368530985931216e+00 -1.525744623604839312e+00 -4.701368530985931216e+00 6.438048526789205361e+00 3.751186549911500467e-02 -1.525744623604839312e+00 3.751186549911500467e-02 1.316674513996246798e+00
-7.641536356999427682e+00 7.355959617979567211e-01 3.371850713273741862e-01 7.355959617979567211e-01 -2.750335395384941428e+00 1.370509596728130663e+00 3.371850713273741862e-01 1.370509596728130663e+00 6.883645312082360412e+00
7.387201493751298642e+00 4.503957992617126926e+00 -9.260280216424570110e-01 4.503957992617126926e+00 2.125753718902451794e+00 -1.808917251964047956e+00 -9.260280216424570110e-01 -1.808917251964047956e+00 9.611087906037340645e+00
-6.796362818905159919e+00 -2.617746343685019017e+00 1.335969166003437625e+00 -2.617746343685019017e+00 -7.061736205841847358e+00 -1.788708854265324888e+00 1.335969166003437625e+00 -1.788708854265324888e+00 -8.063637830416183760e+00
1.012390700694398626e+00 -3.375449569069572053e+00 -1.890126585118849789e+00 -3.375449569069572053e+00 4.475374350137489188e+00 -1.988499716786871763e-01 -1.890126585118849789e+00 -1.988499716786871763e-01 1.984373884358641371e+00
-6.960867694430761254e-01 2.905170642961566463e-01 -1.004134934158128045e+00 2.905170642961566463e-01 -3.401080687190708662e+00 -1.671762431531082616e+00 -1.004134934158128045e+00 -1.671762431531082616e+00 1.064174970092916839e+00
-4.068309043126416391e+00 -2.265661247422595448e+00 1.013442050592431531e+00 -2.265661247422595448e+00 5.076366466121171150e+00 -1.308294403620787971e+00 1.013442050592431531e+00 -1.308294403620787971e+00 3.861851393689556211e+00
-8.971076945460461971e+00 3.886881849151179846e+00 1.670011891257962455e+00 3.886881849151179846e+00 -1.061434027966113369e+01 -1.353217592728903185e+00 1.670011891257962455e+00 -1.353217592728903185e+00 -1.188121405375736961e+00
5.189099123340621844e+00 -1.344357890609822137e+00 -2.262758012060582136e+00 -1.344357890609822137e+00 -7.461912653463432576e+00 -1.546574590535194416e+00 -2.262758012060582136e+00 -1.546574590535194416e+00 -1.851935651136889627e+00
2.602469445255635172e+00 -1.051795596202168559e+00 1.360999594355732478e+00 -1.051795596202168559e+00 9.393234170246979042e-01 2.499535313199127362e+00 1.360999594355732478e+00 2.499535313199127362e+00 -1.017712580762492935e+00
-4.481931308363111377e+00 3.359624689558087240e+00 -4.506397813040169176e+00 3.359624689558087240e+00 -3.524225574708440334e+00 -2.846694318745340624e+00 -4.506397813040169176e+00 -2.846694318745340624e+00 -4.380859658984281424e+00
7.617205959858364128e-01 -1.703288600895546345e+00 -1.277144796063001797e+00 -1.703288600895546345e+00 6.678083743765429681e+00 -7.337366450326077150e-02 -1.277144796063001797e+00 -7.337366450326077150e-02 -5.598003981621814396e-02
-2.957242474130726606e+00 1.512200185800952390e+00 4.165280200740167915e-02 1.512200185800952390e+00 -3.566567012442638518e+00 -2.722408684682009916e+00 4.165280200740167915e-02 -2.722408684682009916e+00 -1.019115474959852330e+00
3.055842149835975352e+00 1.519942074602003146e+00 -1.325922449483274868e+00 1.519942074602003146e+00 3.245636583865187108e-02 8.978847235983974384e-01 -1.325922449483274868e+00 8.978847235983974384e-01 4.248225566653312413e+00
-5.718545408125739193e+00 -7.185150981833762218e-01 2.081600859426826045e+00 -7.185150981833762218e-01 -4.055631469783994802e+00 -2.160758134559630950e+00 2.081600859426826045e+00 -2.160758134559630950e+00 -2.839457920256633017e+00
-1.655080031525476114e+00 4.774871145532644690e+00 -9.946534968668161447e-01 4.774871145532644690e+00 -6.550709477606443676e-02 9.126363377832222845e-01 -9.946534968668161447e-01 9.126363377832222845e-01 3.421477194749976469e+00
8.593098857111748645e-02 3.258867994261173795e+00 -1.818150596135753860e-01 3.258867994261173795e+00 -5.423965392272759312e-01 -9.156371319025412570e-01 -1.818150596135753860e-01 -9.156371319025412570e-01 3.534244351878387480e+00
