-1.100569493301347990e+01 -2.216623847363661248e+00 1.473015590562354760e+00 -2.216623847363661248e+00 -1.256258174690085738e+01 -1.142493531824276598e+00 1.473015590562354760e+00 -1.142493531824276598e+00 -9.854725778377543932e+00
-2.482068987113959402e+00 -4.399857335327022057e+00 -2.424958201950593750e+00 -4.399857335327022057e+00 -1.003834877246837287e+01 -5.055327290363514692e+00 -2.424958201950593750e+00 -5.055327290363514692e+00 -5.931716388500605674e+00
-2.271953161780946218e+01 -1.780113536943237040e+00 2.204076329871974327e+00 -1.780113536943237040e+00 -2.121010097915271331e+01 -3.486909718986421214e-01 2.204076329871974327e+00 -3.486909718986421214e-01 -1.232833170503275078e+01
-1.183930333855661843e+01 3.731389111757605459e+00 6.349082284176701396e-01 3.731389111757605459e+00 -3.496157637375967742e+00 -2.020352913031983721e+00 6.349082284176701396e-01 -2.020352913031983721e+00 -1.873909104945136406e+00
-3.174247848716028386e+00 -7.950743485023036961e+00 -4.383489498004194296e+00 -7.950743485023036961e+00 -3.992626417244514059e+00 1.574718682694050687e-01 -4.383489498004194296e+00 1.574718682694050687e-01 -5.187852470200591259e-01
1.419080514908293900e+01 1.996227692247663832e+00 8.196645277699823318e-01 1.996227692247663832e+00 1.014111086519056215e+01 7.114484145676168936e+00 8.196645277699823318e-01 7.114484145676168936e+00 8.611747938974700034e+00
-1.412573865922909278e+01 -1.573043275576269551e+00 -3.179587669504227776e+00 -1.573043275576269551e+00 8.635015874030412819e-01 3.839701788716351150e+00 -3.179587669504227776e+00 3.839701788716351150e+00 -6.616922397542697176e+00
5.504226680190511978e+00 2.801372710444018921e+00 -1.217744660701781889e+00 2.801372710444018921e+00 3.462998159241850171e+00 -3.232113444498502464e+00 -1.217744660701781889e+00 -3.232113444498502464e+00 3.896991052430274660e+00
3.311213778352545045e+00 2.066023093358996476e+00 4.833117014014359114e+00 2.066023093358996476e+00 1.386664501221108292e+00 -3.052315747075292407e+00 4.833117014014359114e+00 -3.052315747075292407e+00 1.445881985182579654e-01
-1.614866720217964158e+01 1.837317511262874348e+00 1.210422802410370702e+00 1.837317511262874348e+00 -1.212107163508304097e+01 -1.130729130610894778e-02 1.210422802410370702e+00 -1.130729130610894778e-02 -3.091011601609269022e+00
-1.279865698137520269e+01 -5.319057380372812283e+00 3.262905661327469176e+00 -5.319057380372812283e+00 -1.173329011307027853e-01 -3.580455307173047608e+00 3.262905661327469176e+00 -3.580455307173047608e+00 2.161463934543867094e+00
4.713199552759902211e+00 7.742949104814997319e-02 -3.275838955306158429e-01 7.742949104814997319e-02 1.159460050306936107e+00 -1.525906110387765802e+00 -3.275838955306158429e-01 -1.525906110387765802e+00 -3.816584489483467735e+00
-2.111069271641289902e+01 -4.417615317727726421e+00 -3.799149173245844335e-01 -4.417615317727726421e+00 -1.233851089741434492e+01 3.035890836571830675e+00 -3.799149173245844335e-01 3.035890836571830675e+00 -9.085994708415540799e+00
-1.410738256034904659e+00 -6.756816670057528285e+00 -4.416098957870886466e+00 -6.756816670057528285e+00 2.609410135476903925e+00 -3.956411379846797249e+00 -4.416098957870886466e+00 -3.956411379846797249e+00 -2.962622951942979199e+00
-2.550857708161689441e+00 9.331923869234589830e+00 -3.437728782790198778e+00 9.331923869234589830e+00 9.866814426866346466e+00 2.395567475180464090e+00 -3.437728782790198778e+00 2.395567475180464090e+00 4.625706776812626764e+00
-5.792051929598224902e+00 -4.333584042090119048e+00 9.361083987908079829e-01 -4.333584042090119048e+00 7.393303680904685926e+00 2.041188889265493245e+00 9.361083987908079829e-01 2.041188889265493245e+00 -8.481090532030776785e+00
-1.328341369316838616e+01 2.005564661957153216e+00 4.260162610519627746e-01 2.005564661957153216e+00 -1.894423996547823208e+01 7.961681849716745196e-01 4.260162610519627746e-01 7.961681849716745196e-01 -1.343654769966032170e+01
5.819771918965578328e-01 -2.324864793383273565e+00 2.302695694440024976e+00 -2.324864793383273565e+00 1.967938760892081262e+01 3.862189749373329262e-01 2.302695694440024976e+00 3.862189749373329262e-01 5.957240389608082332e+00
-1.583363397291999242e+01 -6.914851740416805281e-01 -2.416137761030919151e+00 -6.914851740416805281e-01 -1.190708312880126130e+01 -4.818219070291654971e-01 -2.416137761030919151e+00 -4.818219070291654971e-01 1.148920715262298220e+00
-5.236774223131732242e+00 -2.827698481349617543e-01 4.695520150129195991e-01 -2.827698481349617543e-01 6.209582161985943927e+00 -1.235323632504498947e+00 4.695520150129195991e-01 -1.235323632504498947e+00 1.395116395164742951e+00
-1.076493717812390294e+01 -2.155099441082115597e+00 -6.519379271580564961e+00 -2.155099441082115597e+00 -3.561524300747014760e+00 -5.833364409875119172e+00 -6.519379271580564961e+00 -5.833364409875119172e+00 -2.262280716138966863e+00
-1.457833125765714444e+00 8.589646613138901543e+00 2.202725933346730613e+00 8.589646613138901543e+00 1.302699995747151229e+00 -7.840876912013090561e+00 2.202725933346730613e+00 -7.840876912013090561e+00 -7.787040378791554751e+00
-1.755855169094857970e+01 2.947048347697573956e+00 -1.588479281396926845e+00 2.947048347697573956e+00 -5.653035024199883907e+00 5.324676665191395708e-01 -1.588479281396926845e+00 5.324676665191395708e-01 -1.613873578934756026e+01
-1.455808563915511833e+01 -3.448052515730128054e+00 -1.263100119925916864e+00 -3.448052515730128054e+00 -1.040676489634473079e+01 -1.161492297334576262e+00 -1.263100119925916864e+00 -1.161492297334576262e+00 -4.235236005665857562e+00
-1.055806351987440372e+01 -5.308414548980615599e+00 -2.052386950990864101e+00 -5.308414548980615599e+00 -7.915657727732396509e+00 -3.173465588282577965e+00 -2.052386950990864101e+00 -3.173465588282577965e+00 -5.870615610310761845e+00
-1.042731818026693524e+01 2.620574920063834856e+00 2.672735997060266211e+00 2.620574920063834856e+00 2.870366586759049099e+00 1.108700908868147206e+00 2.672735997060266211e+00 1.108700908868147206e+00 -1.021679805651457862e+01
6.296778720095370652e+00 -1.106089525621780290e+01 3.373239108952434395e-01 -1.106089525621780290e+01 6.455084659676233017e+00 -3.824825615364251252e-01 3.373239108952434395e-01 -3.824825615364251252e-01 4.369776801129640731e+00
-1.390648839104060919e+01 -4.112000220374729675e-01 2.833248513349876596e+00 -4.112000220374729675e-01 1.968612900094599105e+00 6.804958557161743249e-01 2.833248513349876596e+00 6.804958557161743249e-01 -1.026061884626158616e+01
1.517379581441782399e+01 -3.922128105610141358e+00 -2.705958991242157996e+00 -3.922128105610141358e+00 8.325335693008350191e+00 -9.376529023609622371e+00 -2.705958991242157996e+00 -9.376529023609622371e+00 4.709635641261947114e+00
3.755444417913709199e-01 -9.306614864181931290e-01 7.685940847030762413e+00 -9.306614864181931290e-01 -7.938223393734981315e+00 3.398098420609935832e+00 7.685940847030762413e+00 3.398098420609935832e+00 -7.343465726051722875e+00
2.720412790657750879e+00 -2.405946064759278524e+00 4.078905766145608958e+00 -2.405946064759278524e+00 3.708660634345729568e-01 2.489420364706249167e+00 4.078905766145608958e+00 2.489420364706249167e+00 5.100836222092892669e-01
-1.508355585146870936e+01 -3.539653331256233937e+00 3.974785850612531757e+00 -3.539653331256233937e+00 6.102723568596751802e-01 -5.045306703525631598e+00 3.974785850612531757e+00 -5.045306703525631598e+00 -6.784544474457530061e-01
-4.563569786878563406e+00 -2.803618940800725934e+00 4.514565879379954794e+00 -2.803618940800725934e+00 4.469772233918625659e+00 -1.591410922873601974e+00 4.514565879379954794e+00 -1.591410922873601974e+00 6.727276587065255775e+00
1.028284514507063346e-01 -1.475704520354573557e+00 3.848167215462670043e+00 -1.475704520354573557e+00 1.169958140178924566e+01 -1.118987193125041912e+00 3.848167215462670043e+00 -1.118987193125041912e+00 8.045487553302258732e+00
-1.232014607474521029e+01 -3.000924422017185567e+00 -2.589347884730643923e-01 -3.000924422017185567e+00 -1.423346198747036162e+01 -3.354527307246498502e+00 -2.589347884730643923e-01 -3.354527307246498502e+00 -1.461930984131992162e+01
-1.639506914898541723e+00 -2.861439687633156925e+00 1.920603778179822196e+00 -2.861439687633156925e+00 -5.770915231351056107e+00 6.255844472902230891e+00 1.920603778179822196e+00 6.255844472902230891e+00 4.648201196844249594e+00
-2.245354450690609571e+00 6.211298111709741221e+00 2.295427446507702474e+00 6.211298111709741221e+00 -3.984771400485104920e+00 2.693044395735604724e+00 2.295427446507702474e+00 2.693044395735604724e+00 -7.278423127174816543e+00
-4.419297871761894037e+00 -3.839963064139797932e+00 -1.548688414972006822e+00 -3.839963064139797932e+00 3.705203111480858347e+00 4.523347827478092498e+00 -1.548688414972006822e+00 4.523347827478092498e+00 -1.977978749405288617e-01
-7.902146281294761820e-01 4.296995007565985958e+00 1.148107809873026408e+00 4.296995007565985958e+00 -8.297055870940469591e-01 2.305598542176415133e+00 1.148107809873026408e+00 2.305598542176415133e+00 9.166863565203364317e+00
-9.373095692121573563e-01 -3.821941083198099776e+00 -5.323862924721569634e+00 -3.821941083198099776e+00 1.156838341099844847e+01 -2.641868024362389100e+00 -5.323862924721569634e+00 -2.641868024362389100e+00 -7.874133163665470114e+00
-1.617552142699833695e+01 1.528856116895880746e+00 -2.225858221913914192e-01 1.528856116895880746e+00 -2.120275397361586656e+01 2.967191718006657597e-01 -2.225858221913914192e-01 2.967191718006657597e-01 -6.534812724612091728e+00
-1.538139870912386264e+01 -2.600040838115633690e+00 3.382167227055161263e+00 -2.600040838115633690e+00 -9.526826036049067525e+00 -1.367286214166425262e+00 3.382167227055161263e+00 -1.367286214166425262e+00 -2.940580674026630703e+00
-8.142128141920485618e+00 3.298922943491632065e+00 -4.508741622456542864e+00 3.298922943491632065e+00 -7.748732164582665227e+00 -4.373018892602226204e-01 -4.508741622456542864e+00 -4.373018892602226204e-01 -2.135947172113003667e+00
6.035453011098667275e+00 -6.582233295014327190e+00 2.006474403971402420e+00 -6.582233295014327190e+00 9.114090956486259998e+00 -3.647863542286873706e+00 2.006474403971402420e+00 -3.647863542286873706e+00 -6.563471960542829997e+00
4.525292038136323747e+00 2.302570093649392469e+00 -7.720871737554045211e+00 2.302570093649392469e+00 1.227872009987747370e+00 3.444515868931786740e-01 -7.720871737554045211e+00 3.444515868931786740e-01 -1.381956106483978708e+01
-1.600481228009385504e+01 1.266779714027050030e+00 -5.896981635363649943e+00 1.266779714027050030e+00 -1.324134725319101236e+01 -6.192403073704979555e+00 -5.896981635363649943e+00 -6.192403073704979555e+00 -7.812063672095582945e+00
7.623665029147594474e+00 -6.746504760976648640e+00 -1.601818331503843673e+00 -6.746504760976648640e+00 3.707938492299098221e-01 -1.682169579930168357e+00 -1.601818331503843673e+00 -1.682169579930168357e+00 -4.151786555912440946e+00
-4.857744621264516560e+00 8.682717422782081584e+00 1.151857541753947833e+00 8.682717422782081584e+00 7.057332763489365668e+00 -6.981910339671138388e+00 1.151857541753947833e+00 -6.981910339671138388e+00 -2.683548695058471711e+00
8.569404517697265078e+00 -4.223554915781131847e+00 2.174958104640547951e+00 -4.223554915781131847e+00 3.519215163960195181e+00 -3.033649938481759012e+00 2.174958104640547951e+00 -3.033649938481759012e+00 1.709942391509646953e+01
2.513974455356458471e+00 -3.758968780360968154e+00 1.126381555981570637e+00 -3.758968780360968154e+00 1.879101478845428996e+00 6.104426350355504738e+00 1.126381555981570637e+00 6.104426350355504738e+00 -1.144617708313571569e+00
