-1.394876604968349865e+00 1.626561487841516218e+00 4.749116686700263767e-01 1.626561487841516218e+00 -4.811224983615058015e+00 1.478649492765050366e-01 4.749116686700263767e-01 1.478649492765050366e-01 -4.784455923437415770e+00
-5.149178974738008563e+00 -3.377325346929338501e+00 -8.263156757542242659e-01 -3.377325346929338501e+00 -8.538349693041629607e+00 3.691952672615887554e+00 -8.263156757542242659e-01 3.691952672615887554e+00 -5.981373757890037446e+00
5.877209306521494758e-01 1.633405058258911302e-01 3.175193564160542353e-02 1.633405058258911302e-01 -6.454692498451827909e+00 1.532275628972527004e+00 3.175193564160542353e-02 1.532275628972527004e+00 -1.012329275939003104e+01
1.155115828858566118e+00 -3.727389753748567292e-01 4.531504587247064397e-01 -3.727389753748567292e-01 4.767172708182314977e+00 -1.126793467430943663e+00 4.531504587247064397e-01 -1.126793467430943663e+00 -2.990114814325188775e+00
4.777549000630509468e+00 3.882374799611643112e-01 -1.534360817628151130e+00 3.882374799611643112e-01 1.550052625218081515e+00 -3.007803582603982839e+00 -1.534360817628151130e+00 -3.007803582603982839e+00 3.634989260488716845e+00
-4.726448372140160892e+00 -7.405492395071949119e+00 -7.388052659303384617e-01 -7.405492395071949119e+00 3.844485494894561040e+00 -2.138065924464896739e+00 -7.388052659303384617e-01 -2.138065924464896739e+00 -4.647862727143322381e+00
6.588179476554598679e-01 1.438244270253523360e-01 1.853649559640215549e-01 1.438244270253523360e-01 3.156913613185623912e+00 -1.619050823297188080e+00 1.853649559640215549e-01 -1.619050823297188080e+00 -6.189402514099973551e+00
-3.780965146913662256e+00 1.836980372463374644e+00 -2.318526513079021800e+00 1.836980372463374644e+00 -5.053146147207766781e+00 -1.794804553189055962e+00 -2.318526513079021800e+00 -1.794804553189055962e+00 -9.314724541124871138e+00
3.845120579620935342e+00 -1.908943149602552403e+00 2.364644313792837238e+00 -1.908943149602552403e+00 3.211970087766798376e-01 1.286183869524387402e-01 2.364644313792837238e+00 1.286183869524387402e-01 -5.518586462962921102e-01
1.834933095470810682e-01 -7.446166665413889163e-01 1.647841581452096915e-01 -7.446166665413889163e-01 -2.596550522215354651e+00 -1.205776460651516169e-01 1.647841581452096915e-01 -1.205776460651516169e-01 1.946621059900163875e+00
-1.405414551367346332e-01 -3.905478362566056627e-01 -2.364288396526846636e+00 -3.905478362566056627e-01 -2.623656642845571874e+00 -2.273109503347705562e-01 -2.364288396526846636e+00 -2.273109503347705562e-01 -4.404202348557644697e+00
5.505364924329608556e+00 5.422714533777327484e-01 3.915481095999904237e+00 5.422714533777327484e-01 3.608650509365619041e-01 2.357019635089392384e+00 3.915481095999904237e+00 2.357019635089392384e+00 1.539647135161851033e+00
-1.946981823879835538e+00 3.109031718015285630e-03 -1.522970561576073023e-01 3.109031718015285630e-03 -2.291583866302973893e-01 8.027140745705952929e-01 -1.522970561576073023e-01 8.027140745705952929e-01 -4.116486905723472312e+00
-7.874773268368669754e+00 -2.633829469089389086e+00 -2.666232100310468311e-01 -2.633829469089389086e+00 4.373130452030860482e+00 -2.223740604830732437e+00 -2.666232100310468311e-01 -2.223740604830732437e+00 1.589060859394075598e+00
-5.592580052039012983e+00 -3.908379661452720200e+00 -1.951058334446369169e-01 -3.908379661452720200e+00 3.977310399615896497e+00 -4.293478063884810680e+00 -1.951058334446369169e-01 -4.293478063884810680e+00 3.444759367999896238e+00
4.017532703896095292e+00 -2.573431920356606728e+00 -1.404360052137100690e+00 -2.573431920356606728e+00 7.066508583513190445e+00 -1.520947501720903539e+00 -1.404360052137100690e+00 -1.520947501720903539e+00 -1.743741232619895110e+00
2.537975020568696838e+00 -1.544063549188536610e+00 -2.048790944099371458e+00 -1.544063549188536610e+00 3.268917962424836787e+00 2.143044813178471397e+00 -2.048790944099371458e+00 2.143044813178471397e+00 -1.752106092397093251e-01
1.302469675121336046e+00 -3.858534766232611934e-01 1.725418807048685610e-01 -3.858534766232611934e-01 -6.343542303717286668e-01 1.745240205887824469e+00 1.725418807048685610e-01 1.745240205887824469e+00 -2.905679678501766006e+00
-2.421970088473923144e-01 9.172938965715650428e-02 3.315349757865601266e+00 9.172938965715650428e-02 -3.831331211278831361e+00 1.573647790547998193e+00 3.315349757865601266e+00 1.573647790547998193e+00 -3.272808907873157036e+00
-2.876248771401217930e+00 -2.715900330114870975e+00 3.730032653722734182e+00 -2.715900330114870975e+00 1.577556519760501264e+00 4.012317292025301407e-01 3.730032653722734182e+00 4.012317292025301407e-01 -4.127152503118569626e+00
-2.283412444039515599e+00 -1.197532884267600739e+00 -2.960789687625625444e+00 -1.197532884267600739e+00 -1.941252829795764023e-01 1.281543416287431070e+00 -2.960789687625625444e+00 1.281543416287431070e+00 1.819985261099421159e+00
1.807777828034775602e+00 1.880456629948156877e+00 -2.798528716565397367e+00 1.880456629948156877e+00 1.735161369737217851e-01 8.844411694146603331e-01 -2.798528716565397367e+00 8.844411694146603331e-01 -7.129110229583389469e+00
9.074290156221820336e-01 -5.016781000025815063e-01 7.480993480217106306e-01 -5.016781000025815063e-01 1.098947756322361746e+00 1.045067743808470784e+00 7.480993480217106306e-01 1.045067743808470784e+00 -1.826050836973021285e+00
-2.182451963752235269e+00 -7.869375871391516286e-01 -1.742904574279438901e+00 -7.869375871391516286e-01 -2.408410601403174756e+00 2.353054591128142525e-01 -1.742904574279438901e+00 2.353054591128142525e-01 -5.585396758674275652e+00
-1.631069150820506408e+00 -8.216389079648980243e-01 6.938591337112837154e-01 -8.216389079648980243e-01 -3.447983678243686789e+00 -2.522925607706660411e+00 6.938591337112837154e-01 -2.522925607706660411e+00 -4.373233173843402710e+00
6.030430829435641016e+00 -7.280879224138034900e-01 5.905599050181971066e-01 -7.280879224138034900e-01 2.608603097623172218e+00 -2.106809321318872663e-01 5.905599050181971066e-01 -2.106809321318872663e-01 -3.792176124664228265e+00
4.671659066301551977e-02 2.186461961996482906e+00 -6.313682507389004606e-01 2.186461961996482906e+00 4.048637826891861913e+00 -1.860591187932502999e+00 -6.313682507389004606e-01 -1.860591187932502999e+00 4.351617079284191725e+00
-2.075811147781110755e+00 6.178854799114252838e-01 -1.803423483644657210e-01 6.178854799114252838e-01 8.491910661778199199e-01 -8.329981847681268148e-01 -1.803423483644657210e-01 -8.329981847681268148e-01 -8.159364170388890614e+00
4.767801053006140988e-01 4.915143441250575673e-01 -1.318580966186660097e+00 4.915143441250575673e-01 5.214793982333194855e-02 1.087391272197292036e+00 -1.318580966186660097e+00 1.087391272197292036e+00 -1.221111159959167303e+00
-6.382189959909732480e+00 -1.590510295648718486e+00 -2.200205045708348628e+00 -1.590510295648718486e+00 -1.980519490820383255e-01 2.234580551821359062e-01 -2.200205045708348628e+00 2.234580551821359062e-01 5.332226296800500975e+00
-4.730791333672526577e-01 -2.782926907377212267e+00 6.260540323392352891e-01 -2.782926907377212267e+00 6.657019391170569678e-02 -2.904115911265110928e+00 6.260540323392352891e-01 -2.904115911265110928e+00 -5.094027535533532713e+00
2.123591847034332680e+00 -1.239796747702258006e+00 -2.421396750451466406e+00 -1.239796747702258006e+00 4.954692769423006737e+00 -2.485129524455322036e-01 -2.421396750451466406e+00 -2.485129524455322036e-01 7.152275773963306937e-01
-3.841849243333038399e-02 7.313006049525153651e-01 -1.757400356370206307e+00 7.313006049525153651e-01 5.513552808217773382e+00 -2.540549547944074060e+00 -1.757400356370206307e+00 -2.540549547944074060e+00 1.284120561551592488e+01
2.858851202979923567e+00 -2.126903959226950636e-01 -3.486867717872363936e-01 -2.126903959226950636e-01 1.231626303370436215e+00 1.746428549293782828e-01 -3.486867717872363936e-01 1.746428549293782828e-01 -3.202858771083409106e+00
-2.737947136857505903e+00 -5.959652165253642719e-01 -4.141178488003025709e-02 -5.959652165253642719e-01 -8.646261096885343278e+00 -3.151778050069688586e+00 -4.141178488003025709e-02 -3.151778050069688586e+00 -6.299252066317575505e+00
-4.425058423735705126e+00 6.035432517982206591e-01 -1.032473069054072656e+00 6.035432517982206591e-01 -4.345880124702305558e+00 2.709076830143439807e+00 -1.032473069054072656e+00 2.709076830143439807e+00 -6.010883310413319691e+00
3.735989807588285139e+00 -3.105392265203732904e+00 -1.886530626526689902e+00 -3.105392265203732904e+00 3.104672282585196008e+00 -1.100577685718891335e-01 -1.886530626526689902e+00 -1.100577685718891335e-01 5.407352862626249035e+00
1.298792971218197589e+00 2.151724127987777013e+00 2.265162389216124339e+00 2.151724127987777013e+00 1.187506200735790607e+00 -2.101335485398947434e+00 2.265162389216124339e+00 -2.101335485398947434e+00 1.927713828796012718e+00
-1.334878170737321679e-01 5.751106705772314198e-01 5.199895506562216552e-01 5.751106705772314198e-01 -2.513497200058624870e+00 -2.241743108767701553e+00 5.199895506562216552e-01 -2.241743108767701553e+00 -2.064767738863575897e+00
-4.588250425595203907e+00 -3.733335604264866880e-01 -1.370377823950782448e+00 -3.733335604264866880e-01 -6.212435859825230500e-01 -1.634061734808997413e+00 -1.370377823950782448e+00 -1.634061734808997413e+00 -1.430880934158989648e+00
8.599816799619256491e-01 7.024412620505154914e-01 1.453789665440302636e+00 7.024412620505154914e-01 -1.237752013112120464e+00 -1.171889151652045352e-01 1.453789665440302636e+00 -1.171889151652045352e-01 -2.152676448548062726e+00
-1.723069506803884599e+00 -1.974248795005377977e+00 3.038318387518857966e-01 -1.974248795005377977e+00 1.783701285169428052e+00 1.896423592478365006e+00 3.038318387518857966e-01 1.896423592478365006e+00 -4.341136237689561028e+00
-5.438318876832190618e+00 2.390713459514206551e+00 3.035858583069868555e+00 2.390713459514206551e+00 -2.417071622427498401e+00 -1.916587478830358737e+00 3.035858583069868555e+00 -1.916587478830358737e+00 -6.256095925830617688e+00
-1.895852015314334338e+00 1.359087151156176176e+00 2.367099956795703175e+00 1.359087151156176176e+00 -4.853883811038228302e+00 4.114328471928103248e+00 2.367099956795703175e+00 4.114328471928103248e+00 -3.231299365437161342e+00
-1.205853330913431609e+00 -8.444531673914985881e-02 2.676219198083317874e+00 -8.444531673914985881e-02 3.434778232026906242e+00 -1.447988813497775418e+00 2.676219198083317874e+00 -1.447988813497775418e+00 2.491678159937864123e+00
-2.432485263327043956e+00 4.687877759872690397e+00 2.117085555232808503e+00 4.687877759872690397e+00 3.755130366966362154e-01 2.260230780572956899e+00 2.117085555232808503e+00 2.260230780572956899e+00 -7.442589846573164358e+00
-4.716166731578975480e+00 -2.189192691335196894e+00 1.818753033408824216e+00 -2.189192691335196894e+00 -6.597009899481863116e+00 -3.927496111951521707e-01 1.818753033408824216e+00 -3.927496111951521707e-01 -4.123021014567429532e+00
1.452615295367934767e+00 -3.048614913080938127e+00 -1.616072039490398238e+00 -3.048614913080938127e+00 3.479279719954713634e+00 -1.832767043578611421e+00 -1.616072039490398238e+00 -1.832767043578611421e+00 -5.445657711663556277e+00
-4.871819878651572622e-01 1.315326035581797504e+00 1.555170066998255995e+00 1.315326035581797504e+00 1.131713343176484754e+00 -8.478050325704552526e-01 1.555170066998255995e+00 -8.478050325704552526e-01 -4.325493528608890803e-01
-4.849377822461085508e+00 3.044903656571514627e+00 -2.851355206259280628e+00 3.044903656571514627e+00 -1.025904699487559135e+01 -1.236045666126142750e+00 -2.851355206259280628e+00 -1.236045666126142750e+00 -4.280726793532388719e+00
-9.488110190910912234e-01 1.935484267812751957e+00 1.490687550763521996e-01 1.935484267812751957e+00 2.520762051455963881e+00 -3.204405231830515649e-02 1.490687550763521996e-01 -3.204405231830515649e-02 -3.950755434348363515e+00
5.578014974448107566e+00 2.383293731726737974e+00 -1.311249840645924425e-01 2.383293731726737974e+00 2.034387131495066114e+00 -2.608930473377196968e+00 -1.311249840645924425e-01 -2.608930473377196968e+00 -4.415970809355511117e-01
-3.587512108218173790e-01 2.972156316017281696e+00 -1.350014510900960363e-01 2.972156316017281696e+00 -8.688536333657772559e+00 1.209709405212718414e+00 -1.350014510900960363e-01 1.209709405212718414e+00 -1.219504317592802423e+01
-1.196221567436760935e+01 -3.484982906730933472e+00 -3.151033293546279257e-02 -3.484982906730933472e+00 -6.621436657006007920e+00 -3.472536733739138626e+00 -3.151033293546279257e-02 -3.472536733739138626e+00 -5.146978214277112329e+00
1.112166978230348047e+00 2.385156332308575156e+00 -9.084669050552418579e-01 2.385156332308575156e+00 -3.133069622396002618e+00 1.907561357129186064e+00 -9.084669050552418579e-01 1.907561357129186064e+00 -2.081518559577145044e+00
6.855259151724497180e+00 -6.513398318321020897e-01 -4.558487328003298700e+00 -6.513398318321020897e-01 1.295883730064018913e+00 3.481493007207008272e-01 -4.558487328003298700e+00 3.481493007207008272e-01 3.435361579024921674e+00
3.584614749553431512e+00 4.313563368746675231e+00 6.107092864385439412e-01 4.313563368746675231e+00 2.661552026339151666e+00 -1.997709744450306912e+00 6.107092864385439412e-01 -1.997709744450306912e+00 1.674057714240083206e+00
6.899691494438978667e-01 1.937346813315435679e+00 3.597056058037829018e+00 1.937346813315435679e+00 -8.059404100329865983e+00 5.824702361526734595e-01 3.597056058037829018e+00 5.824702361526734595e-01 -4.453392226568098522e+00
5.117986250806992876e-01 -5.103175285853181364e+00 -9.430846349066664969e-01 -5.103175285853181364e+00 6.039060458281037214e+00 -3.830473637270355169e+00 -9.430846349066664969e-01 -3.830473637270355169e+00 3.497365521081054585e+00
3.274236292538134752e+00 2.662474800915278217e-01 3.042182070325374799e+00 2.662474800915278217e-01 1.314099302297012661e+00 8.798034580154086015e-01 3.042182070325374799e+00 8.798034580154086015e-01 -5.135533278913152699e+00
-1.592092352083024798e+00 1.679600143552956615e+00 1.041454170777907029e+00 1.679600143552956615e+00 -4.137385701945319738e+00 4.905675289632210334e-01 1.041454170777907029e+00 4.905675289632210334e-01 -6.895673598352909828e+00
-4.234022102675818466e+00 1.224588888282184707e+00 6.144690442461621105e-01 1.224588888282184707e+00 -4.024310825454624485e+00 -2.478032517831957104e+00 6.144690442461621105e-01 -2.478032517831957104e+00 -4.894446778256335229e+00
-5.793725305802276182e+00 -2.025690227205047211e+00 -2.015779962856497409e+00 -2.025690227205047211e+00 -7.140919362618831645e-01 -3.519193659873594004e-01 -2.015779962856497409e+00 -3.519193659873594004e-01 -5.393633376600888596e+00
1.507987596390621077e+00 -7.840249162611798162e-02 -2.848544930315061396e+00 -7.840249162611798162e-02 -1.577368912781894686e-02 -6.229041294461266087e-01 -2.848544930315061396e+00 -6.229041294461266087e-01 7.147390822496148211e+00
2.945322032288125724e-01 -2.317164271755920879e+00 9.440027264724272227e-01 -2.317164271755920879e+00 -6.065770916041282490e+00 2.146759454444997939e+00 9.440027264724272227e-01 2.146759454444997939e+00 5.420985009882408612e-01
-9.107017638398883008e+00 -4.314411443712405259e+00 2.585462259139987395e+00 -4.314411443712405259e+00 -9.252932760587141203e+00 -4.618143344678522944e+00 2.585462259139987395e+00 -4.618143344678522944e+00 -5.264781063385534310e+00
-7.676727784609274075e-01 -5.557699205602490977e-01 -2.501255021112172905e+00 -5.557699205602490977e-01 -5.482891799462080940e+00 -2.871711941084033715e+00 -2.501255021112172905e+00 -2.871711941084033715e+00 1.182443676834359136e+00
4.443429369229680681e+00 1.003541147444728887e+00 3.723468247638319184e+00 1.003541147444728887e+00 -2.520818192514726164e+00 2.247032348329021545e+00 3.723468247638319184e+00 2.247032348329021545e+00 -7.333778189407876624e+00
-8.035871841334615295e-01 -9.405595350261142240e-01 -1.627024669943331281e+00 -9.405595350261142240e-01 5.106277451336671547e-01 -1.545192045929590641e-01 -1.627024669943331281e+00 -1.545192045929590641e-01 -4.018071417607078644e+00
-5.382906171589293409e-01 -2.656048297313646334e+00 -1.006349439000357338e+00 -2.656048297313646334e+00 3.788075685829532357e+00 -6.338960762619688660e-01 -1.006349439000357338e+00 -6.338960762619688660e-01 -1.246824943930785190e-01
4.221317981740522196e-01 -5.163048975312864997e-01 2.510176725301695555e+00 -5.163048975312864997e-01 -7.801985015107563370e+00 3.177980200037419767e+00 2.510176725301695555e+00 3.177980200037419767e+00 -2.680110850664475297e+00
-2.287386722149530094e+00 -2.606004516090385970e+00 -1.886522686388800274e+00 -2.606004516090385970e+00 3.485086455496630986e+00 1.721276932476507149e+00 -1.886522686388800274e+00 1.721276932476507149e+00 1.594991559567925377e+00
-1.097477570856896234e-01 8.532857521953876034e-01 -4.450517361191178717e-02 8.532857521953876034e-01 -1.285366709914268712e+00 3.275949314936647205e+00 -4.450517361191178717e-02 3.275949314936647205e+00 -4.035538828266394873e+00
-1.519746308403079782e+00 -2.339649143289819655e+00 -1.436103547063812824e+00 -2.339649143289819655e+00 1.202822389225032929e+00 2.160829707289949830e+00 -1.436103547063812824e+00 2.160829707289949830e+00 -3.857469152849722693e+00
-8.370034310931320221e-01 -3.234431305458640438e+00 -2.182635666136511166e+00 -3.234431305458640438e+00 3.404190500342302084e+00 8.173873557884689389e-02 -2.182635666136511166e+00 8.173873557884689389e-02 2.609693654218691261e+00
-1.523210406028302211e-01 1.100002700420034244e-04 2.066545739873773879e+00 1.100002700420034244e-04 1.330827267076174270e+00 -1.168796869304303154e+00 2.066545739873773879e+00 -1.168796869304303154e+00 -9.829184129873258513e+00
-3.299900473551690805e+00 -4.190813211526813298e+00 -3.449536384759647412e+00 -4.190813211526813298e+00 -8.766826068260465954e-01 -8.672318419303782777e-01 -3.449536384759647412e+00 -8.672318419303782777e-01 -3.911659353987817500e+00
3.943649846402159653e+00 6.811034526247808918e-01 -1.454723591019920548e+00 6.811034526247808918e-01 -3.837056275260129379e+00 1.552909466120850013e+00 -1.454723591019920548e+00 1.552909466120850013e+00 -2.944447219559508611e+00
-5.272512500543127700e+00 -2.265095649698478208e+00 -2.769010152569012728e+00 -2.265095649698478208e+00 -4.226559589457178134e+00 5.129264958700610055e-01 -2.769010152569012728e+00 5.129264958700610055e-01 6.674736278510984278e-02
3.570182382704321533e+00 4.629924367892947479e-01 8.740889507559769234e-01 4.629924367892947479e-01 8.060564720430184238e+00 -4.395849422575383580e-01 8.740889507559769234e-01 -4.395849422575383580e-01 9.264394028937859460e+00
8.079964441418279186e-01 2.011372643466200483e+00 3.465670650771144334e-01 2.011372643466200483e+00 1.099848383163555043e+00 5.438404340133061510e+00 3.465670650771144334e-01 5.438404340133061510e+00 5.890213810734348243e+00
4.980158558317886452e-01 -2.244894622094992798e-01 -8.254627515299788332e-01 -2.244894622094992798e-01 -2.122689264297020095e+00 1.310801446115847257e+00 -8.254627515299788332e-01 1.310801446115847257e+00 -1.514069433272652310e+00
-3.082755075592073180e+00 6.916019918810153433e-01 -6.448548596466485705e-01 6.916019918810153433e-01 -4.295667456007407736e+00 1.144768762751297464e+00 -6.448548596466485705e-01 1.144768762751297464e+00 -6.478925358627587450e+00
1.240034433736514563e+00 1.472003923650273827e-01 -7.678021425327460348e-01 1.472003923650273827e-01 -4.857032337788719900e+00 -1.782096877493384968e+00 -7.678021425327460348e-01 -1.782096877493384968e+00 -4.742565810193529074e+00
9.959329881701572962e-01 -5.794148125969167396e-02 1.561929096883606372e+00 -5.794148125969167396e-02 -3.007428840910059797e+00 -4.288039230210381469e-01 1.561929096883606372e+00 -4.288039230210381469e-01 -1.920256701484348127e+00
5.861073848377169604e-01 1.551687190803943128e+00 5.651206951153212588e-01 1.551687190803943128e+00 1.520111116852340016e+00 -2.376540093263566966e+00 5.651206951153212588e-01 -2.376540093263566966e+00 -6.446579943258654577e-01
-4.513298745104421528e-01 1.115852307508051089e+00 -8.108406539705520499e-02 1.115852307508051089e+00 7.856471484627526314e-01 -3.356309741778019662e-01 -8.108406539705520499e-02 -3.356309741778019662e-01 4.794228485632614500e+00
6.076448027037056887e-01 -3.299501121488138455e+00 -2.242559930484828712e+00 -3.299501121488138455e+00 -9.710869612627212599e-02 -3.185362445593806324e+00 -2.242559930484828712e+00 -3.185362445593806324e+00 1.280792379134362946e+00
2.850234738694462866e+00 1.026249471186063911e+00 7.086606905888050978e-01 1.026249471186063911e+00 -3.732101282471659953e+00 4.728109678604472399e-01 7.086606905888050978e-01 4.728109678604472399e-01 3.620036827160259651e+00
2.501620886963483947e+00 2.936112537216124085e+00 1.982729725840925328e+00 2.936112537216124085e+00 -2.731466818503543781e+00 2.359074610978716624e+00 1.982729725840925328e+00 2.359074610978716624e+00 1.829249222896157656e+00
2.982625609945135370e+00 -2.695930605282288450e+00 7.615342555897571808e-01 -2.695930605282288450e+00 1.127843669847572627e+01 1.162962682198383169e+00 7.615342555897571808e-01 1.162962682198383169e+00 1.128742860655962943e+01
2.682201299136669284e-02 -1.740846233181281510e+00 6.634902952133868714e-01 -1.740846233181281510e+00 5.179477093695282974e+00 8.760688529806653913e-01 6.634902952133868714e-01 8.760688529806653913e-01 -2.311496377116705414e+00
2.854399451302429558e+00 2.546832803538757517e+00 1.172010869735263583e+00 2.546832803538757517e+00 2.853802250395770512e-01 2.975500342004782084e+00 1.172010869735263583e+00 2.975500342004782084e+00 -1.954434046636140287e+00
-2.179390693148779423e-01 -1.939292249135997348e-01 -6.631081079136575962e-01 -1.939292249135997348e-01 3.666505249684467671e+00 -2.178581112653553031e+00 -6.631081079136575962e-01 -2.178581112653553031e+00 8.030475661441903057e+00
4.494915004544474790e+00 1.388868633212018366e+00 -6.720019708373471401e-01 1.388868633212018366e+00 2.046171641743350200e+00 8.570982213534209526e-01 -6.720019708373471401e-01 8.570982213534209526e-01 -3.404390344612802544e+00
3.700445989868445640e+00 -1.078529509439408507e+00 5.680582967820179130e-01 -1.078529509439408507e+00 3.694787612527478782e+00 1.212353453331381337e+00 5.680582967820179130e-01 1.212353453331381337e+00 8.407817564180959380e-01
-7.038048877958845040e+00 9.102788712336921939e-02 -1.576711515040875478e+00 9.102788712336921939e-02 -3.132143000840327485e+00 1.684920162316668468e-01 -1.576711515040875478e+00 1.684920162316668468e-01 -8.315832390167245958e-01
-1.066061161095603715e+01 1.462522184627836674e+00 -2.059075857228391260e-01 1.462522184627836674e+00 -1.086741519470035122e+01 1.519938461882713032e-01 -2.059075857228391260e-01 1.519938461882713032e-01 -4.173585935482336140e+00
-6.782519188158104839e+00 -8.295143327338045935e-01 -5.428513570931372545e-01 -8.295143327338045935e-01 -2.293502753280448836e+00 -2.888727212206461670e-01 -5.428513570931372545e-01 -2.888727212206461670e-01 -3.390509985851760444e+00
2.067700950657106185e-01 2.766253923753067223e+00 2.826490430165244927e+00 2.766253923753067223e+00 -1.776561646357286861e+00 -1.180582185318799215e+00 2.826490430165244927e+00 -1.180582185318799215e+00 -4.322641804610864114e+00
