-9.174052934177563401e+00 -3.202321891572006418e-01 -2.368575008938187884e-02 -3.202321891572007528e-01 -1.048885883101374006e+01 9.733802054422948657e-01 -2.368575008938193435e-02 9.733802054422947547e-01 -8.254854707110512280e+00
-9.201251349159599968e+00 -3.489287454881576656e-01 -5.801991138902354295e-02 -3.489287454881576656e-01 -1.050644306141166950e+01 9.949402499570777492e-01 -5.801991138902357764e-02 9.949402499570779712e-01 -8.227766737184195378e+00
-9.194894117089686958e+00 -3.752315959265654088e-01 -9.175845889628267416e-02 -3.752315959265654088e-01 -1.048713393299778929e+01 1.014372083423397131e+00 -9.175845889628266028e-02 1.014372083423397131e+00 -8.145189172810781031e+00
-9.179297477605501854e+00 -3.996093905650188738e-01 -1.242710630338184075e-01 -3.996093905650188738e-01 -1.045643667614620220e+01 1.029516950427549205e+00 -1.242710630338184075e-01 1.029516950427549427e+00 -8.057444869022388545e+00
-9.113861341503959324e+00 -4.215831735913312395e-01 -1.558885340988900026e-01 -4.215831735913312395e-01 -1.037551364169097390e+01 1.040021528341184887e+00 -1.558885340988900026e-01 1.040021528341184887e+00 -7.924153784029824621e+00
-9.066846522177094414e+00 -4.406283145357836051e-01 -1.851493417950718090e-01 -4.406283145357835496e-01 -1.031261753110603507e+01 1.049488015381448092e+00 -1.851493417950718090e-01 1.049488015381447648e+00 -7.787697560642025785e+00
-8.977580719719686186e+00 -4.600605864346472562e-01 -2.166198031685363512e-01 -4.600605864346471452e-01 -1.021035037106043220e+01 1.056980885973584305e+00 -2.166198031685363234e-01 1.056980885973584083e+00 -7.610076398035246825e+00
-8.910638400779077983e+00 -4.768150410386963189e-01 -2.464324403683739451e-01 -4.768150410386963189e-01 -1.013091296178611067e+01 1.062456428139568088e+00 -2.464324403683739451e-01 1.062456428139568310e+00 -7.436949943348234449e+00
-8.824308760349047986e+00 -4.904769817105968377e-01 -2.746956630557951251e-01 -4.904769817105968932e-01 -1.002971661072790077e+01 1.065681413266484023e+00 -2.746956630557950696e-01 1.065681413266484023e+00 -7.235755571058511748e+00
-8.676174746291227535e+00 -5.041590502202151214e-01 -3.045326217594191975e-01 -5.041590502202150104e-01 -9.871710943498372970e+00 1.068932380891742806e+00 -3.045326217594191420e-01 1.068932380891742806e+00 -6.984880621281558177e+00
-9.130783616629596366e+00 -1.993698837084681430e-01 -5.024416029764120495e-01 -1.993698837084681430e-01 -2.932704986271541969e+00 9.579224196403368641e-02 -5.024416029764120495e-01 9.579224196403368641e-02 -4.579134630160460517e+00
-9.121495907046069718e+00 -1.863140812138459612e-01 -4.558885045574389561e-01 -1.863140812138459612e-01 -2.861674996845020136e+00 1.592786296091371415e-02 -4.558885045574389561e-01 1.592786296091371415e-02 -4.571498484810006424e+00
-9.119798639179148125e+00 -1.716205174030285552e-01 -4.060909366338419368e-01 -1.716205174030285552e-01 -2.800232083955086715e+00 -6.500000962157218010e-02 -4.060909366338419368e-01 -6.500000962157218010e-02 -4.556276349146433091e+00
-9.077780194827862914e+00 -1.568260781193797637e-01 -3.573917597926451473e-01 -1.568260781193797637e-01 -2.705537046375892540e+00 -1.401336171712642409e-01 -3.573917597926451473e-01 -1.401336171712642409e-01 -4.515696852441613451e+00
-9.033673124906927754e+00 -1.428505663751745425e-01 -3.107340382607106100e-01 -1.428505663751745425e-01 -2.612969606807129530e+00 -2.110332150582800992e-01 -3.107340382607106100e-01 -2.110332150582800992e-01 -4.461410992904087713e+00
-8.933743351737678751e+00 -1.291622552191563911e-01 -2.661138327407420734e-01 -1.291622552191563911e-01 -2.472032832048244089e+00 -2.765772173582554672e-01 -2.661138327407420734e-01 -2.765772173582554672e-01 -4.367360851835811353e+00
-8.858871483802621682e+00 -1.132966334330888086e-01 -2.161764347157799082e-01 -1.132966334330888086e-01 -2.362397036433063757e+00 -3.418187995461918205e-01 -2.161764347157799082e-01 -3.418187995461918205e-01 -4.275220829272378786e+00
-8.767499060899671903e+00 -9.678283052784433793e-02 -1.663359085199644094e-01 -9.678283052784433793e-02 -2.246718498560482669e+00 -4.014447952230864591e-01 -1.663359085199644094e-01 -4.014447952230864591e-01 -4.179464288934673810e+00
-8.633363055912910866e+00 -8.149540830253228230e-02 -1.193284038322534463e-01 -8.149540830253228230e-02 -2.099952474790906187e+00 -4.513063417298486812e-01 -1.193284038322534463e-01 -4.513063417298486812e-01 -4.048328457951400061e+00
-8.490887907063031648e+00 -6.855988009492353097e-02 -7.679560415727437750e-02 -6.855988009492353097e-02 -1.949048913960342855e+00 -4.940735836877415688e-01 -7.679560415727437750e-02 -4.940735836877415688e-01 -3.896370732158317196e+00
-9.888948260612799857e+00 -7.965924657143562682e-01 -3.792610832366537232e-02 -7.965924657143562682e-01 -3.934194622081609527e+00 -7.077435812434101914e-01 -3.792610832366537232e-02 -7.077435812434101914e-01 -4.370461779358397081e+00
-9.846614850942485120e+00 -7.878867849176497407e-01 5.518227710861343428e-03 -7.878867849176497407e-01 -3.940821275622900632e+00 -6.666611426847656174e-01 5.518227710861343428e-03 -6.666611426847656174e-01 -4.282643526472321938e+00
-9.803595145030294944e+00 -7.776732155229524324e-01 4.920033848470727056e-02 -7.776732155229524324e-01 -3.948848394706457210e+00 -6.178354426160004298e-01 4.920033848470727056e-02 -6.178354426160004298e-01 -4.176685906719916908e+00
-9.712255509691619437e+00 -7.657101402641233179e-01 9.138997831545549178e-02 -7.657101402641233179e-01 -3.935189879463302454e+00 -5.550116383834609035e-01 9.138997831545549178e-02 -5.550116383834609035e-01 -4.054323035281965915e+00
-9.612540996563723183e+00 -7.517364661992025354e-01 1.321963131106043132e-01 -7.517364661992025354e-01 -3.923738714625709001e+00 -4.853173650408583173e-01 1.321963131106043132e-01 -4.853173650408583173e-01 -3.923372390310150060e+00
-9.441797583743561262e+00 -7.359898424061578348e-01 1.719428341909597646e-01 -7.359898424061578348e-01 -3.874962728627190600e+00 -3.997385434215794953e-01 1.719428341909597646e-01 -3.997385434215794953e-01 -3.753229805265911434e+00
-9.279687969156418248e+00 -7.171802381684503347e-01 2.138680339642796413e-01 -7.171802381684503347e-01 -3.838249025228611000e+00 -3.049935325737067604e-01 2.138680339642796413e-01 -3.049935325737067604e-01 -3.577058708853422697e+00
-9.157821729186414572e+00 -6.968080241430374411e-01 2.543242897482948517e-01 -6.968080241430374411e-01 -3.839345884505128037e+00 -2.027501608710509939e-01 2.543242897482948517e-01 -2.027501608710509939e-01 -3.443814326679301985e+00
-8.972868090751475734e+00 -6.731662948109318201e-01 2.956849873285080088e-01 -6.731662948109318201e-01 -3.799964985361823366e+00 -9.115716445377315680e-02 2.956849873285080088e-01 -9.115716445377315680e-02 -3.260177081959142242e+00
-8.764794423472936913e+00 -6.480826906318066793e-01 3.363406451970443189e-01 -6.480826906318066793e-01 -3.749926370066591463e+00 2.846843651195653940e-02 3.363406451970443189e-01 2.846843651195653940e-02 -3.058874072182104165e+00
-8.680764849373899139e+00 -9.448775893070423537e-01 -4.288026237871601226e-02 -9.448775893070423537e-01 -9.815217069158020280e+00 1.962703355265279281e+00 -4.288026237871601226e-02 1.962703355265279281e+00 -1.354966565622350139e+01
-8.674350853923218807e+00 -9.139000314396226177e-01 -2.743328206073970821e-02 -9.139000314396226177e-01 -9.743318504717722206e+00 1.929099893040968183e+00 -2.743328206073970821e-02 1.929099893040968183e+00 -1.352100696147156533e+01
-8.646917154543919182e+00 -8.826903947759878744e-01 -1.148101038204417217e-02 -8.826903947759878744e-01 -9.654049992273311176e+00 1.896155232293450510e+00 -1.148101038204417217e-02 1.896155232293450510e+00 -1.344405463046493665e+01
-8.600597287471979158e+00 -8.501097671720887483e-01 5.213183156392826346e-03 -8.501097671720887483e-01 -9.543060599330010163e+00 1.861800141206128467e+00 5.213183156392826346e-03 1.861800141206128467e+00 -1.335891016276508481e+01
-8.501931015185746787e+00 -8.153079883083123036e-01 2.297817025643781458e-02 -8.153079883083123036e-01 -9.381321230491943552e+00 1.827755042900478522e+00 2.297817025643781458e-02 1.827755042900478522e+00 -1.323192119496749619e+01
-8.409284912381249200e+00 -7.805386073699310812e-01 4.120846038498465064e-02 -7.805386073699310812e-01 -9.231212437582383856e+00 1.794986156526138021e+00 4.120846038498465064e-02 1.794986156526138021e+00 -1.308625668829984967e+01
-8.284681084013879371e+00 -7.416508975405026183e-01 6.166054330861982929e-02 -7.416508975405026183e-01 -9.045348259934289814e+00 1.759779715077719908e+00 6.166054330861982929e-02 1.759779715077719908e+00 -1.291785575188873736e+01
-8.164592093054981348e+00 -7.015080669337322439e-01 8.315146982450760671e-02 -7.015080669337322439e-01 -8.868000994167484663e+00 1.724886711273996953e+00 8.315146982450760671e-02 1.724886711273996953e+00 -1.273880517711456406e+01
-8.043051908983461118e+00 -6.615217393828114467e-01 1.054727736437983260e-01 -6.615217393828114467e-01 -8.692526950064840108e+00 1.691049258734842464e+00 1.054727736437983260e-01 1.691049258734842464e+00 -1.255223053664427191e+01
-7.874407010256334161e+00 -6.183713026183409456e-01 1.295548794562064732e-01 -6.183713026183409456e-01 -8.469410632487401003e+00 1.657240544946333216e+00 1.295548794562064732e-01 1.657240544946333216e+00 -1.232912824085172154e+01
-1.193199230942423839e+01 -2.805302922003408028e+00 5.220926550249910258e-01 -2.805302922003408028e+00 -1.733271109011866651e+00 -4.529838332447401195e-01 5.220926550249910258e-01 -4.529838332447401195e-01 -5.453718474686644946e+00
-1.193836396838323921e+01 -2.822549176493510004e+00 4.248018305370127035e-01 -2.822549176493510004e+00 -1.633002563830139309e+00 -4.792731118486364683e-01 4.248018305370127035e-01 -4.792731118486364683e-01 -5.383487875303920589e+00
-1.195728550589864447e+01 -2.837719928235332922e+00 3.218511773569892598e-01 -2.837719928235332922e+00 -1.539541957640615077e+00 -5.051722681892129030e-01 3.218511773569892598e-01 -5.051722681892129030e-01 -5.299343747796837256e+00
-1.194322453292521224e+01 -2.854792774195507477e+00 2.190487701161433209e-01 -2.854792774195507477e+00 -1.431510528793865866e+00 -5.219222014505086049e-01 2.190487701161433209e-01 -5.219222014505086049e-01 -5.204654674078245336e+00
-1.192409830249940939e+01 -2.870770079571266731e+00 1.188926465799108323e-01 -2.870770079571266731e+00 -1.327956581229137623e+00 -5.333326068748001081e-01 1.188926465799108323e-01 -5.333326068748001081e-01 -5.099889126101657233e+00
-1.186960408610461215e+01 -2.886990528176818671e+00 1.757299261216261135e-02 -2.886990528176818671e+00 -1.195869080542655505e+00 -5.379474788622395920e-01 1.757299261216261135e-02 -5.379474788622395920e-01 -4.960529492293919596e+00
-1.179203224026415242e+01 -2.903075234981391528e+00 -8.753337843615613401e-02 -2.903075234981391528e+00 -1.048663535507938782e+00 -5.360868076273466176e-01 -8.753337843615613401e-02 -5.360868076273466176e-01 -4.797356095094617245e+00
-1.172573686989971442e+01 -2.921100957845188972e+00 -1.952438619019448429e-01 -2.921100957845188972e+00 -9.232346400549770182e-01 -5.271182221775831955e-01 -1.952438619019448429e-01 -5.271182221775831955e-01 -4.653493549814949226e+00
-1.169341729733316271e+01 -2.935099672542079485e+00 -3.041689976143738816e-01 -2.935099672542079485e+00 -8.323583604831819027e-01 -5.163034920493458912e-01 -3.041689976143738816e-01 -5.163034920493458912e-01 -4.518574807509931901e+00
-1.162462381750836116e+01 -2.949946460517230751e+00 -4.112993574435450661e-01 -2.949946460517230751e+00 -7.246853524928955625e-01 -4.944343754738255159e-01 -4.112993574435450661e-01 -4.944343754738255159e-01 -4.368882207498415049e+00
