-1.725048535377994074e+00 3.645740402990536477e+00 1.222805832787900338e+00 3.645740402990536477e+00 -6.566009789442857070e+00 1.899541047877337796e+00 1.222805832787900338e+00 1.899541047877337796e+00 -7.801907986648114246e+00
-3.638214595073773872e+00 5.003344600178617263e+00 2.690915195342312494e+00 5.003344600178617263e+00 2.090346878392227215e+00 -6.195740846634273380e-01 2.690915195342312494e+00 -6.195740846634273380e-01 -1.939198303890657060e+00
1.490647806482662929e+00 4.361389913566497967e+00 -1.009258969050746524e+00 4.361389913566497967e+00 2.001858156427569480e+00 -4.784024918750598987e-01 -1.009258969050746524e+00 -4.784024918750598987e-01 -2.547839299443177552e+00
9.797643744799927390e+00 -3.350765142948689768e+00 2.058545680835716762e+00 -3.350765142948689768e+00 4.858652983934927505e+00 -1.311271702710011533e-01 2.058545680835716762e+00 -1.311271702710011533e-01 2.930480011275203189e+00
-2.801379298081843494e+00 -2.349882358056055498e+00 -6.507785962503266353e-01 -2.349882358056055498e+00 -3.662191834247711331e+00 9.338020970875524629e-01 -6.507785962503266353e-01 9.338020970875524629e-01 7.693326463864349485e-01
4.396618644701796086e+00 1.938675082548974915e+00 3.279812011374001468e+00 1.938675082548974915e+00 -9.971382451969280913e-02 1.709116484908238531e+00 3.279812011374001468e+00 1.709116484908238531e+00 8.086435732491631612e+00
-6.872996313041249472e+00 9.801891365858550476e-01 3.480376886655521806e-01 9.801891365858550476e-01 -4.441872476974100259e+00 7.400837180284722816e-01 3.480376886655521806e-01 7.400837180284722816e-01 2.040240598607542921e+00
-7.449455638285252590e+00 -1.095560367794810697e+00 -1.804503021306255173e+00 -1.095560367794810697e+00 -8.456135071517023150e+00 4.317409443952224257e-01 -1.804503021306255173e+00 4.317409443952224257e-01 -6.466564183919312647e+00
-1.540078593811703422e+00 3.513393262816289386e+00 2.547238970898569210e+00 3.513393262816289386e+00 5.447471641866297176e-01 2.900554451915831500e+00 2.547238970898569210e+00 2.900554451915831500e+00 -2.007171620935439549e+00
6.192419411619914271e+00 6.664087925848741767e-01 9.698316944099607539e-01 6.664087925848741767e-01 -1.696362202287811538e+00 4.575603287895504856e+00 9.698316944099607539e-01 4.575603287895504856e+00 -4.197042037666747660e+00
5.861149420313006786e+00 2.658123179963968852e+00 1.076842611807843353e+00 2.658123179963968852e+00 9.476508497319489910e-02 3.311251666880370870e+00 1.076842611807843353e+00 3.311251666880370870e+00 -9.553937946486973365e-01
-5.009247496571123115e+00 3.493753855937824948e+00 -4.790558325965431630e-01 3.493753855937824948e+00 -8.358158560930117886e+00 -6.525028748500053544e-01 -4.790558325965431630e-01 -6.525028748500053544e-01 -3.738319327656552282e+00
1.747338417243087250e-01 -1.757886596081334352e+00 3.149498052405074855e+00 -1.757886596081334352e+00 -2.389866212614160990e+00 2.536481454008423064e+00 3.149498052405074855e+00 2.536481454008423064e+00 -9.974473465338418166e+00
-1.484804055276896850e+00 7.828899403888452957e-01 -7.107493398180109168e-01 7.828899403888452957e-01 2.444357285193428542e+00 1.095501956800561283e+00 -7.107493398180109168e-01 1.095501956800561283e+00 2.451766676249429899e+00
-2.197284249715086180e+00 -2.288792899195674302e+00 6.592914139522244588e-01 -2.288792899195674302e+00 -9.673015562222035513e+00 -1.816038935023263301e+00 6.592914139522244588e-01 -1.816038935023263301e+00 -1.416200198979201685e+00
-6.297277415822016167e+00 -1.733332025164326717e+00 -2.968412035569060858e+00 -1.733332025164326717e+00 -1.870714195125167678e-01 4.590695699921315542e-01 -2.968412035569060858e+00 4.590695699921315542e-01 5.173866587155273145e+00
-2.429853071212619398e+00 1.043773801410399660e+00 -6.410120297568917547e-01 1.043773801410399660e+00 3.249139484538773548e+00 -1.914854670645335100e+00 -6.410120297568917547e-01 -1.914854670645335100e+00 3.528968022961783024e+00
1.858694588544042903e+00 -1.744828490380455621e-01 -8.607126720235669382e-01 -1.744828490380455621e-01 8.153716436387636879e-01 -2.003940622238822300e+00 -8.607126720235669382e-01 -2.003940622238822300e+00 -3.864689319589183825e+00
-5.414780241292687535e+00 -3.575263437897417518e+00 -1.738463526196804443e+00 -3.575263437897417518e+00 -6.563738645120074544e+00 1.270441197185392390e+00 -1.738463526196804443e+00 1.270441197185392390e+00 -3.450301513785977381e+00
-6.740346812711853985e+00 -2.145719649605570822e-01 4.075665432395533805e-01 -2.145719649605570822e-01 4.052845539066520786e-01 1.810689507510052421e+00 4.075665432395533805e-01 1.810689507510052421e+00 -7.393677922433935734e+00
-8.752983041688048971e+00 8.654880442456507339e-01 -4.466462819670168893e-01 8.654880442456507339e-01 -9.889346190447273699e+00 -3.726072846654631798e-03 -4.466462819670168893e-01 -3.726072846654631798e-03 -5.757153670874897600e+00
3.337007227253230734e+00 1.893833004046736879e-02 -2.153144176299169210e+00 1.893833004046736879e-02 3.625790519612186458e+00 8.711181977046330571e-01 -2.153144176299169210e+00 8.711181977046330571e-01 1.815253179361804747e+00
-1.830928906677829371e+00 1.099879662978513695e+00 2.442612862516802430e+00 1.099879662978513695e+00 3.492831276469526181e+00 2.711556198116005234e+00 2.442612862516802430e+00 2.711556198116005234e+00 -4.543799995007382186e+00
-4.143040512355362637e-01 -8.377835388238824565e-01 -3.891239204718198064e+00 -8.377835388238824565e-01 -2.652797317908071051e+00 -2.246394534594659653e+00 -3.891239204718198064e+00 -2.246394534594659653e+00 -6.368137214857230610e+00
6.824493538265922199e-01 -1.927858060595507794e+00 -5.297071717521896483e-04 -1.927858060595507794e+00 -3.639013663293634293e-01 1.749167687769639157e+00 -5.297071717521896483e-04 1.749167687769639157e+00 -3.432323417008807720e+00
2.465430789658980437e+00 3.532258961466176572e+00 -8.506815959427791451e-01 3.532258961466176572e+00 3.365566391468390872e-01 -6.011665728283891452e-01 -8.506815959427791451e-01 -6.011665728283891452e-01 -2.342283972052766838e+00
-7.967786774214077328e-01 -8.475570487959352306e+00 -4.359978406356246339e+00 -8.475570487959352306e+00 1.451868594265089518e+00 -1.057276741241577778e+00 -4.359978406356246339e+00 -1.057276741241577778e+00 8.390867648492542630e-01
-1.137497778405401450e+00 -4.133056040453405799e+00 -1.021674787490230774e+00 -4.133056040453405799e+00 -3.939874123087453439e-01 -9.384385519892909366e-01 -1.021674787490230774e+00 -9.384385519892909366e-01 2.423543773772276477e+00
3.012529835566408742e+00 -1.820560755169501332e+00 2.000106230981974598e+00 -1.820560755169501332e+00 -1.299583940076164845e+00 -2.178943570210166436e-01 2.000106230981974598e+00 -2.178943570210166436e-01 -2.282046796806065814e+00
8.372328924538873451e+00 1.297503354528448671e+00 -1.377444452005388786e+00 1.297503354528448671e+00 -1.384566947268919490e+00 4.393719845589275780e-02 -1.377444452005388786e+00 4.393719845589275780e-02 -1.009674863402898692e+00
8.153054940586834221e+00 -4.077707151515605588e+00 -9.453454369880960328e-01 -4.077707151515605588e+00 1.165782774056211935e+01 -3.078389420139127530e+00 -9.453454369880960328e-01 -3.078389420139127530e+00 -3.781855123219886483e+00
1.926848384427805705e+00 -1.296400322621600987e+00 -2.207097228886954365e+00 -1.296400322621600987e+00 -2.612228542941030796e+00 -2.047953207248156549e+00 -2.207097228886954365e+00 -2.047953207248156549e+00 -5.120316169348303248e+00
-5.760943033638029620e-01 -1.712381938596104991e+00 -1.263436173443302613e+00 -1.712381938596104991e+00 -5.495437615139661780e+00 1.763763927198687131e+00 -1.263436173443302613e+00 1.763763927198687131e+00 -3.358362841837855051e+00
-4.145322652006488084e+00 -1.755883283555052854e+00 1.744757559759296361e+00 -1.755883283555052854e+00 5.250802778877567967e-01 -9.834379102197664535e-01 1.744757559759296361e+00 -9.834379102197664535e-01 4.141384272571665193e+00
8.363253444125787084e+00 5.429149995384684679e+00 4.062713240981771001e+00 5.429149995384684679e+00 1.412489021371098885e-01 1.954207978974475068e+00 4.062713240981771001e+00 1.954207978974475068e+00 -3.531687800140979050e+00
-3.096584084551314842e-01 -1.142632996543838209e+00 2.176056578200173952e+00 -1.142632996543838209e+00 1.350139311482476678e+00 1.471539283484479155e+00 2.176056578200173952e+00 1.471539283484479155e+00 2.996805498122783629e+00
-8.887339980445098098e-01 -3.194151152389886672e+00 -1.109943660324047343e+00 -3.194151152389886672e+00 -3.739192290495479742e+00 -1.830688113377353154e+00 -1.109943660324047343e+00 -1.830688113377353154e+00 -4.086060174514409837e-01
7.417076185172634339e+00 5.722087839285071809e+00 3.005345900223141076e+00 5.722087839285071809e+00 2.863911787367390716e+00 -3.708149229165997429e+00 3.005345900223141076e+00 -3.708149229165997429e+00 8.896148116927901084e-01
-9.948160536202212967e+00 -9.167171653383180407e-01 -1.223030218826914206e+00 -9.167171653383180407e-01 -8.592590852290859615e+00 -1.301826236877818399e+00 -1.223030218826914206e+00 -1.301826236877818399e+00 -4.272099425768804082e+00
-2.828177394080873874e+00 -2.803460328496077736e+00 -4.282320171809395504e+00 -2.803460328496077736e+00 -5.564419449453981592e+00 3.387611557056557476e+00 -4.282320171809395504e+00 3.387611557056557476e+00 -6.642818008472419322e+00
1.417919313223748423e+00 -5.406311370632375990e+00 3.380056428398466206e+00 -5.406311370632375990e+00 -1.653022941548028202e+00 1.998528713973765525e+00 3.380056428398466206e+00 1.998528713973765525e+00 9.508728465968452781e+00
-8.835466226452014515e-01 -1.335759551699974290e+00 -8.015487342959949357e-01 -1.335759551699974290e+00 1.882642065460376157e+00 2.800173635214393553e-01 -8.015487342959949357e-01 2.800173635214393553e-01 2.187933069237653516e+00
3.948517899504826456e+00 -4.058563257678327929e+00 -3.201149838479532272e-01 -4.058563257678327929e+00 2.945475636126916541e+00 4.484337577922612006e+00 -3.201149838479532272e-01 4.484337577922612006e+00 -7.151390561595684758e+00
-5.924553210525981939e+00 2.315604201517226013e+00 -1.058953299564967310e+00 2.315604201517226013e+00 -8.701676846222278883e+00 2.186235539207253886e+00 -1.058953299564967310e+00 2.186235539207253886e+00 -1.785499465554692078e+00
-4.644670192824898791e+00 4.813022098161071072e-01 3.100062079377776225e+00 4.813022098161071072e-01 -8.037834822245391031e-01 -2.228503689704147916e+00 3.100062079377776225e+00 -2.228503689704147916e+00 -3.186945604975753188e+00
8.556026450305907360e+00 -8.088269235877706409e-01 -3.797001750471902248e+00 -8.088269235877706409e-01 -7.083761832558189975e-02 -3.156482109299644234e-01 -3.797001750471902248e+00 -3.156482109299644234e-01 -4.458224224993440288e+00
5.839017577968102835e+00 -2.045335165709951220e+00 -1.493810334054786582e+00 -2.045335165709951220e+00 -5.878872477256523454e-02 1.067296106299626457e+00 -1.493810334054786582e+00 1.067296106299626457e+00 -3.071025902924275464e+00
-1.999823501990493080e-01 1.259359699525344767e-01 1.947326974741469430e+00 1.259359699525344767e-01 4.075614163040067517e+00 -2.623134077772462547e+00 1.947326974741469430e+00 -2.623134077772462547e+00 -3.440686088640829698e+00
-2.734720001139691270e+00 -7.863868466282212255e-01 -2.416793134845727220e+00 -7.863868466282212255e-01 -5.626094355774403644e-01 1.705916097339352788e+00 -2.416793134845727220e+00 1.705916097339352788e+00 2.248593383090899123e-01
3.211423774261372432e-02 -1.392941417355354039e+00 -2.369074522690326479e+00 -1.392941417355354039e+00 -4.957723687439997029e+00 4.902970112825125959e+00 -2.369074522690326479e+00 4.902970112825125959e+00 -2.671783778837959478e+00
-5.616936159205776491e+00 4.063825092306189712e-01 1.463295197991715479e+00 4.063825092306189712e-01 6.243180734923661213e-01 -5.627677868584423315e+00 1.463295197991715479e+00 -5.627677868584423315e+00 -6.427139805389904481e+00
-1.364511837219020141e+00 -3.104966963029470506e+00 -4.939041987138937939e-01 -3.104966963029470506e+00 7.142024857884221589e-01 1.130417614539574789e+00 -4.939041987138937939e-01 1.130417614539574789e+00 2.452005169114457317e+00
2.632770175189979578e-01 -1.416485715913575305e+00 4.098449083094482526e-01 -1.416485715913575305e+00 1.044895153561082646e+00 -1.758505563457468945e-01 4.098449083094482526e-01 -1.758505563457468945e-01 4.097458474686781038e+00
-5.405570501692772645e+00 -2.740635655732957421e+00 -1.281617541255839710e+00 -2.740635655732957421e+00 -1.050643204175394985e+01 9.271837630135778552e-01 -1.281617541255839710e+00 9.271837630135778552e-01 -8.360833374943496210e+00
-2.220605198066743391e+00 -1.051726780685953377e+00 -4.093593850869212680e+00 -1.051726780685953377e+00 -2.710678429950766244e+00 8.769996716875824161e-01 -4.093593850869212680e+00 8.769996716875824161e-01 -9.120191931942108754e-01
-3.660733920801259589e-01 -2.057529358444467160e+00 -2.105653295843997519e+00 -2.057529358444467160e+00 6.607589976385240815e-01 6.544198660655022870e-01 -2.105653295843997519e+00 6.544198660655022870e-01 1.279626264339669639e+00
-6.671735982276635335e-01 2.030548333624317525e+00 2.008131324844388832e+00 2.030548333624317525e+00 -4.275965279313415079e-01 1.051307963205047269e+00 2.008131324844388832e+00 1.051307963205047269e+00 -4.459318923755840380e+00
4.261999144288729724e+00 1.315523964421563496e+00 -6.719640954259963550e+00 1.315523964421563496e+00 3.711400233703857854e+00 1.197977038726555810e+00 -6.719640954259963550e+00 1.197977038726555810e+00 -2.315252857375223350e+00
-7.453962163648735206e+00 2.787174955544810206e+00 9.122040681708530885e-01 2.787174955544810206e+00 -6.511861726169696496e+00 1.091573493555602958e+00 9.122040681708530885e-01 1.091573493555602958e+00 3.059776045993547022e+00
-4.746227418899085393e+00 -1.513906064087000347e+00 -2.299990415314689063e+00 -1.513906064087000347e+00 6.831610799133791545e-01 -3.932924753981690280e-01 -2.299990415314689063e+00 -3.932924753981690280e-01 2.477503022357753881e+00
-9.669623854249866923e+00 -6.472015031616458192e-01 1.727988250088980937e+00 -6.472015031616458192e-01 -5.527576585515158181e-01 1.270129322627198576e+00 1.727988250088980937e+00 1.270129322627198576e+00 -1.617435149804610006e+00
2.437559632419906919e+00 1.245568686722983376e+00 -2.862679699506236020e+00 1.245568686722983376e+00 -1.002839055105470972e-01 -2.947429143518955907e+00 -2.862679699506236020e+00 -2.947429143518955907e+00 4.745168649068057576e+00
3.271603167199724549e+00 2.632546563987907096e+00 2.472087728517463057e-01 2.632546563987907096e+00 -1.362822864452748917e+00 1.103273446713324502e+00 2.472087728517463057e-01 1.103273446713324502e+00 -5.733527563869531996e+00
2.252374190244048613e+00 -4.206245384554248012e+00 -1.862646446954715040e+00 -4.206245384554248012e+00 8.530721634331804637e+00 -3.260670633267831464e-01 -1.862646446954715040e+00 -3.260670633267831464e-01 -1.592265467938910328e+00
-6.532107016867062299e+00 -5.890308947553598351e+00 6.723372424478772924e-01 -5.890308947553598351e+00 1.279733241514328657e-01 -5.681749646714713720e+00 6.723372424478772924e-01 -5.681749646714713720e+00 -4.154018410571521436e+00
-2.594857551240957516e+00 9.504536352340602345e-01 -1.904089624338796360e+00 9.504536352340602345e-01 -9.337251555952847948e-01 -2.791248212454762734e-01 -1.904089624338796360e+00 -2.791248212454762734e-01 -3.132837289321121155e+00
-6.473165557631286759e+00 3.562029757369631788e+00 -5.735155881499507391e-01 3.562029757369631788e+00 -7.465832205312907810e+00 -2.942354151866808820e+00 -5.735155881499507391e-01 -2.942354151866808820e+00 -6.497324141876589465e+00
-1.916692430723948792e+00 -1.010667011701937623e+00 -3.175175556719228576e-02 -1.010667011701937623e+00 -3.999570268371948067e+00 7.308425148676783722e-01 -3.175175556719228576e-02 7.308425148676783722e-01 -1.922991456442642300e-01
1.239519386907795528e+01 2.630262550319015236e-01 -1.203766720385530009e+00 2.630262550319015236e-01 4.344482447028865657e+00 -1.953643149383537780e+00 -1.203766720385530009e+00 -1.953643149383537780e+00 6.734036533655553214e+00
-5.754826415313219812e+00 -1.171658992032195812e+00 8.559122963998473388e-01 -1.171658992032195812e+00 -1.043408214006213530e+00 -5.866538771841934619e+00 8.559122963998473388e-01 -5.866538771841934619e+00 -2.646611879657551292e+00
8.418650188277900792e-01 -2.221472039700695955e+00 -2.684562714253799220e-01 -2.221472039700695955e+00 -2.882781823638869145e+00 9.830678244617144790e-01 -2.684562714253799220e-01 9.830678244617144790e-01 1.533064184517354267e+00
7.737524510034594627e+00 -6.640287489894168615e+00 -6.510272986166534714e+00 -6.640287489894168615e+00 8.038798354476629271e+00 1.228412182597336200e+00 -6.510272986166534714e+00 1.228412182597336200e+00 3.849987909202969405e+00
-1.807625830972429126e+00 -2.489575537278545525e+00 -2.503187858612864414e+00 -2.489575537278545525e+00 3.523092567505755390e+00 -4.107150062054035766e-01 -2.503187858612864414e+00 -4.107150062054035766e-01 -6.578207936976886216e+00
-1.155310000447835606e+01 2.108017192837026599e+00 3.006065783721031170e+00 2.108017192837026599e+00 -8.873885543000666232e+00 3.136220676102292604e+00 3.006065783721031170e+00 3.136220676102292604e+00 -9.321203748592118643e+00
-8.615286057936646813e+00 3.102510883392980645e+00 9.737669966253753584e-01 3.102510883392980645e+00 -6.597650583396262647e+00 2.498352433832489616e+00 9.737669966253753584e-01 2.498352433832489616e+00 -7.979988616002923862e+00
1.925381144237802156e+00 -9.972558115615256513e-01 2.290401918856009633e+00 -9.972558115615256513e-01 6.212773906573457738e-01 -9.202899809690869848e-01 2.290401918856009633e+00 -9.202899809690869848e-01 -1.272051580506120771e+00
6.877214871278866326e+00 1.548242737660270985e+00 -1.148072777513979625e+00 1.548242737660270985e+00 5.333556018296543577e+00 2.230797441280055748e-01 -1.148072777513979625e+00 2.230797441280055748e-01 6.744258423829401217e-01
-4.222089818141158801e+00 -2.481095995422144984e+00 2.562138639276636098e+00 -2.481095995422144984e+00 -2.109186569128443267e+00 2.209705200880438536e+00 2.562138639276636098e+00 2.209705200880438536e+00 -3.733880503185274868e+00
-1.843594199468835404e+00 -2.836091236364863377e+00 7.599029946670365909e-01 -2.836091236364863377e+00 -8.926282645171553787e-01 6.634734927841073882e-02 7.599029946670365909e-01 6.634734927841073882e-02 -2.330006404298451628e+00
